unit,tra_meas,airp_pr\time	2017Q2 	2017Q1 	2017M07 	2017M06 	2017M05 	2017M04 	2017M03 	2017M02 	2017M01 	2016Q4 	2016Q3 	2016Q2 	2016Q1 	2016M12 	2016M11 	2016M10 	2016M09 	2016M08 	2016M07 	2016M06 	2016M05 	2016M04 	2016M03 	2016M02 	2016M01 	2016 	2015Q4 	2015Q3 	2015Q2 	2015Q1 	2015M12 	2015M11 	2015M10 	2015M09 	2015M08 	2015M07 	2015M06 	2015M05 	2015M04 	2015M03 	2015M02 	2015M01 	2015 	2014Q4 	2014Q3 	2014Q2 	2014Q1 	2014M12 	2014M11 	2014M10 	2014M09 	2014M08 	2014M07 	2014M06 	2014M05 	2014M04 	2014M03 	2014M02 	2014M01 	2014 	2013Q4 	2013Q3 	2013Q2 	2013Q1 	2013M12 	2013M11 	2013M10 	2013M09 	2013M08 	2013M07 	2013M06 	2013M05 	2013M04 	2013M03 	2013M02 	2013M01 	2013 	2012Q4 	2012Q3 	2012Q2 	2012Q1 	2012M12 	2012M11 	2012M10 	2012M09 	2012M08 	2012M07 	2012M06 	2012M05 	2012M04 	2012M03 	2012M02 	2012M01 	2012 	2011Q4 	2011Q3 	2011Q2 	2011Q1 	2011M12 	2011M11 	2011M10 	2011M09 	2011M08 	2011M07 	2011M06 	2011M05 	2011M04 	2011M03 	2011M02 	2011M01 	2011 	2010Q4 	2010Q3 	2010Q2 	2010Q1 	2010M12 	2010M11 	2010M10 	2010M09 	2010M08 	2010M07 	2010M06 	2010M05 	2010M04 	2010M03 	2010M02 	2010M01 	2010 	2009Q4 	2009Q3 	2009Q2 	2009Q1 	2009M12 	2009M11 	2009M10 	2009M09 	2009M08 	2009M07 	2009M06 	2009M05 	2009M04 	2009M03 	2009M02 	2009M01 	2009 	2008Q4 	2008Q3 	2008Q2 	2008Q1 	2008M12 	2008M11 	2008M10 	2008M09 	2008M08 	2008M07 	2008M06 	2008M05 	2008M04 	2008M03 	2008M02 	2008M01 	2008 	2007Q4 	2007Q3 	2007Q2 	2007Q1 	2007M12 	2007M11 	2007M10 	2007M09 	2007M08 	2007M07 	2007M06 	2007M05 	2007M04 	2007M03 	2007M02 	2007M01 	2007 	2006Q4 	2006Q3 	2006Q2 	2006Q1 	2006M12 	2006M11 	2006M10 	2006M09 	2006M08 	2006M07 	2006M06 	2006M05 	2006M04 	2006M03 	2006M02 	2006M01 	2006 	2005Q4 	2005Q3 	2005Q2 	2005Q1 	2005M12 	2005M11 	2005M10 	2005M09 	2005M08 	2005M07 	2005M06 	2005M05 	2005M04 	2005M03 	2005M02 	2005M01 	2005 	2004Q4 	2004Q3 	2004Q2 	2004Q1 	2004M12 	2004M11 	2004M10 	2004M09 	2004M08 	2004M07 	2004M06 	2004M05 	2004M04 	2004 	2003Q4 	2003Q3 	2003Q2 	2003Q1 	2003 	2002Q4 	2002Q3 	2002Q2 	2002Q1 	2002 	2001 
FLIGHT,CAF_PAS,SK_LZ99_AT_LO99	: 	: 	: 	: 	: 	: 	: 	: 	: 	: 	: 	: 	: 	: 	: 	: 	: 	: 	: 	: 	: 	: 	: 	: 	: 	: 	: 	: 	: 	: 	: 	: 	: 	: 	: 	: 	: 	: 	: 	: 	: 	: 	: 	: 	: 	: 	: 	: 	: 	: 	: 	: 	: 	: 	: 	: 	: 	: 	: 	: 	: 	: 	: 	: 	: 	: 	: 	: 	: 	: 	: 	: 	: 	: 	: 	: 	: 	: 	: 	: 	: 	: 	: 	: 	: 	: 	: 	: 	: 	: 	: 	: 	: 	: 	: 	: 	: 	: 	: 	: 	: 	: 	: 	: 	: 	: 	: 	: 	: 	: 	: 	: 	: 	: 	: 	: 	: 	: 	: 	: 	: 	: 	: 	: 	: 	: 	: 	: 	: 	: 	: 	: 	: 	: 	: 	: 	: 	: 	: 	: 	: 	: 	: 	: 	: 	: 	: 	: 	: 	: 	: 	: 	: 	: 	: 	: 	: 	: 	: 	: 	: 	: 	: 	: 	: 	: 	: 	: 	: 	: 	: 	: 	: 	: 	: 	: 	: 	: 	: 	: 	: 	: 	: 	: 	: 	: 	: 	: 	: 	: 	: 	: 	: 	: 	: 	: 	288 	334 	321 	262 	84 	90 	114 	111 	113 	110 	111 	110 	100 	102 	74 	86 	1205 	253 	270 	269 	218 	79 	88 	86 	88 	91 	91 	92 	96 	81 	1010 	: 	: 	: 	: 	: 	: 	: 	: 	: 	: 	: 
FLIGHT,CAF_PAS,SK_LZ99_BE_EB99	: 	: 	: 	: 	: 	: 	: 	: 	: 	: 	: 	: 	: 	: 	: 	: 	: 	: 	: 	: 	: 	: 	: 	: 	: 	: 	: 	: 	: 	: 	: 	: 	: 	: 	: 	: 	: 	: 	: 	: 	: 	: 	: 	: 	: 	: 	: 	: 	: 	: 	: 	: 	: 	: 	: 	: 	: 	: 	: 	: 	: 	: 	: 	: 	: 	: 	: 	: 	: 	: 	: 	: 	: 	: 	: 	: 	: 	: 	: 	: 	: 	: 	: 	: 	: 	: 	: 	: 	: 	: 	: 	: 	: 	: 	: 	: 	: 	: 	: 	: 	: 	: 	: 	: 	: 	: 	: 	: 	: 	: 	: 	: 	: 	: 	: 	: 	: 	: 	: 	: 	: 	: 	: 	: 	: 	: 	: 	: 	: 	: 	: 	: 	: 	: 	: 	: 	: 	: 	: 	: 	: 	: 	: 	: 	: 	: 	: 	: 	: 	: 	: 	: 	: 	: 	: 	: 	: 	: 	: 	: 	: 	: 	: 	: 	: 	: 	: 	: 	: 	: 	: 	: 	: 	: 	: 	: 	: 	: 	: 	: 	: 	: 	: 	: 	: 	: 	: 	: 	: 	: 	: 	: 	: 	: 	: 	: 	220 	205 	251 	160 	69 	81 	70 	79 	62 	64 	82 	87 	82 	65 	56 	39 	836 	: 	: 	: 	: 	: 	: 	: 	: 	: 	: 	: 	: 	: 	: 	: 	: 	: 	: 	: 	: 	: 	: 	: 	: 	: 
FLIGHT,CAF_PAS,SK_LZ99_BG_LB99	: 	: 	: 	: 	: 	: 	: 	: 	: 	: 	: 	: 	: 	: 	: 	: 	: 	: 	: 	: 	: 	: 	: 	: 	: 	: 	: 	: 	: 	: 	: 	: 	: 	: 	: 	: 	: 	: 	: 	: 	: 	: 	: 	: 	: 	: 	: 	: 	: 	: 	: 	: 	: 	: 	: 	: 	: 	: 	: 	: 	: 	: 	: 	: 	: 	: 	: 	: 	: 	: 	: 	: 	: 	: 	: 	: 	: 	: 	: 	: 	: 	: 	: 	: 	: 	: 	: 	: 	: 	: 	: 	: 	: 	: 	: 	: 	: 	: 	: 	: 	: 	: 	: 	: 	: 	: 	: 	: 	: 	: 	: 	: 	: 	: 	: 	: 	: 	: 	: 	: 	: 	: 	: 	: 	: 	: 	: 	: 	: 	: 	: 	: 	: 	: 	: 	: 	: 	: 	: 	: 	: 	: 	: 	: 	: 	: 	: 	: 	: 	: 	: 	: 	: 	: 	: 	: 	: 	: 	: 	: 	: 	: 	: 	: 	: 	: 	: 	: 	: 	: 	: 	: 	: 	: 	: 	: 	: 	: 	: 	: 	: 	: 	: 	: 	: 	: 	: 	: 	: 	: 	: 	: 	: 	: 	: 	: 	21 	304 	44 	: 	21 	: 	: 	46 	135 	123 	44 	: 	: 	: 	: 	: 	369 	1 	246 	45 	7 	: 	1 	: 	28 	107 	111 	44 	1 	: 	299 	3 	207 	30 	3 	243 	6 	148 	21 	16 	191 	: 
FLIGHT,CAF_PAS,SK_LZ99_CZ_LK99	: 	: 	: 	: 	: 	: 	: 	: 	: 	: 	: 	: 	: 	: 	: 	: 	: 	: 	: 	: 	: 	: 	: 	: 	: 	: 	: 	: 	: 	: 	: 	: 	: 	: 	: 	: 	: 	: 	: 	: 	: 	: 	: 	: 	: 	: 	: 	: 	: 	: 	: 	: 	: 	: 	: 	: 	: 	: 	: 	: 	: 	: 	: 	: 	: 	: 	: 	: 	: 	: 	: 	: 	: 	: 	: 	: 	: 	: 	: 	: 	: 	: 	: 	: 	: 	: 	: 	: 	: 	: 	: 	: 	: 	: 	: 	: 	: 	: 	: 	: 	: 	: 	: 	: 	: 	: 	: 	: 	: 	: 	: 	: 	: 	: 	: 	: 	: 	: 	: 	: 	: 	: 	: 	: 	: 	: 	: 	: 	: 	: 	: 	: 	: 	: 	: 	: 	: 	: 	: 	: 	: 	: 	: 	: 	: 	: 	: 	: 	: 	: 	: 	: 	: 	: 	: 	: 	: 	: 	: 	: 	: 	: 	: 	: 	: 	: 	: 	: 	: 	: 	: 	: 	: 	: 	: 	: 	: 	: 	: 	: 	: 	: 	: 	: 	: 	: 	: 	: 	: 	: 	: 	: 	: 	: 	: 	: 	1327 	1474 	1432 	1325 	393 	430 	504 	498 	497 	479 	488 	488 	456 	476 	404 	445 	5558 	1425 	1473 	1418 	1376 	432 	494 	499 	497 	493 	483 	470 	490 	458 	5692 	1341 	1412 	1334 	1145 	5232 	1146 	1248 	1135 	1079 	4608 	: 
FLIGHT,CAF_PAS,SK_LZ99_DE_ED99	: 	: 	: 	: 	: 	: 	: 	: 	: 	: 	: 	: 	: 	: 	: 	: 	: 	: 	: 	: 	: 	: 	: 	: 	: 	: 	: 	: 	: 	: 	: 	: 	: 	: 	: 	: 	: 	: 	: 	: 	: 	: 	: 	: 	: 	: 	: 	: 	: 	: 	: 	: 	: 	: 	: 	: 	: 	: 	: 	: 	: 	: 	: 	: 	: 	: 	: 	: 	: 	: 	: 	: 	: 	: 	: 	: 	: 	: 	: 	: 	: 	: 	: 	: 	: 	: 	: 	: 	: 	: 	: 	: 	: 	: 	: 	: 	: 	: 	: 	: 	: 	: 	: 	: 	: 	: 	: 	: 	: 	: 	: 	: 	: 	: 	: 	: 	: 	: 	: 	: 	: 	: 	: 	: 	: 	: 	: 	: 	: 	: 	: 	: 	: 	: 	: 	: 	: 	: 	: 	: 	: 	: 	: 	: 	: 	: 	: 	: 	: 	: 	: 	: 	: 	: 	: 	: 	: 	: 	: 	: 	: 	: 	: 	: 	: 	: 	: 	: 	: 	: 	: 	: 	: 	: 	: 	: 	: 	: 	: 	: 	: 	: 	: 	: 	: 	: 	: 	: 	: 	: 	: 	: 	: 	: 	: 	: 	862 	808 	860 	793 	270 	309 	283 	267 	274 	267 	287 	279 	294 	300 	248 	245 	3323 	744 	632 	531 	345 	287 	237 	220 	211 	209 	212 	213 	211 	107 	2252 	: 	: 	: 	: 	: 	: 	: 	: 	: 	: 	: 
FLIGHT,CAF_PAS,SK_LZ99_EG_HE99	: 	: 	: 	: 	: 	: 	: 	: 	: 	: 	: 	: 	: 	: 	: 	: 	: 	: 	: 	: 	: 	: 	: 	: 	: 	: 	: 	: 	: 	: 	: 	: 	: 	: 	: 	: 	: 	: 	: 	: 	: 	: 	: 	: 	: 	: 	: 	: 	: 	: 	: 	: 	: 	: 	: 	: 	: 	: 	: 	: 	: 	: 	: 	: 	: 	: 	: 	: 	: 	: 	: 	: 	: 	: 	: 	: 	: 	: 	: 	: 	: 	: 	: 	: 	: 	: 	: 	: 	: 	: 	: 	: 	: 	: 	: 	: 	: 	: 	: 	: 	: 	: 	: 	: 	: 	: 	: 	: 	: 	: 	: 	: 	: 	: 	: 	: 	: 	: 	: 	: 	: 	: 	: 	: 	: 	: 	: 	: 	: 	: 	: 	: 	: 	: 	: 	: 	: 	: 	: 	: 	: 	: 	: 	: 	: 	: 	: 	: 	: 	: 	: 	: 	: 	: 	: 	: 	: 	: 	: 	: 	: 	: 	: 	: 	: 	: 	: 	: 	: 	: 	: 	: 	: 	: 	: 	: 	: 	: 	: 	: 	: 	: 	: 	: 	: 	: 	: 	: 	: 	: 	: 	: 	: 	: 	: 	: 	99 	330 	293 	41 	18 	17 	64 	87 	110 	133 	139 	115 	39 	21 	8 	12 	763 	209 	472 	293 	40 	26 	42 	141 	151 	159 	162 	165 	102 	26 	1014 	141 	182 	69 	31 	423 	82 	122 	65 	1 	270 	: 
FLIGHT,CAF_PAS,SK_LZ99_EL_LG99	: 	: 	: 	: 	: 	: 	: 	: 	: 	: 	: 	: 	: 	: 	: 	: 	: 	: 	: 	: 	: 	: 	: 	: 	: 	: 	: 	: 	: 	: 	: 	: 	: 	: 	: 	: 	: 	: 	: 	: 	: 	: 	: 	: 	: 	: 	: 	: 	: 	: 	: 	: 	: 	: 	: 	: 	: 	: 	: 	: 	: 	: 	: 	: 	: 	: 	: 	: 	: 	: 	: 	: 	: 	: 	: 	: 	: 	: 	: 	: 	: 	: 	: 	: 	: 	: 	: 	: 	: 	: 	: 	: 	: 	: 	: 	: 	: 	: 	: 	: 	: 	: 	: 	: 	: 	: 	: 	: 	: 	: 	: 	: 	: 	: 	: 	: 	: 	: 	: 	: 	: 	: 	: 	: 	: 	: 	: 	: 	: 	: 	: 	: 	: 	: 	: 	: 	: 	: 	: 	: 	: 	: 	: 	: 	: 	: 	: 	: 	: 	: 	: 	: 	: 	: 	: 	: 	: 	: 	: 	: 	: 	: 	: 	: 	: 	: 	: 	: 	: 	: 	: 	: 	: 	: 	: 	: 	: 	: 	: 	: 	: 	: 	: 	: 	: 	: 	: 	: 	: 	: 	: 	: 	: 	: 	: 	: 	14 	746 	193 	2 	1 	: 	13 	209 	265 	272 	184 	9 	: 	: 	: 	2 	955 	19 	698 	187 	6 	6 	1 	12 	188 	261 	249 	176 	11 	: 	910 	18 	592 	144 	7 	761 	30 	442 	125 	: 	597 	: 
FLIGHT,CAF_PAS,SK_LZ99_ES_LE99	: 	: 	: 	: 	: 	: 	: 	: 	: 	: 	: 	: 	: 	: 	: 	: 	: 	: 	: 	: 	: 	: 	: 	: 	: 	: 	: 	: 	: 	: 	: 	: 	: 	: 	: 	: 	: 	: 	: 	: 	: 	: 	: 	: 	: 	: 	: 	: 	: 	: 	: 	: 	: 	: 	: 	: 	: 	: 	: 	: 	: 	: 	: 	: 	: 	: 	: 	: 	: 	: 	: 	: 	: 	: 	: 	: 	: 	: 	: 	: 	: 	: 	: 	: 	: 	: 	: 	: 	: 	: 	: 	: 	: 	: 	: 	: 	: 	: 	: 	: 	: 	: 	: 	: 	: 	: 	: 	: 	: 	: 	: 	: 	: 	: 	: 	: 	: 	: 	: 	: 	: 	: 	: 	: 	: 	: 	: 	: 	: 	: 	: 	: 	: 	: 	: 	: 	: 	: 	: 	: 	: 	: 	: 	: 	: 	: 	: 	: 	: 	: 	: 	: 	: 	: 	: 	: 	: 	: 	: 	: 	: 	: 	: 	: 	: 	: 	: 	: 	: 	: 	: 	: 	: 	: 	: 	: 	: 	: 	: 	: 	: 	: 	: 	: 	: 	: 	: 	: 	: 	: 	: 	: 	: 	: 	: 	: 	80 	213 	95 	54 	20 	28 	32 	62 	78 	73 	57 	20 	18 	20 	16 	18 	442 	54 	175 	81 	4 	16 	18 	20 	42 	66 	67 	47 	20 	14 	314 	: 	: 	: 	: 	: 	: 	: 	: 	: 	: 	: 
FLIGHT,CAF_PAS,SK_LZ99_FR_LF99	: 	: 	: 	: 	: 	: 	: 	: 	: 	: 	: 	: 	: 	: 	: 	: 	: 	: 	: 	: 	: 	: 	: 	: 	: 	: 	: 	: 	: 	: 	: 	: 	: 	: 	: 	: 	: 	: 	: 	: 	: 	: 	: 	: 	: 	: 	: 	: 	: 	: 	: 	: 	: 	: 	: 	: 	: 	: 	: 	: 	: 	: 	: 	: 	: 	: 	: 	: 	: 	: 	: 	: 	: 	: 	: 	: 	: 	: 	: 	: 	: 	: 	: 	: 	: 	: 	: 	: 	: 	: 	: 	: 	: 	: 	: 	: 	: 	: 	: 	: 	: 	: 	: 	: 	: 	: 	: 	: 	: 	: 	: 	: 	: 	: 	: 	: 	: 	: 	: 	: 	: 	: 	: 	: 	: 	: 	: 	: 	: 	: 	: 	: 	: 	: 	: 	: 	: 	: 	: 	: 	: 	: 	: 	: 	: 	: 	: 	: 	: 	: 	: 	: 	: 	: 	: 	: 	: 	: 	: 	: 	: 	: 	: 	: 	: 	: 	: 	: 	: 	: 	: 	: 	: 	: 	: 	: 	: 	: 	: 	: 	: 	: 	: 	: 	: 	: 	: 	: 	: 	: 	: 	: 	: 	: 	: 	: 	436 	335 	405 	226 	138 	154 	144 	126 	103 	106 	128 	155 	122 	82 	72 	72 	1402 	391 	427 	378 	138 	94 	134 	163 	146 	137 	144 	148 	164 	66 	1334 	167 	63 	22 	8 	260 	: 	: 	: 	: 	: 	: 
FLIGHT,CAF_PAS,SK_LZ99_HR_LD99	: 	: 	: 	: 	: 	: 	: 	: 	: 	: 	: 	: 	: 	: 	: 	: 	: 	: 	: 	: 	: 	: 	: 	: 	: 	: 	: 	: 	: 	: 	: 	: 	: 	: 	: 	: 	: 	: 	: 	: 	: 	: 	: 	: 	: 	: 	: 	: 	: 	: 	: 	: 	: 	: 	: 	: 	: 	: 	: 	: 	: 	: 	: 	: 	: 	: 	: 	: 	: 	: 	: 	: 	: 	: 	: 	: 	: 	: 	: 	: 	: 	: 	: 	: 	: 	: 	: 	: 	: 	: 	: 	: 	: 	: 	: 	: 	: 	: 	: 	: 	: 	: 	: 	: 	: 	: 	: 	: 	: 	: 	: 	: 	: 	: 	: 	: 	: 	: 	: 	: 	: 	: 	: 	: 	: 	: 	: 	: 	: 	: 	: 	: 	: 	: 	: 	: 	: 	: 	: 	: 	: 	: 	: 	: 	: 	: 	: 	: 	: 	: 	: 	: 	: 	: 	: 	: 	: 	: 	: 	: 	: 	: 	: 	: 	: 	: 	: 	: 	: 	: 	: 	: 	: 	: 	: 	: 	: 	: 	: 	: 	: 	: 	: 	: 	: 	: 	: 	: 	: 	: 	: 	: 	: 	: 	: 	: 	10 	268 	118 	2 	6 	3 	1 	60 	105 	103 	71 	47 	: 	: 	: 	2 	398 	: 	: 	: 	: 	: 	: 	: 	: 	: 	: 	: 	: 	: 	: 	: 	: 	: 	: 	: 	: 	: 	: 	: 	: 	: 
FLIGHT,CAF_PAS,SK_LZ99_IN_VI99	: 	: 	: 	: 	: 	: 	: 	: 	: 	: 	: 	: 	: 	: 	: 	: 	: 	: 	: 	: 	: 	: 	: 	: 	: 	: 	: 	: 	: 	: 	: 	: 	: 	: 	: 	: 	: 	: 	: 	: 	: 	: 	: 	: 	: 	: 	: 	: 	: 	: 	: 	: 	: 	: 	: 	: 	: 	: 	: 	: 	: 	: 	: 	: 	: 	: 	: 	: 	: 	: 	: 	: 	: 	: 	: 	: 	: 	: 	: 	: 	: 	: 	: 	: 	: 	: 	: 	: 	: 	: 	: 	: 	: 	: 	: 	: 	: 	: 	: 	: 	: 	: 	: 	: 	: 	: 	: 	: 	: 	: 	: 	: 	: 	: 	: 	: 	: 	: 	: 	: 	: 	: 	: 	: 	: 	: 	: 	: 	: 	: 	: 	: 	: 	: 	: 	: 	: 	: 	: 	: 	: 	: 	: 	: 	: 	: 	: 	: 	: 	: 	: 	: 	: 	: 	: 	: 	: 	: 	: 	: 	: 	: 	: 	: 	: 	: 	: 	: 	: 	: 	: 	: 	: 	: 	: 	: 	: 	: 	: 	: 	: 	: 	: 	: 	: 	: 	: 	: 	: 	: 	: 	: 	: 	: 	: 	: 	65 	72 	65 	92 	19 	20 	26 	18 	31 	23 	13 	15 	37 	40 	33 	19 	294 	: 	: 	: 	: 	: 	: 	: 	: 	: 	: 	: 	: 	: 	: 	: 	: 	: 	: 	: 	: 	: 	: 	: 	: 	: 
FLIGHT,CAF_PAS,SK_LZ99_IT_LI99	: 	: 	: 	: 	: 	: 	: 	: 	: 	: 	: 	: 	: 	: 	: 	: 	: 	: 	: 	: 	: 	: 	: 	: 	: 	: 	: 	: 	: 	: 	: 	: 	: 	: 	: 	: 	: 	: 	: 	: 	: 	: 	: 	: 	: 	: 	: 	: 	: 	: 	: 	: 	: 	: 	: 	: 	: 	: 	: 	: 	: 	: 	: 	: 	: 	: 	: 	: 	: 	: 	: 	: 	: 	: 	: 	: 	: 	: 	: 	: 	: 	: 	: 	: 	: 	: 	: 	: 	: 	: 	: 	: 	: 	: 	: 	: 	: 	: 	: 	: 	: 	: 	: 	: 	: 	: 	: 	: 	: 	: 	: 	: 	: 	: 	: 	: 	: 	: 	: 	: 	: 	: 	: 	: 	: 	: 	: 	: 	: 	: 	: 	: 	: 	: 	: 	: 	: 	: 	: 	: 	: 	: 	: 	: 	: 	: 	: 	: 	: 	: 	: 	: 	: 	: 	: 	: 	: 	: 	: 	: 	: 	: 	: 	: 	: 	: 	: 	: 	: 	: 	: 	: 	: 	: 	: 	: 	: 	: 	: 	: 	: 	: 	: 	: 	: 	: 	: 	: 	: 	: 	: 	: 	: 	: 	: 	: 	565 	455 	441 	452 	179 	188 	198 	154 	152 	149 	139 	152 	150 	167 	152 	133 	1913 	485 	452 	520 	290 	127 	158 	200 	192 	132 	128 	168 	188 	164 	1747 	: 	: 	: 	: 	: 	: 	: 	: 	: 	: 	: 
FLIGHT,CAF_PAS,SK_LZ99_NL_EH99	: 	: 	: 	: 	: 	: 	: 	: 	: 	: 	: 	: 	: 	: 	: 	: 	: 	: 	: 	: 	: 	: 	: 	: 	: 	: 	: 	: 	: 	: 	: 	: 	: 	: 	: 	: 	: 	: 	: 	: 	: 	: 	: 	: 	: 	: 	: 	: 	: 	: 	: 	: 	: 	: 	: 	: 	: 	: 	: 	: 	: 	: 	: 	: 	: 	: 	: 	: 	: 	: 	: 	: 	: 	: 	: 	: 	: 	: 	: 	: 	: 	: 	: 	: 	: 	: 	: 	: 	: 	: 	: 	: 	: 	: 	: 	: 	: 	: 	: 	: 	: 	: 	: 	: 	: 	: 	: 	: 	: 	: 	: 	: 	: 	: 	: 	: 	: 	: 	: 	: 	: 	: 	: 	: 	: 	: 	: 	: 	: 	: 	: 	: 	: 	: 	: 	: 	: 	: 	: 	: 	: 	: 	: 	: 	: 	: 	: 	: 	: 	: 	: 	: 	: 	: 	: 	: 	: 	: 	: 	: 	: 	: 	: 	: 	: 	: 	: 	: 	: 	: 	: 	: 	: 	: 	: 	: 	: 	: 	: 	: 	: 	: 	: 	: 	: 	: 	: 	: 	: 	: 	: 	: 	: 	: 	: 	: 	163 	164 	183 	123 	47 	52 	64 	56 	56 	52 	61 	61 	61 	45 	39 	39 	633 	122 	106 	107 	10 	44 	42 	36 	36 	36 	34 	36 	37 	34 	345 	: 	: 	: 	: 	: 	: 	: 	: 	: 	: 	: 
FLIGHT,CAF_PAS,SK_LZ99_RU_UU99	: 	: 	: 	: 	: 	: 	: 	: 	: 	: 	: 	: 	: 	: 	: 	: 	: 	: 	: 	: 	: 	: 	: 	: 	: 	: 	: 	: 	: 	: 	: 	: 	: 	: 	: 	: 	: 	: 	: 	: 	: 	: 	: 	: 	: 	: 	: 	: 	: 	: 	: 	: 	: 	: 	: 	: 	: 	: 	: 	: 	: 	: 	: 	: 	: 	: 	: 	: 	: 	: 	: 	: 	: 	: 	: 	: 	: 	: 	: 	: 	: 	: 	: 	: 	: 	: 	: 	: 	: 	: 	: 	: 	: 	: 	: 	: 	: 	: 	: 	: 	: 	: 	: 	: 	: 	: 	: 	: 	: 	: 	: 	: 	: 	: 	: 	: 	: 	: 	: 	: 	: 	: 	: 	: 	: 	: 	: 	: 	: 	: 	: 	: 	: 	: 	: 	: 	: 	: 	: 	: 	: 	: 	: 	: 	: 	: 	: 	: 	: 	: 	: 	: 	: 	: 	: 	: 	: 	: 	: 	: 	: 	: 	: 	: 	: 	: 	: 	: 	: 	: 	: 	: 	: 	: 	: 	: 	: 	: 	: 	: 	: 	: 	: 	: 	: 	: 	: 	: 	: 	: 	: 	: 	: 	: 	: 	: 	120 	113 	155 	102 	37 	37 	46 	37 	38 	38 	48 	54 	53 	33 	35 	34 	490 	107 	112 	111 	110 	34 	36 	37 	38 	38 	36 	36 	38 	37 	440 	102 	86 	80 	82 	350 	85 	90 	86 	88 	349 	: 
FLIGHT,CAF_PAS,SK_LZ99_SK_LZ99	: 	: 	: 	: 	: 	: 	: 	: 	: 	: 	: 	: 	: 	: 	: 	: 	: 	: 	: 	: 	: 	: 	: 	: 	: 	: 	: 	: 	: 	: 	: 	: 	: 	: 	: 	: 	: 	: 	: 	: 	: 	: 	: 	: 	: 	: 	: 	: 	: 	: 	: 	: 	: 	: 	: 	: 	: 	: 	: 	: 	: 	: 	: 	: 	: 	: 	: 	: 	: 	: 	: 	: 	: 	: 	: 	: 	: 	: 	: 	: 	: 	: 	: 	: 	: 	: 	: 	: 	: 	: 	: 	: 	: 	: 	: 	: 	: 	: 	: 	: 	: 	: 	: 	: 	: 	: 	: 	: 	: 	: 	: 	: 	: 	: 	: 	: 	: 	: 	: 	: 	: 	: 	: 	: 	: 	: 	: 	: 	: 	: 	: 	: 	: 	: 	: 	: 	: 	: 	: 	: 	: 	: 	: 	: 	: 	: 	: 	: 	: 	: 	: 	: 	: 	: 	: 	: 	: 	: 	: 	: 	: 	: 	: 	: 	: 	: 	: 	: 	: 	: 	: 	: 	: 	: 	: 	: 	: 	: 	: 	: 	: 	: 	: 	: 	: 	: 	: 	: 	: 	: 	: 	: 	: 	: 	: 	: 	839 	1114 	1172 	1087 	220 	246 	373 	385 	377 	352 	399 	396 	377 	418 	364 	305 	4212 	869 	927 	923 	1016 	259 	303 	307 	311 	307 	309 	318 	304 	301 	3735 	1031 	937 	896 	672 	3536 	836 	738 	1198 	856 	3628 	: 
FLIGHT,CAF_PAS,SK_LZ99_TN_DT99	: 	: 	: 	: 	: 	: 	: 	: 	: 	: 	: 	: 	: 	: 	: 	: 	: 	: 	: 	: 	: 	: 	: 	: 	: 	: 	: 	: 	: 	: 	: 	: 	: 	: 	: 	: 	: 	: 	: 	: 	: 	: 	: 	: 	: 	: 	: 	: 	: 	: 	: 	: 	: 	: 	: 	: 	: 	: 	: 	: 	: 	: 	: 	: 	: 	: 	: 	: 	: 	: 	: 	: 	: 	: 	: 	: 	: 	: 	: 	: 	: 	: 	: 	: 	: 	: 	: 	: 	: 	: 	: 	: 	: 	: 	: 	: 	: 	: 	: 	: 	: 	: 	: 	: 	: 	: 	: 	: 	: 	: 	: 	: 	: 	: 	: 	: 	: 	: 	: 	: 	: 	: 	: 	: 	: 	: 	: 	: 	: 	: 	: 	: 	: 	: 	: 	: 	: 	: 	: 	: 	: 	: 	: 	: 	: 	: 	: 	: 	: 	: 	: 	: 	: 	: 	: 	: 	: 	: 	: 	: 	: 	: 	: 	: 	: 	: 	: 	: 	: 	: 	: 	: 	: 	: 	: 	: 	: 	: 	: 	: 	: 	: 	: 	: 	: 	: 	: 	: 	: 	: 	: 	: 	: 	: 	: 	: 	23 	397 	137 	2 	: 	: 	23 	114 	143 	140 	111 	26 	: 	: 	: 	2 	559 	32 	328 	124 	: 	: 	: 	32 	93 	117 	118 	94 	30 	: 	484 	23 	205 	75 	: 	303 	16 	148 	64 	2 	230 	: 
FLIGHT,CAF_PAS,SK_LZ99_TR_LT99	: 	: 	: 	: 	: 	: 	: 	: 	: 	: 	: 	: 	: 	: 	: 	: 	: 	: 	: 	: 	: 	: 	: 	: 	: 	: 	: 	: 	: 	: 	: 	: 	: 	: 	: 	: 	: 	: 	: 	: 	: 	: 	: 	: 	: 	: 	: 	: 	: 	: 	: 	: 	: 	: 	: 	: 	: 	: 	: 	: 	: 	: 	: 	: 	: 	: 	: 	: 	: 	: 	: 	: 	: 	: 	: 	: 	: 	: 	: 	: 	: 	: 	: 	: 	: 	: 	: 	: 	: 	: 	: 	: 	: 	: 	: 	: 	: 	: 	: 	: 	: 	: 	: 	: 	: 	: 	: 	: 	: 	: 	: 	: 	: 	: 	: 	: 	: 	: 	: 	: 	: 	: 	: 	: 	: 	: 	: 	: 	: 	: 	: 	: 	: 	: 	: 	: 	: 	: 	: 	: 	: 	: 	: 	: 	: 	: 	: 	: 	: 	: 	: 	: 	: 	: 	: 	: 	: 	: 	: 	: 	: 	: 	: 	: 	: 	: 	: 	: 	: 	: 	: 	: 	: 	: 	: 	: 	: 	: 	: 	: 	: 	: 	: 	: 	: 	: 	: 	: 	: 	: 	: 	: 	: 	: 	: 	: 	6 	213 	76 	: 	: 	: 	6 	65 	71 	77 	71 	4 	1 	: 	: 	: 	295 	4 	263 	67 	1 	1 	: 	3 	75 	93 	95 	65 	: 	2 	335 	2 	145 	38 	1 	186 	6 	273 	71 	: 	350 	: 
FLIGHT,CAF_PAS,SK_LZ99_UK_EG99	: 	: 	: 	: 	: 	: 	: 	: 	: 	: 	: 	: 	: 	: 	: 	: 	: 	: 	: 	: 	: 	: 	: 	: 	: 	: 	: 	: 	: 	: 	: 	: 	: 	: 	: 	: 	: 	: 	: 	: 	: 	: 	: 	: 	: 	: 	: 	: 	: 	: 	: 	: 	: 	: 	: 	: 	: 	: 	: 	: 	: 	: 	: 	: 	: 	: 	: 	: 	: 	: 	: 	: 	: 	: 	: 	: 	: 	: 	: 	: 	: 	: 	: 	: 	: 	: 	: 	: 	: 	: 	: 	: 	: 	: 	: 	: 	: 	: 	: 	: 	: 	: 	: 	: 	: 	: 	: 	: 	: 	: 	: 	: 	: 	: 	: 	: 	: 	: 	: 	: 	: 	: 	: 	: 	: 	: 	: 	: 	: 	: 	: 	: 	: 	: 	: 	: 	: 	: 	: 	: 	: 	: 	: 	: 	: 	: 	: 	: 	: 	: 	: 	: 	: 	: 	: 	: 	: 	: 	: 	: 	: 	: 	: 	: 	: 	: 	: 	: 	: 	: 	: 	: 	: 	: 	: 	: 	: 	: 	: 	: 	: 	: 	: 	: 	: 	: 	: 	: 	: 	: 	: 	: 	: 	: 	: 	: 	823 	621 	548 	468 	292 	302 	229 	205 	208 	208 	181 	173 	194 	172 	144 	152 	2460 	407 	466 	373 	236 	127 	135 	145 	138 	172 	156 	134 	143 	96 	1482 	214 	118 	6 	1 	339 	: 	: 	: 	: 	: 	: 
FLIGHT,CAF_PAS,SK_LZIB_AE_OMDB	83 	105 	26 	26 	28 	29 	34 	32 	39 	103 	93 	83 	82 	39 	36 	28 	34 	29 	30 	26 	28 	29 	26 	24 	32 	361 	78 	76 	85 	74 	26 	24 	28 	24 	26 	26 	28 	28 	29 	26 	24 	24 	313 	: 	: 	: 	: 	: 	: 	: 	: 	: 	: 	: 	: 	: 	: 	: 	: 	: 	: 	: 	: 	: 	: 	: 	: 	: 	: 	: 	: 	: 	: 	: 	: 	: 	: 	: 	: 	: 	: 	: 	: 	: 	: 	: 	: 	: 	: 	: 	: 	: 	: 	: 	: 	: 	: 	: 	: 	: 	: 	: 	: 	: 	: 	: 	: 	: 	: 	: 	: 	: 	: 	: 	: 	: 	: 	: 	: 	: 	: 	: 	: 	: 	: 	: 	: 	: 	: 	: 	: 	: 	: 	: 	: 	: 	: 	: 	: 	: 	: 	: 	: 	: 	: 	: 	: 	: 	: 	: 	: 	: 	: 	: 	: 	: 	: 	: 	: 	: 	: 	: 	: 	: 	: 	: 	: 	: 	: 	: 	: 	: 	: 	: 	: 	: 	: 	: 	: 	: 	: 	: 	: 	: 	: 	: 	: 	: 	: 	: 	: 	: 	: 	: 	: 	: 	: 	: 	: 	: 	: 	: 	: 	: 	: 	: 	: 	: 	: 	: 	: 	: 	: 	: 	: 	: 	: 	: 	: 	: 	: 	: 	: 	: 	: 	: 	: 	: 	: 	: 	: 	: 	: 	: 	: 	: 	: 	: 
FLIGHT,CAF_PAS,SK_LZIB_BE_EBBR	: 	: 	: 	: 	: 	: 	: 	: 	: 	69 	164 	144 	1 	: 	16 	53 	55 	54 	55 	54 	54 	36 	: 	1 	: 	378 	: 	: 	: 	: 	: 	: 	: 	: 	: 	: 	: 	: 	: 	: 	: 	: 	: 	: 	: 	: 	: 	: 	: 	: 	: 	: 	: 	: 	: 	: 	: 	: 	: 	: 	: 	: 	: 	: 	: 	: 	: 	: 	: 	: 	: 	: 	: 	: 	: 	: 	: 	: 	: 	: 	: 	: 	: 	: 	: 	: 	: 	: 	: 	: 	: 	: 	: 	: 	: 	: 	: 	: 	: 	: 	: 	: 	: 	: 	: 	: 	: 	: 	: 	: 	: 	: 	: 	: 	: 	: 	: 	: 	: 	: 	: 	: 	: 	: 	: 	: 	: 	: 	: 	: 	: 	: 	: 	: 	: 	: 	: 	: 	: 	: 	: 	: 	: 	: 	: 	: 	: 	: 	: 	: 	: 	: 	: 	: 	: 	: 	: 	: 	: 	: 	: 	: 	: 	: 	: 	: 	: 	: 	: 	: 	: 	: 	: 	: 	: 	: 	: 	: 	: 	187 	189 	232 	214 	52 	62 	73 	61 	62 	66 	78 	80 	74 	74 	65 	75 	822 	: 	: 	: 	: 	: 	: 	: 	: 	: 	: 	: 	: 	: 	: 	: 	: 	: 	: 	: 	: 	: 	: 	: 	: 	: 	: 	: 	: 	: 	: 	: 	: 	: 	: 	: 	: 	: 	: 	: 	: 	: 	: 
FLIGHT,CAF_PAS,SK_LZIB_BE_EBCI	105 	80 	36 	35 	36 	34 	30 	24 	26 	44 	: 	12 	122 	26 	18 	: 	: 	: 	: 	: 	: 	12 	36 	42 	44 	178 	110 	80 	76 	99 	38 	42 	30 	26 	26 	28 	26 	24 	26 	34 	31 	34 	365 	96 	78 	78 	100 	32 	34 	30 	26 	26 	26 	26 	26 	26 	34 	32 	34 	352 	104 	106 	104 	103 	34 	35 	35 	36 	34 	36 	34 	36 	34 	36 	32 	35 	417 	116 	100 	102 	104 	40 	34 	42 	42 	28 	30 	34 	34 	34 	32 	34 	38 	422 	110 	106 	102 	124 	40 	34 	36 	34 	36 	36 	34 	36 	32 	42 	38 	44 	442 	116 	102 	95 	106 	38 	42 	36 	32 	36 	34 	34 	35 	26 	38 	32 	36 	419 	104 	78 	79 	2 	40 	34 	30 	26 	26 	26 	27 	26 	26 	2 	: 	: 	263 	: 	: 	: 	: 	: 	: 	: 	: 	: 	: 	: 	: 	: 	: 	: 	: 	: 	: 	: 	: 	: 	: 	: 	: 	: 	: 	: 	: 	: 	: 	: 	: 	: 	: 	: 	: 	: 	: 	: 	: 	: 	: 	: 	: 	: 	: 	: 	: 	: 	: 	: 	: 	: 	: 	: 	: 	: 	: 	: 	: 	: 	: 	: 	: 	: 	: 	: 	: 	: 	: 	: 	: 	: 	: 	: 	: 	: 	: 	: 	: 	: 	: 	: 	: 	: 	: 	: 	: 	: 	: 	: 	: 	: 
FLIGHT,CAF_PAS,SK_LZIB_BG_LBBG	37 	: 	112 	36 	1 	: 	: 	: 	: 	: 	269 	37 	: 	: 	: 	: 	33 	116 	120 	37 	: 	: 	: 	: 	: 	306 	: 	235 	40 	: 	: 	: 	: 	26 	99 	110 	40 	: 	: 	: 	: 	: 	275 	: 	242 	35 	: 	: 	: 	: 	25 	108 	109 	35 	: 	: 	: 	: 	: 	277 	: 	272 	47 	: 	: 	: 	: 	31 	125 	116 	47 	: 	: 	: 	: 	: 	319 	: 	269 	41 	: 	: 	: 	: 	31 	121 	117 	41 	: 	: 	: 	: 	: 	310 	: 	290 	43 	: 	: 	: 	: 	31 	131 	128 	43 	: 	: 	: 	: 	: 	333 	: 	215 	27 	: 	: 	: 	: 	19 	103 	93 	27 	: 	: 	: 	: 	: 	242 	: 	234 	45 	: 	: 	: 	: 	25 	107 	102 	45 	: 	: 	: 	: 	: 	279 	: 	331 	68 	: 	: 	: 	: 	57 	134 	140 	68 	: 	: 	: 	: 	: 	399 	: 	273 	47 	: 	: 	: 	: 	44 	113 	116 	47 	: 	: 	: 	: 	: 	320 	: 	241 	34 	: 	: 	: 	: 	35 	106 	100 	34 	: 	: 	: 	: 	: 	275 	: 	: 	: 	: 	: 	: 	: 	: 	: 	: 	: 	: 	: 	: 	: 	: 	: 	: 	: 	: 	: 	: 	: 	: 	: 	: 	: 	: 	: 	: 	: 	: 	: 	: 	: 	: 	: 	: 	: 	: 	: 	: 
FLIGHT,CAF_PAS,SK_LZIB_BG_LBSF	: 	: 	: 	: 	: 	: 	: 	: 	: 	: 	: 	: 	: 	: 	: 	: 	: 	: 	: 	: 	: 	: 	: 	: 	: 	: 	: 	: 	: 	: 	: 	: 	: 	: 	: 	: 	: 	: 	: 	: 	: 	: 	: 	: 	: 	: 	: 	: 	: 	: 	: 	: 	: 	: 	: 	: 	: 	: 	: 	: 	: 	: 	: 	: 	: 	: 	: 	: 	: 	: 	: 	: 	: 	: 	: 	: 	: 	: 	: 	: 	: 	: 	: 	: 	: 	: 	: 	: 	: 	: 	: 	: 	: 	: 	: 	: 	: 	: 	: 	: 	: 	: 	: 	: 	: 	: 	: 	: 	: 	: 	: 	: 	: 	: 	: 	: 	: 	: 	: 	: 	: 	: 	: 	: 	: 	: 	: 	: 	: 	: 	: 	: 	: 	: 	: 	: 	: 	: 	: 	: 	: 	: 	: 	: 	: 	: 	: 	: 	: 	: 	: 	: 	: 	: 	: 	: 	: 	: 	: 	: 	: 	: 	: 	: 	: 	: 	: 	: 	: 	: 	: 	: 	: 	: 	: 	: 	: 	: 	: 	105 	116 	107 	92 	29 	36 	40 	44 	38 	34 	38 	35 	34 	36 	26 	30 	420 	: 	: 	: 	: 	: 	: 	: 	: 	: 	: 	: 	: 	: 	: 	: 	: 	: 	: 	: 	: 	: 	: 	: 	: 	: 	: 	: 	: 	: 	: 	: 	: 	: 	: 	: 	: 	: 	: 	: 	: 	: 	: 
FLIGHT,CAF_PAS,SK_LZIB_CZ_LKPR	: 	: 	: 	: 	: 	: 	: 	: 	: 	382 	282 	411 	351 	127 	152 	103 	117 	90 	75 	171 	124 	116 	134 	123 	94 	1426 	: 	: 	: 	: 	: 	: 	: 	: 	: 	: 	: 	: 	: 	: 	: 	: 	: 	: 	: 	: 	: 	: 	: 	: 	: 	: 	: 	: 	: 	: 	: 	: 	: 	: 	: 	: 	: 	: 	: 	: 	: 	: 	: 	: 	: 	: 	: 	: 	: 	: 	: 	: 	: 	: 	: 	: 	: 	: 	: 	: 	: 	: 	: 	: 	: 	: 	: 	: 	130 	217 	504 	465 	51 	37 	42 	37 	39 	141 	154 	192 	158 	172 	136 	157 	1316 	581 	759 	718 	701 	150 	165 	266 	257 	264 	238 	250 	256 	212 	250 	215 	236 	2759 	735 	761 	700 	746 	239 	251 	245 	261 	254 	246 	254 	222 	224 	265 	232 	249 	2942 	751 	762 	779 	1019 	248 	246 	257 	256 	252 	254 	258 	263 	258 	334 	337 	348 	3311 	974 	785 	796 	766 	322 	361 	291 	260 	271 	254 	265 	280 	251 	264 	246 	256 	3321 	752 	791 	782 	735 	248 	251 	253 	270 	266 	255 	268 	275 	239 	264 	216 	255 	3060 	: 	: 	: 	: 	: 	: 	: 	: 	: 	: 	: 	: 	: 	: 	: 	: 	: 	: 	: 	: 	: 	: 	: 	: 	: 	: 	: 	: 	: 	: 	: 	: 	: 	: 	: 	: 	: 	: 	: 	: 	: 	2701 
FLIGHT,CAF_PAS,SK_LZIB_DE_EDDB	106 	91 	36 	35 	35 	36 	30 	28 	33 	120 	186 	186 	182 	32 	26 	62 	62 	62 	62 	63 	63 	60 	62 	58 	62 	674 	: 	: 	: 	: 	: 	: 	: 	: 	: 	: 	: 	: 	: 	: 	: 	: 	: 	: 	: 	: 	: 	: 	: 	: 	: 	: 	: 	: 	: 	: 	: 	: 	: 	: 	: 	: 	: 	: 	: 	: 	: 	: 	: 	: 	: 	: 	: 	: 	: 	: 	: 	: 	: 	: 	: 	: 	: 	: 	: 	: 	: 	: 	: 	: 	: 	: 	: 	: 	: 	: 	: 	: 	: 	: 	: 	: 	: 	: 	: 	: 	: 	: 	: 	: 	: 	: 	: 	: 	: 	: 	: 	: 	: 	: 	: 	: 	: 	: 	: 	: 	: 	: 	: 	: 	: 	: 	: 	: 	: 	: 	: 	: 	: 	: 	: 	: 	: 	: 	: 	: 	: 	: 	: 	: 	: 	: 	: 	: 	: 	: 	: 	: 	: 	: 	: 	: 	: 	: 	: 	: 	: 	: 	: 	: 	: 	: 	: 	: 	: 	: 	: 	: 	: 	: 	: 	: 	: 	: 	: 	: 	: 	: 	: 	: 	: 	: 	: 	: 	: 	: 	: 	: 	: 	: 	: 	: 	: 	: 	: 	: 	: 	: 	: 	: 	: 	: 	: 	: 	: 	: 	: 	: 	: 	: 	: 	: 	: 	: 	: 	: 	: 	: 	: 	: 	: 	: 	: 	: 	: 	: 	: 	: 
FLIGHT,CAF_PAS,SK_LZIB_DE_EDDK	: 	: 	: 	: 	: 	: 	: 	: 	: 	: 	: 	: 	: 	: 	: 	: 	: 	: 	: 	: 	: 	: 	: 	: 	: 	: 	: 	: 	: 	: 	: 	: 	: 	: 	: 	: 	: 	: 	: 	: 	: 	: 	: 	: 	: 	: 	: 	: 	: 	: 	: 	: 	: 	: 	: 	: 	: 	: 	: 	: 	: 	: 	: 	: 	: 	: 	: 	: 	: 	: 	: 	: 	: 	: 	: 	: 	: 	: 	: 	: 	: 	: 	: 	: 	: 	: 	: 	: 	: 	: 	: 	: 	: 	: 	: 	: 	: 	: 	: 	: 	: 	: 	: 	: 	: 	: 	: 	: 	: 	: 	: 	: 	: 	: 	: 	: 	: 	: 	: 	: 	: 	: 	: 	: 	: 	: 	: 	: 	: 	: 	: 	: 	: 	: 	: 	: 	: 	: 	: 	: 	: 	: 	: 	: 	: 	: 	: 	: 	: 	: 	: 	: 	: 	: 	: 	: 	: 	: 	: 	: 	: 	: 	: 	: 	: 	: 	: 	: 	: 	: 	: 	: 	: 	: 	: 	: 	: 	: 	: 	76 	80 	81 	89 	23 	23 	30 	28 	26 	26 	30 	27 	24 	31 	27 	31 	326 	: 	: 	: 	: 	: 	: 	: 	: 	: 	: 	: 	: 	: 	: 	: 	: 	: 	: 	: 	: 	: 	: 	: 	: 	: 	: 	: 	: 	: 	: 	: 	: 	: 	: 	: 	: 	: 	: 	: 	: 	: 	: 
FLIGHT,CAF_PAS,SK_LZIB_DE_EDDM	: 	: 	: 	: 	: 	: 	: 	: 	: 	: 	: 	: 	: 	: 	: 	: 	: 	: 	: 	: 	: 	: 	: 	: 	: 	: 	: 	: 	: 	: 	: 	: 	: 	: 	: 	: 	: 	: 	: 	: 	: 	: 	: 	: 	: 	: 	: 	: 	: 	: 	: 	: 	: 	: 	: 	: 	: 	: 	: 	: 	: 	: 	: 	: 	: 	: 	: 	: 	: 	: 	: 	: 	: 	: 	: 	: 	: 	: 	: 	: 	: 	: 	: 	: 	: 	: 	: 	: 	: 	: 	: 	: 	: 	: 	: 	: 	: 	: 	: 	: 	: 	: 	: 	: 	: 	: 	: 	: 	: 	: 	: 	: 	: 	: 	: 	: 	: 	: 	: 	: 	: 	: 	: 	: 	: 	: 	: 	: 	: 	: 	: 	: 	: 	: 	: 	: 	: 	: 	: 	: 	: 	: 	: 	: 	: 	459 	459 	485 	473 	130 	161 	168 	163 	145 	151 	164 	157 	164 	148 	161 	164 	1876 	470 	468 	483 	460 	135 	164 	171 	164 	140 	164 	161 	167 	155 	168 	145 	147 	1881 	473 	476 	476 	449 	141 	163 	169 	157 	153 	166 	160 	172 	144 	170 	140 	139 	1874 	: 	: 	: 	: 	: 	: 	: 	: 	: 	: 	: 	: 	: 	: 	: 	: 	: 	: 	: 	: 	: 	: 	: 	: 	: 	: 	: 	: 	: 	: 	: 	: 	: 	: 	: 	: 	: 	: 	: 	: 	: 	: 
FLIGHT,CAF_PAS,SK_LZIB_DE_EDFH	: 	: 	: 	: 	: 	: 	: 	: 	: 	: 	: 	: 	: 	: 	: 	: 	: 	: 	: 	: 	: 	: 	: 	: 	: 	: 	: 	: 	: 	: 	: 	: 	: 	: 	: 	: 	: 	: 	: 	: 	: 	: 	: 	: 	: 	: 	: 	: 	: 	: 	: 	: 	: 	: 	: 	: 	: 	: 	: 	: 	: 	: 	: 	: 	: 	: 	: 	: 	: 	: 	: 	: 	: 	: 	: 	: 	: 	: 	: 	: 	: 	: 	: 	: 	: 	: 	: 	: 	: 	: 	: 	: 	: 	: 	: 	: 	: 	: 	: 	: 	: 	: 	: 	: 	: 	: 	: 	: 	: 	: 	: 	: 	: 	: 	: 	: 	: 	: 	: 	: 	: 	: 	: 	: 	: 	: 	: 	: 	76 	82 	78 	98 	24 	24 	28 	30 	26 	26 	26 	26 	26 	34 	30 	34 	334 	124 	185 	182 	161 	32 	34 	58 	60 	62 	63 	60 	62 	60 	61 	58 	42 	652 	141 	184 	182 	183 	41 	38 	62 	60 	62 	62 	60 	62 	60 	63 	60 	60 	690 	180 	184 	183 	176 	56 	62 	62 	60 	62 	62 	60 	63 	60 	62 	54 	60 	723 	: 	: 	: 	: 	: 	: 	: 	: 	: 	: 	: 	: 	: 	: 	: 	: 	: 	: 	: 	: 	: 	: 	: 	: 	: 	: 	: 	: 	: 	: 	: 	: 	: 	: 	: 	: 	: 	: 	: 	: 	: 	: 
FLIGHT,CAF_PAS,SK_LZIB_DK_EKCH	: 	: 	: 	: 	: 	: 	: 	: 	: 	: 	: 	: 	: 	: 	: 	: 	: 	: 	: 	: 	: 	: 	: 	: 	: 	: 	: 	: 	: 	: 	: 	: 	: 	: 	: 	: 	: 	: 	: 	: 	: 	: 	: 	: 	: 	: 	: 	: 	: 	: 	: 	: 	: 	: 	: 	: 	: 	: 	: 	: 	: 	: 	: 	: 	: 	: 	: 	: 	: 	: 	: 	: 	: 	: 	: 	: 	: 	: 	: 	: 	: 	: 	: 	: 	: 	: 	: 	: 	: 	: 	: 	: 	: 	: 	: 	: 	: 	: 	: 	: 	: 	: 	: 	: 	: 	: 	: 	: 	: 	: 	: 	: 	: 	: 	: 	: 	: 	: 	: 	: 	: 	: 	: 	: 	: 	: 	: 	: 	: 	: 	: 	: 	: 	: 	: 	: 	: 	: 	: 	: 	: 	: 	: 	: 	: 	: 	: 	: 	: 	: 	: 	: 	: 	: 	: 	: 	: 	: 	: 	: 	: 	: 	: 	: 	: 	: 	: 	: 	: 	: 	: 	: 	: 	: 	: 	: 	: 	: 	: 	54 	52 	55 	63 	18 	18 	18 	16 	18 	18 	18 	17 	20 	24 	19 	20 	224 	: 	: 	: 	: 	: 	: 	: 	: 	: 	: 	: 	: 	: 	: 	: 	: 	: 	: 	: 	: 	: 	: 	: 	: 	: 	: 	: 	: 	: 	: 	: 	: 	: 	: 	: 	: 	: 	: 	: 	: 	: 	: 
FLIGHT,CAF_PAS,SK_LZIB_EG_HEGN	81 	27 	77 	44 	29 	8 	10 	8 	9 	42 	139 	25 	: 	13 	8 	21 	47 	46 	46 	25 	: 	: 	: 	: 	: 	206 	21 	136 	80 	6 	: 	: 	21 	33 	52 	51 	41 	23 	16 	2 	: 	4 	243 	36 	134 	53 	: 	4 	9 	23 	38 	50 	46 	36 	14 	3 	: 	: 	: 	223 	14 	79 	75 	1 	: 	6 	8 	5 	27 	47 	45 	20 	10 	1 	: 	: 	169 	33 	146 	101 	5 	: 	9 	24 	39 	51 	56 	57 	28 	16 	3 	: 	2 	285 	71 	218 	115 	21 	6 	17 	48 	68 	75 	75 	58 	38 	19 	8 	2 	11 	425 	87 	256 	150 	32 	13 	19 	55 	80 	87 	89 	77 	52 	21 	10 	8 	14 	525 	92 	246 	169 	49 	16 	18 	58 	79 	85 	82 	85 	59 	25 	25 	11 	13 	556 	115 	320 	216 	76 	18 	31 	66 	101 	109 	110 	111 	69 	36 	34 	24 	18 	727 	109 	255 	171 	36 	20 	25 	64 	75 	91 	89 	86 	52 	33 	18 	8 	10 	571 	62 	161 	133 	39 	12 	10 	40 	44 	60 	57 	57 	48 	28 	20 	9 	10 	395 	: 	: 	: 	: 	: 	: 	: 	: 	: 	: 	: 	: 	: 	: 	: 	: 	: 	: 	: 	: 	: 	: 	: 	: 	: 	: 	: 	: 	: 	: 	: 	: 	: 	: 	: 	: 	: 	: 	: 	: 	: 	: 
FLIGHT,CAF_PAS,SK_LZIB_EL_LGAV	53 	50 	24 	17 	18 	18 	16 	16 	18 	70 	80 	77 	81 	26 	18 	26 	28 	26 	26 	26 	26 	25 	28 	24 	29 	308 	83 	99 	81 	3 	31 	24 	28 	27 	38 	34 	29 	26 	26 	: 	: 	3 	266 	: 	: 	: 	: 	: 	: 	: 	: 	: 	: 	: 	: 	: 	: 	: 	: 	: 	: 	: 	: 	: 	: 	: 	: 	: 	: 	: 	: 	: 	: 	: 	: 	: 	: 	: 	: 	: 	: 	: 	: 	: 	: 	: 	: 	: 	: 	: 	: 	: 	: 	: 	: 	: 	: 	: 	: 	: 	: 	: 	: 	: 	: 	: 	: 	: 	: 	: 	: 	: 	: 	: 	: 	: 	: 	: 	: 	: 	: 	: 	: 	: 	: 	: 	: 	: 	: 	: 	: 	: 	: 	: 	: 	: 	: 	: 	: 	: 	: 	: 	: 	: 	: 	: 	: 	: 	: 	: 	: 	: 	: 	: 	: 	: 	: 	: 	: 	: 	: 	: 	: 	: 	: 	: 	: 	: 	: 	: 	: 	: 	: 	: 	: 	: 	: 	: 	: 	: 	: 	: 	: 	: 	: 	: 	: 	: 	: 	: 	: 	: 	: 	: 	: 	: 	: 	: 	: 	: 	: 	: 	: 	: 	: 	: 	: 	: 	: 	: 	: 	: 	: 	: 	: 	: 	: 	: 	: 	: 	: 	: 	: 	: 	: 	: 	: 	: 	: 	: 	: 	: 	: 	: 	: 	: 	: 	: 
FLIGHT,CAF_PAS,SK_LZIB_EL_LGIR	: 	: 	: 	: 	: 	: 	: 	: 	: 	3 	224 	55 	: 	: 	: 	3 	65 	77 	82 	55 	: 	: 	: 	: 	: 	282 	1 	172 	37 	: 	: 	: 	1 	50 	62 	60 	36 	1 	: 	: 	: 	: 	210 	5 	134 	27 	2 	3 	: 	2 	40 	50 	44 	27 	: 	: 	2 	: 	: 	168 	1 	106 	26 	: 	1 	: 	: 	28 	41 	37 	26 	: 	: 	: 	: 	: 	133 	: 	: 	: 	: 	: 	: 	: 	: 	: 	: 	: 	: 	: 	: 	: 	: 	: 	1 	121 	33 	: 	: 	: 	1 	35 	42 	44 	33 	: 	: 	: 	: 	: 	155 	: 	109 	28 	1 	: 	: 	: 	30 	38 	41 	27 	: 	1 	1 	: 	: 	138 	: 	: 	: 	: 	: 	: 	: 	: 	: 	: 	: 	: 	: 	: 	: 	: 	: 	6 	181 	54 	: 	: 	4 	2 	57 	62 	62 	49 	4 	1 	: 	: 	: 	241 	2 	132 	43 	: 	: 	: 	2 	35 	48 	49 	40 	3 	: 	: 	: 	: 	177 	6 	184 	47 	: 	3 	: 	3 	50 	63 	71 	44 	3 	: 	: 	: 	: 	237 	: 	: 	: 	: 	: 	: 	: 	: 	: 	: 	: 	: 	: 	: 	: 	: 	: 	: 	: 	: 	: 	: 	: 	: 	: 	: 	: 	: 	: 	: 	: 	: 	: 	: 	: 	: 	: 	: 	: 	: 	: 	: 
FLIGHT,CAF_PAS,SK_LZIB_EL_LGKR	: 	: 	: 	: 	: 	: 	: 	: 	: 	9 	117 	39 	: 	: 	: 	9 	35 	42 	40 	29 	8 	2 	: 	: 	: 	165 	: 	: 	: 	: 	: 	: 	: 	: 	: 	: 	: 	: 	: 	: 	: 	: 	: 	: 	: 	: 	: 	: 	: 	: 	: 	: 	: 	: 	: 	: 	: 	: 	: 	: 	: 	: 	: 	: 	: 	: 	: 	: 	: 	: 	: 	: 	: 	: 	: 	: 	: 	: 	: 	: 	: 	: 	: 	: 	: 	: 	: 	: 	: 	: 	: 	: 	: 	: 	: 	: 	: 	: 	: 	: 	: 	: 	: 	: 	: 	: 	: 	: 	: 	: 	: 	: 	: 	: 	: 	: 	: 	: 	: 	: 	: 	: 	: 	: 	: 	: 	: 	: 	: 	: 	: 	: 	: 	: 	: 	: 	: 	: 	: 	: 	: 	: 	: 	: 	: 	: 	: 	: 	: 	: 	: 	: 	: 	: 	: 	: 	: 	: 	: 	: 	: 	: 	: 	: 	: 	: 	: 	: 	: 	: 	: 	: 	: 	: 	: 	: 	: 	: 	: 	: 	: 	: 	: 	: 	: 	: 	: 	: 	: 	: 	: 	: 	: 	: 	: 	: 	: 	: 	: 	: 	: 	: 	: 	: 	: 	: 	: 	: 	: 	: 	: 	: 	: 	: 	: 	: 	: 	: 	: 	: 	: 	: 	: 	: 	: 	: 	: 	: 	: 	: 	: 	: 	: 	: 	: 	: 	: 	: 
FLIGHT,CAF_PAS,SK_LZIB_EL_LGRP	: 	: 	: 	: 	: 	: 	: 	: 	: 	1 	198 	45 	: 	: 	: 	1 	61 	69 	68 	45 	: 	: 	: 	: 	: 	244 	1 	183 	49 	: 	: 	: 	1 	51 	66 	66 	49 	: 	: 	: 	: 	: 	233 	2 	183 	44 	: 	: 	: 	2 	53 	64 	66 	44 	: 	: 	: 	: 	: 	229 	: 	122 	33 	: 	: 	: 	: 	36 	42 	44 	33 	: 	: 	: 	: 	: 	155 	3 	118 	27 	: 	: 	: 	3 	33 	39 	46 	27 	: 	: 	: 	: 	: 	148 	2 	155 	49 	: 	: 	: 	2 	43 	55 	57 	48 	1 	: 	: 	: 	: 	206 	2 	138 	35 	: 	: 	: 	2 	42 	50 	46 	35 	: 	: 	: 	: 	: 	175 	2 	167 	49 	: 	: 	: 	2 	47 	62 	58 	49 	: 	: 	: 	: 	: 	218 	6 	205 	58 	: 	: 	: 	6 	66 	68 	71 	56 	2 	: 	: 	: 	: 	269 	4 	218 	71 	: 	: 	: 	4 	63 	75 	80 	71 	: 	: 	: 	: 	: 	293 	14 	271 	79 	: 	: 	: 	14 	80 	91 	100 	77 	2 	: 	: 	: 	: 	364 	: 	: 	: 	: 	: 	: 	: 	: 	: 	: 	: 	: 	: 	: 	: 	: 	: 	: 	: 	: 	: 	: 	: 	: 	: 	: 	: 	: 	: 	: 	: 	: 	: 	: 	: 	: 	: 	: 	: 	: 	: 	: 
FLIGHT,CAF_PAS,SK_LZIB_ES_GCLP	: 	: 	: 	: 	: 	: 	: 	: 	: 	: 	: 	: 	: 	: 	: 	: 	: 	: 	: 	: 	: 	: 	: 	: 	: 	: 	: 	: 	: 	: 	: 	: 	: 	: 	: 	: 	: 	: 	: 	: 	: 	: 	: 	: 	: 	: 	: 	: 	: 	: 	: 	: 	: 	: 	: 	: 	: 	: 	: 	: 	: 	: 	: 	: 	: 	: 	: 	: 	: 	: 	: 	: 	: 	: 	: 	: 	: 	: 	: 	: 	: 	: 	: 	: 	: 	: 	: 	: 	: 	: 	: 	: 	: 	: 	52 	62 	53 	24 	18 	16 	18 	20 	21 	21 	17 	18 	18 	16 	8 	: 	191 	: 	: 	: 	: 	: 	: 	: 	: 	: 	: 	: 	: 	: 	: 	: 	: 	: 	: 	: 	: 	: 	: 	: 	: 	: 	: 	: 	: 	: 	: 	: 	: 	: 	: 	: 	: 	: 	: 	: 	: 	: 	: 	: 	: 	: 	: 	: 	: 	: 	: 	: 	: 	: 	: 	: 	: 	: 	: 	: 	: 	: 	: 	: 	: 	: 	: 	: 	: 	: 	: 	: 	: 	: 	: 	: 	: 	: 	: 	: 	: 	: 	: 	: 	: 	: 	: 	: 	: 	: 	: 	: 	: 	: 	: 	: 	: 	: 	: 	: 	: 	: 	: 	: 	: 	: 	: 	: 	: 	: 	: 	: 	: 	: 	: 	: 	: 	: 	: 	: 	: 	: 	: 	: 	: 	: 	: 	: 
FLIGHT,CAF_PAS,SK_LZIB_ES_LEAL	: 	: 	: 	: 	: 	: 	: 	: 	: 	: 	: 	: 	: 	: 	: 	: 	: 	: 	: 	: 	: 	: 	: 	: 	: 	: 	: 	: 	: 	: 	: 	: 	: 	: 	: 	: 	: 	: 	: 	: 	: 	: 	: 	: 	: 	: 	: 	: 	: 	: 	: 	: 	: 	: 	: 	: 	: 	: 	: 	: 	: 	: 	: 	: 	: 	: 	: 	: 	: 	: 	: 	: 	: 	: 	: 	: 	: 	: 	: 	: 	: 	: 	: 	: 	: 	: 	: 	: 	: 	: 	: 	: 	: 	: 	24 	79 	78 	54 	: 	: 	24 	26 	27 	26 	26 	28 	24 	22 	16 	16 	235 	46 	55 	50 	51 	12 	18 	16 	18 	19 	18 	16 	18 	16 	18 	16 	17 	202 	52 	66 	16 	: 	14 	18 	20 	16 	32 	18 	16 	: 	: 	: 	: 	: 	134 	: 	: 	: 	: 	: 	: 	: 	: 	: 	: 	: 	: 	: 	: 	: 	: 	: 	: 	: 	: 	: 	: 	: 	: 	: 	: 	: 	: 	: 	: 	: 	: 	: 	: 	: 	: 	: 	: 	: 	: 	: 	: 	: 	: 	: 	: 	: 	: 	: 	: 	: 	: 	: 	: 	: 	: 	: 	: 	: 	: 	: 	: 	: 	: 	: 	: 	: 	: 	: 	: 	: 	: 	: 	: 	: 	: 	: 	: 	: 	: 	: 	: 	: 	: 	: 	: 	: 	: 	: 	: 	: 	: 	: 
FLIGHT,CAF_PAS,SK_LZIB_ES_LEBL	: 	: 	: 	: 	: 	: 	: 	: 	: 	: 	: 	: 	: 	: 	: 	: 	: 	: 	: 	: 	: 	: 	: 	: 	: 	: 	: 	: 	: 	: 	: 	: 	: 	: 	: 	: 	: 	: 	: 	: 	: 	: 	: 	: 	: 	: 	: 	: 	: 	: 	: 	: 	: 	: 	: 	: 	: 	: 	: 	: 	: 	: 	: 	: 	: 	: 	: 	: 	: 	: 	: 	: 	: 	: 	: 	: 	: 	: 	: 	: 	: 	: 	: 	: 	: 	: 	: 	: 	: 	: 	: 	: 	: 	: 	: 	: 	: 	: 	: 	: 	: 	: 	: 	: 	: 	: 	: 	: 	: 	: 	: 	: 	: 	: 	: 	: 	: 	: 	: 	: 	: 	: 	: 	: 	: 	: 	: 	: 	: 	: 	: 	: 	: 	: 	: 	: 	: 	: 	: 	: 	: 	: 	: 	: 	: 	: 	: 	: 	: 	: 	: 	: 	: 	: 	: 	: 	: 	: 	: 	: 	: 	: 	56 	106 	87 	56 	10 	8 	38 	36 	34 	36 	35 	28 	24 	20 	17 	19 	305 	61 	135 	90 	51 	18 	16 	27 	44 	46 	45 	40 	26 	24 	16 	15 	20 	337 	: 	: 	: 	: 	: 	: 	: 	: 	: 	: 	: 	: 	: 	: 	: 	: 	: 	: 	: 	: 	: 	: 	: 	: 	: 	: 	: 	: 	: 	: 	: 	: 	: 	: 	: 	: 	: 	: 	: 	: 	: 	: 
FLIGHT,CAF_PAS,SK_LZIB_ES_LEGE	52 	52 	28 	18 	18 	16 	18 	16 	18 	52 	74 	52 	50 	18 	16 	18 	19 	37 	18 	16 	18 	18 	14 	18 	18 	228 	50 	70 	52 	53 	14 	18 	18 	16 	36 	18 	18 	18 	16 	21 	16 	16 	225 	52 	70 	52 	1 	18 	16 	18 	16 	28 	26 	18 	16 	18 	: 	: 	1 	175 	20 	52 	50 	10 	: 	2 	18 	18 	16 	18 	18 	18 	14 	10 	: 	: 	132 	22 	60 	52 	4 	: 	: 	22 	24 	18 	18 	16 	18 	18 	4 	: 	: 	138 	16 	52 	53 	28 	: 	: 	16 	18 	16 	18 	19 	18 	16 	28 	: 	: 	149 	24 	80 	75 	78 	: 	: 	24 	26 	28 	26 	26 	26 	23 	28 	24 	26 	257 	70 	55 	52 	2 	26 	24 	20 	19 	18 	18 	16 	18 	18 	2 	: 	: 	179 	28 	120 	108 	106 	: 	: 	28 	38 	42 	40 	40 	34 	34 	36 	34 	36 	362 	: 	: 	: 	: 	: 	: 	: 	: 	: 	: 	: 	: 	: 	: 	: 	: 	: 	: 	: 	: 	: 	: 	: 	: 	: 	: 	: 	: 	: 	: 	: 	: 	: 	: 	: 	: 	: 	: 	: 	: 	: 	: 	: 	: 	: 	: 	: 	: 	: 	: 	: 	: 	: 	: 	: 	: 	: 	: 	: 	: 	: 	: 	: 	: 	: 	: 	: 	: 	: 	: 	: 	: 	: 	: 	: 	: 
FLIGHT,CAF_PAS,SK_LZIB_ES_LEMD	58 	60 	19 	18 	19 	21 	18 	22 	20 	64 	81 	78 	80 	22 	16 	26 	26 	28 	27 	26 	26 	26 	26 	26 	28 	303 	86 	80 	80 	2 	28 	32 	26 	26 	26 	28 	28 	26 	26 	2 	: 	: 	248 	: 	: 	: 	: 	: 	: 	: 	: 	: 	: 	: 	: 	: 	: 	: 	: 	: 	: 	: 	: 	: 	: 	: 	: 	: 	: 	: 	: 	: 	: 	: 	: 	: 	: 	: 	: 	: 	: 	: 	: 	: 	: 	: 	: 	: 	: 	: 	: 	: 	: 	: 	: 	: 	: 	: 	: 	: 	: 	: 	: 	: 	: 	: 	: 	: 	: 	: 	: 	: 	: 	: 	: 	: 	: 	: 	: 	: 	: 	: 	: 	: 	: 	: 	: 	: 	: 	: 	: 	: 	: 	: 	: 	: 	: 	: 	: 	: 	: 	: 	: 	: 	: 	: 	: 	: 	: 	: 	: 	: 	: 	: 	: 	: 	: 	: 	: 	: 	: 	: 	: 	: 	: 	: 	: 	: 	: 	: 	: 	: 	: 	: 	: 	: 	: 	: 	: 	: 	: 	: 	: 	: 	: 	: 	: 	: 	: 	: 	: 	: 	: 	: 	: 	: 	: 	: 	: 	: 	: 	: 	: 	: 	: 	: 	: 	: 	: 	: 	: 	: 	: 	: 	: 	: 	: 	: 	: 	: 	: 	: 	: 	: 	: 	: 	: 	: 	: 	: 	: 	: 	: 	: 	: 	: 	: 	: 
FLIGHT,CAF_PAS,SK_LZIB_ES_LEMG	: 	: 	: 	: 	: 	: 	: 	: 	: 	17 	82 	61 	9 	: 	1 	16 	25 	29 	28 	20 	20 	21 	8 	1 	: 	169 	26 	87 	58 	4 	1 	5 	20 	24 	27 	36 	22 	20 	16 	3 	1 	: 	175 	21 	78 	59 	4 	: 	3 	18 	22 	29 	27 	24 	17 	18 	2 	2 	: 	162 	20 	78 	60 	5 	: 	2 	18 	25 	25 	28 	26 	18 	16 	5 	: 	: 	163 	22 	123 	97 	7 	: 	: 	22 	43 	42 	38 	43 	28 	26 	7 	: 	: 	249 	16 	69 	55 	54 	: 	: 	16 	18 	24 	27 	21 	18 	16 	20 	16 	18 	194 	: 	: 	: 	: 	: 	: 	: 	: 	: 	: 	: 	: 	: 	: 	: 	: 	: 	: 	: 	: 	: 	: 	: 	: 	: 	: 	: 	: 	: 	: 	: 	: 	: 	: 	: 	: 	: 	: 	: 	: 	: 	: 	: 	: 	: 	: 	: 	: 	: 	: 	: 	: 	: 	: 	: 	: 	: 	: 	: 	: 	: 	: 	: 	: 	: 	: 	: 	: 	: 	: 	: 	: 	: 	: 	: 	: 	: 	: 	: 	: 	: 	: 	: 	: 	: 	: 	: 	: 	: 	: 	: 	: 	: 	: 	: 	: 	: 	: 	: 	: 	: 	: 	: 	: 	: 	: 	: 	: 	: 	: 	: 	: 	: 	: 	: 	: 	: 	: 	: 	: 	: 	: 	: 	: 	: 	: 	: 
FLIGHT,CAF_PAS,SK_LZIB_ES_LEPA	: 	: 	: 	: 	: 	: 	: 	: 	: 	18 	130 	73 	: 	: 	: 	18 	35 	45 	50 	37 	18 	18 	: 	: 	: 	221 	20 	104 	61 	2 	: 	2 	18 	30 	37 	37 	27 	18 	16 	2 	: 	: 	187 	14 	103 	50 	: 	: 	4 	10 	31 	34 	38 	24 	18 	8 	: 	: 	: 	167 	22 	146 	71 	5 	: 	4 	18 	44 	50 	52 	37 	16 	18 	4 	1 	: 	244 	16 	138 	72 	4 	: 	: 	16 	38 	56 	44 	38 	18 	16 	4 	: 	: 	230 	34 	205 	131 	4 	: 	: 	34 	55 	73 	77 	57 	36 	38 	4 	: 	: 	374 	38 	164 	79 	: 	: 	: 	38 	48 	56 	60 	49 	30 	: 	: 	: 	: 	281 	: 	: 	: 	: 	: 	: 	: 	: 	: 	: 	: 	: 	: 	: 	: 	: 	: 	: 	: 	: 	: 	: 	: 	: 	: 	: 	: 	: 	: 	: 	: 	: 	: 	: 	: 	: 	: 	: 	: 	: 	: 	: 	: 	: 	: 	: 	: 	: 	: 	: 	: 	: 	: 	: 	: 	: 	: 	: 	: 	: 	: 	: 	: 	: 	: 	: 	: 	: 	: 	: 	: 	: 	: 	: 	: 	: 	: 	: 	: 	: 	: 	: 	: 	: 	: 	: 	: 	: 	: 	: 	: 	: 	: 	: 	: 	: 	: 	: 	: 	: 	: 	: 	: 	: 	: 	: 	: 	: 	: 	: 
FLIGHT,CAF_PAS,SK_LZIB_FR_LFMN	: 	: 	: 	: 	: 	: 	: 	: 	: 	: 	: 	: 	: 	: 	: 	: 	: 	: 	: 	: 	: 	: 	: 	: 	: 	: 	: 	: 	: 	: 	: 	: 	: 	: 	: 	: 	: 	: 	: 	: 	: 	: 	: 	: 	: 	: 	: 	: 	: 	: 	: 	: 	: 	: 	: 	: 	: 	: 	: 	: 	: 	: 	: 	: 	: 	: 	: 	: 	: 	: 	: 	: 	: 	: 	: 	: 	: 	: 	: 	: 	: 	: 	: 	: 	: 	: 	: 	: 	: 	: 	: 	: 	: 	: 	: 	: 	: 	: 	: 	: 	: 	: 	: 	: 	: 	: 	: 	: 	: 	: 	: 	: 	: 	: 	: 	: 	: 	: 	: 	: 	: 	: 	: 	: 	: 	: 	: 	: 	: 	: 	: 	: 	: 	: 	: 	: 	: 	: 	: 	: 	: 	: 	: 	: 	: 	: 	: 	: 	: 	: 	: 	: 	: 	: 	: 	: 	: 	: 	: 	: 	: 	: 	: 	: 	: 	: 	: 	: 	: 	: 	: 	: 	: 	: 	: 	: 	: 	: 	: 	33 	121 	122 	80 	: 	: 	33 	43 	42 	36 	38 	48 	36 	32 	22 	26 	356 	: 	: 	: 	: 	: 	: 	: 	: 	: 	: 	: 	: 	: 	: 	: 	: 	: 	: 	: 	: 	: 	: 	: 	: 	: 	: 	: 	: 	: 	: 	: 	: 	: 	: 	: 	: 	: 	: 	: 	: 	: 	: 
FLIGHT,CAF_PAS,SK_LZIB_FR_LFOB	: 	: 	: 	: 	: 	: 	: 	: 	: 	32 	74 	65 	: 	: 	6 	26 	24 	26 	24 	18 	22 	25 	: 	: 	: 	171 	30 	78 	76 	2 	: 	2 	28 	26 	26 	26 	26 	26 	24 	2 	: 	: 	186 	14 	78 	72 	1 	: 	: 	14 	24 	28 	26 	20 	26 	26 	1 	: 	: 	165 	22 	78 	76 	2 	: 	: 	22 	26 	26 	26 	24 	28 	24 	2 	: 	: 	178 	30 	102 	104 	74 	: 	: 	30 	30 	36 	36 	34 	34 	36 	22 	26 	26 	310 	84 	106 	104 	78 	26 	24 	34 	34 	36 	36 	34 	36 	34 	28 	24 	26 	372 	87 	100 	96 	104 	27 	26 	34 	32 	36 	32 	34 	36 	26 	36 	32 	36 	387 	: 	: 	: 	: 	: 	: 	: 	: 	: 	: 	: 	: 	: 	: 	: 	: 	: 	: 	: 	: 	: 	: 	: 	: 	: 	: 	: 	: 	: 	: 	: 	: 	: 	: 	: 	: 	: 	: 	: 	: 	: 	: 	: 	: 	: 	: 	: 	: 	: 	: 	: 	: 	: 	: 	: 	: 	: 	: 	: 	: 	: 	: 	: 	: 	: 	: 	: 	: 	: 	: 	: 	: 	: 	: 	: 	: 	: 	: 	: 	: 	: 	: 	: 	: 	: 	: 	: 	: 	: 	: 	: 	: 	: 	: 	: 	: 	: 	: 	: 	: 	: 	: 	: 	: 	: 	: 	: 	: 	: 	: 
FLIGHT,CAF_PAS,SK_LZIB_FR_LFPO	: 	: 	: 	: 	: 	: 	: 	: 	: 	: 	: 	: 	: 	: 	: 	: 	: 	: 	: 	: 	: 	: 	: 	: 	: 	: 	: 	: 	: 	: 	: 	: 	: 	: 	: 	: 	: 	: 	: 	: 	: 	: 	: 	: 	: 	: 	: 	: 	: 	: 	: 	: 	: 	: 	: 	: 	: 	: 	: 	: 	: 	: 	: 	: 	: 	: 	: 	: 	: 	: 	: 	: 	: 	: 	: 	: 	: 	: 	: 	: 	: 	: 	: 	: 	: 	: 	: 	: 	: 	: 	: 	: 	: 	: 	: 	: 	: 	: 	: 	: 	: 	: 	: 	: 	: 	: 	: 	: 	: 	: 	: 	: 	: 	: 	: 	: 	: 	: 	: 	: 	: 	: 	: 	: 	: 	: 	: 	: 	: 	126 	270 	256 	: 	: 	: 	: 	72 	54 	66 	98 	106 	92 	74 	90 	652 	320 	176 	298 	295 	106 	110 	104 	70 	52 	54 	72 	114 	112 	108 	89 	98 	1089 	278 	166 	259 	228 	92 	96 	90 	58 	54 	54 	71 	96 	92 	92 	72 	64 	931 	274 	206 	289 	261 	84 	86 	104 	82 	62 	62 	83 	108 	98 	100 	81 	80 	1030 	: 	: 	: 	: 	: 	: 	: 	: 	: 	: 	: 	: 	: 	: 	: 	: 	: 	: 	: 	: 	: 	: 	: 	: 	: 	: 	: 	: 	: 	: 	: 	: 	: 	: 	: 	: 	: 	: 	: 	: 	: 	: 
FLIGHT,CAF_PAS,SK_LZIB_FR_LFSB	: 	: 	: 	: 	: 	: 	: 	: 	: 	: 	: 	: 	: 	: 	: 	: 	: 	: 	: 	: 	: 	: 	: 	: 	: 	: 	: 	: 	: 	: 	: 	: 	: 	: 	: 	: 	: 	: 	: 	: 	: 	: 	: 	: 	: 	: 	: 	: 	: 	: 	: 	: 	: 	: 	: 	: 	: 	: 	: 	: 	: 	: 	: 	: 	: 	: 	: 	: 	: 	: 	: 	: 	: 	: 	: 	: 	: 	: 	: 	: 	: 	: 	: 	: 	: 	: 	: 	: 	: 	: 	: 	: 	: 	: 	: 	: 	: 	: 	: 	: 	: 	: 	: 	: 	: 	: 	: 	: 	: 	: 	: 	: 	: 	: 	: 	: 	: 	: 	: 	: 	: 	: 	: 	: 	: 	: 	: 	: 	: 	: 	: 	: 	: 	: 	: 	: 	: 	: 	: 	: 	: 	: 	: 	: 	: 	: 	: 	: 	: 	: 	: 	: 	: 	: 	: 	: 	: 	: 	: 	: 	: 	: 	30 	106 	105 	98 	: 	: 	30 	34 	36 	36 	34 	35 	36 	34 	32 	32 	339 	102 	104 	105 	86 	32 	34 	36 	34 	34 	36 	35 	36 	34 	34 	22 	30 	397 	: 	: 	: 	: 	: 	: 	: 	: 	: 	: 	: 	: 	: 	: 	: 	: 	: 	: 	: 	: 	: 	: 	: 	: 	: 	: 	: 	: 	: 	: 	: 	: 	: 	: 	: 	: 	: 	: 	: 	: 	: 	: 
FLIGHT,CAF_PAS,SK_LZIB_IE_EICK	: 	: 	: 	: 	: 	: 	: 	: 	: 	: 	: 	: 	: 	: 	: 	: 	: 	: 	: 	: 	: 	: 	: 	: 	: 	: 	: 	: 	: 	: 	: 	: 	: 	: 	: 	: 	: 	: 	: 	: 	: 	: 	: 	: 	: 	: 	: 	: 	: 	: 	: 	: 	: 	: 	: 	: 	: 	: 	: 	: 	: 	: 	: 	: 	: 	: 	: 	: 	: 	: 	: 	: 	: 	: 	: 	: 	: 	: 	: 	: 	: 	: 	: 	: 	: 	: 	: 	: 	: 	: 	: 	: 	: 	: 	: 	: 	: 	: 	: 	: 	: 	: 	: 	: 	: 	: 	: 	: 	: 	: 	: 	: 	: 	: 	: 	: 	: 	: 	: 	: 	: 	: 	: 	: 	: 	: 	: 	: 	: 	: 	: 	: 	: 	: 	: 	: 	: 	: 	: 	: 	: 	: 	: 	: 	: 	14 	80 	78 	79 	: 	: 	14 	26 	26 	28 	24 	28 	26 	26 	24 	29 	251 	: 	: 	: 	: 	: 	: 	: 	: 	: 	: 	: 	: 	: 	: 	: 	: 	: 	: 	: 	: 	: 	: 	: 	: 	: 	: 	: 	: 	: 	: 	: 	: 	: 	: 	: 	: 	: 	: 	: 	: 	: 	: 	: 	: 	: 	: 	: 	: 	: 	: 	: 	: 	: 	: 	: 	: 	: 	: 	: 	: 	: 	: 	: 	: 	: 	: 	: 	: 	: 	: 	: 	: 	: 	: 	: 	: 
FLIGHT,CAF_PAS,SK_LZIB_IE_EIDW	184 	183 	62 	60 	62 	62 	63 	56 	64 	198 	190 	180 	185 	64 	72 	62 	66 	62 	62 	58 	62 	60 	65 	58 	62 	753 	182 	190 	183 	181 	60 	60 	62 	61 	64 	65 	60 	62 	61 	62 	57 	62 	736 	179 	158 	138 	134 	63 	61 	55 	52 	52 	54 	52 	44 	42 	46 	39 	49 	609 	150 	159 	156 	124 	52 	44 	54 	52 	53 	54 	50 	52 	54 	46 	36 	42 	589 	121 	140 	150 	117 	46 	37 	38 	40 	52 	48 	44 	54 	52 	40 	35 	42 	528 	112 	138 	130 	136 	42 	34 	36 	49 	45 	44 	44 	44 	42 	44 	42 	50 	516 	142 	150 	123 	103 	45 	44 	53 	44 	54 	52 	48 	41 	34 	36 	32 	35 	518 	116 	114 	104 	78 	37 	36 	43 	42 	36 	36 	34 	36 	34 	28 	24 	26 	412 	175 	350 	289 	289 	37 	52 	86 	102 	124 	124 	96 	96 	97 	99 	93 	97 	1103 	267 	197 	190 	184 	97 	95 	75 	73 	62 	62 	60 	72 	58 	66 	56 	62 	838 	187 	160 	154 	76 	68 	63 	56 	50 	58 	52 	52 	52 	50 	26 	21 	29 	577 	: 	: 	: 	: 	: 	: 	: 	: 	: 	: 	: 	: 	: 	: 	: 	: 	: 	: 	: 	: 	: 	: 	: 	: 	: 	: 	: 	: 	: 	: 	: 	: 	: 	: 	: 	: 	: 	: 	: 	: 	: 	: 
FLIGHT,CAF_PAS,SK_LZIB_IN_VIAR	: 	: 	: 	: 	: 	: 	: 	: 	: 	: 	: 	: 	: 	: 	: 	: 	: 	: 	: 	: 	: 	: 	: 	: 	: 	: 	: 	: 	: 	: 	: 	: 	: 	: 	: 	: 	: 	: 	: 	: 	: 	: 	: 	: 	: 	: 	: 	: 	: 	: 	: 	: 	: 	: 	: 	: 	: 	: 	: 	: 	: 	: 	: 	: 	: 	: 	: 	: 	: 	: 	: 	: 	: 	: 	: 	: 	: 	: 	: 	: 	: 	: 	: 	: 	: 	: 	: 	: 	: 	: 	: 	: 	: 	: 	: 	: 	: 	: 	: 	: 	: 	: 	: 	: 	: 	: 	: 	: 	: 	: 	: 	: 	: 	: 	: 	: 	: 	: 	: 	: 	: 	: 	: 	: 	: 	: 	: 	: 	: 	: 	: 	: 	: 	: 	: 	: 	: 	: 	: 	: 	: 	: 	: 	: 	: 	36 	: 	27 	82 	17 	14 	5 	: 	: 	: 	2 	4 	21 	28 	26 	28 	145 	: 	: 	: 	: 	: 	: 	: 	: 	: 	: 	: 	: 	: 	: 	: 	: 	: 	: 	: 	: 	: 	: 	: 	: 	: 	: 	: 	: 	: 	: 	: 	: 	: 	: 	: 	: 	: 	: 	: 	: 	: 	: 	: 	: 	: 	: 	: 	: 	: 	: 	: 	: 	: 	: 	: 	: 	: 	: 	: 	: 	: 	: 	: 	: 	: 	: 	: 	: 	: 	: 	: 	: 	: 	: 	: 	: 
FLIGHT,CAF_PAS,SK_LZIB_IT_LICT	: 	: 	: 	: 	: 	: 	: 	: 	: 	16 	52 	52 	: 	: 	: 	16 	18 	16 	18 	18 	18 	16 	: 	: 	: 	120 	: 	: 	: 	: 	: 	: 	: 	: 	: 	: 	: 	: 	: 	: 	: 	: 	: 	20 	51 	52 	: 	: 	2 	18 	16 	17 	18 	18 	16 	18 	: 	: 	: 	123 	: 	: 	: 	: 	: 	: 	: 	: 	: 	: 	: 	: 	: 	: 	: 	: 	: 	: 	: 	: 	: 	: 	: 	: 	: 	: 	: 	: 	: 	: 	: 	: 	: 	: 	: 	: 	: 	: 	: 	: 	: 	: 	: 	: 	: 	: 	: 	: 	: 	: 	: 	: 	: 	: 	: 	: 	: 	: 	: 	: 	: 	: 	: 	: 	: 	: 	: 	: 	: 	: 	: 	: 	: 	: 	: 	: 	: 	: 	: 	: 	: 	: 	: 	: 	: 	: 	: 	: 	: 	: 	: 	: 	: 	: 	: 	: 	: 	: 	: 	: 	: 	: 	: 	: 	: 	: 	: 	: 	: 	: 	: 	: 	: 	: 	: 	: 	: 	: 	: 	: 	: 	: 	: 	: 	: 	: 	: 	: 	: 	: 	: 	: 	: 	: 	: 	: 	: 	: 	: 	: 	: 	: 	: 	: 	: 	: 	: 	: 	: 	: 	: 	: 	: 	: 	: 	: 	: 	: 	: 	: 	: 	: 	: 	: 	: 	: 	: 	: 	: 	: 	: 	: 	: 	: 	: 	: 	: 	: 
FLIGHT,CAF_PAS,SK_LZIB_IT_LIEA	: 	: 	: 	: 	: 	: 	: 	: 	: 	18 	52 	52 	54 	: 	: 	18 	16 	18 	18 	16 	18 	18 	18 	16 	20 	176 	50 	52 	52 	52 	22 	14 	14 	18 	18 	16 	18 	18 	16 	18 	16 	18 	206 	58 	62 	51 	52 	18 	18 	22 	28 	16 	18 	18 	17 	16 	18 	16 	18 	223 	52 	54 	52 	4 	18 	16 	18 	18 	18 	18 	16 	18 	18 	4 	: 	: 	162 	: 	: 	: 	: 	: 	: 	: 	: 	: 	: 	: 	: 	: 	: 	: 	: 	: 	: 	: 	: 	: 	: 	: 	: 	: 	: 	: 	: 	: 	: 	: 	: 	: 	: 	: 	: 	: 	: 	: 	: 	: 	: 	: 	: 	: 	: 	: 	: 	: 	: 	: 	: 	: 	: 	: 	: 	: 	: 	: 	: 	: 	: 	: 	: 	: 	: 	: 	: 	: 	: 	: 	: 	: 	: 	: 	: 	: 	: 	: 	: 	: 	: 	: 	: 	: 	: 	: 	: 	: 	: 	: 	: 	: 	: 	: 	: 	: 	: 	: 	: 	: 	: 	: 	: 	: 	: 	: 	: 	: 	: 	: 	: 	: 	: 	: 	: 	: 	: 	: 	: 	: 	: 	: 	: 	: 	: 	: 	: 	: 	: 	: 	: 	: 	: 	: 	: 	: 	: 	: 	: 	: 	: 	: 	: 	: 	: 	: 	: 	: 	: 	: 	: 	: 	: 	: 	: 	: 	: 	: 	: 	: 
FLIGHT,CAF_PAS,SK_LZIB_IT_LIME	104 	104 	36 	34 	36 	34 	34 	32 	38 	110 	106 	102 	108 	36 	36 	38 	34 	36 	36 	32 	36 	34 	34 	34 	40 	426 	110 	106 	106 	102 	40 	36 	34 	34 	36 	36 	36 	36 	34 	36 	32 	34 	424 	106 	106 	80 	128 	36 	34 	36 	36 	34 	36 	32 	14 	34 	44 	40 	44 	420 	130 	132 	131 	130 	42 	44 	44 	42 	46 	44 	43 	44 	44 	44 	38 	48 	523 	140 	147 	116 	133 	44 	42 	54 	50 	51 	46 	42 	42 	32 	44 	41 	48 	536 	132 	133 	130 	180 	48 	42 	42 	45 	44 	44 	42 	44 	44 	58 	56 	66 	575 	170 	146 	119 	200 	64 	60 	46 	43 	48 	55 	41 	42 	36 	59 	70 	71 	635 	207 	209 	197 	300 	67 	69 	71 	67 	70 	72 	66 	66 	65 	104 	96 	100 	913 	274 	184 	198 	210 	100 	101 	73 	60 	62 	62 	64 	66 	68 	73 	74 	63 	866 	184 	213 	218 	398 	60 	55 	69 	68 	73 	72 	67 	73 	78 	126 	128 	144 	1013 	408 	413 	404 	440 	140 	127 	141 	139 	138 	136 	129 	137 	138 	157 	139 	144 	1665 	: 	: 	: 	: 	: 	: 	: 	: 	: 	: 	: 	: 	: 	: 	: 	: 	: 	: 	: 	: 	: 	: 	: 	: 	: 	: 	: 	: 	: 	: 	: 	: 	: 	: 	: 	: 	: 	: 	: 	: 	: 	: 
FLIGHT,CAF_PAS,SK_LZIB_IT_LIPE	: 	: 	: 	: 	: 	: 	: 	: 	: 	: 	: 	: 	: 	: 	: 	: 	: 	: 	: 	: 	: 	: 	: 	: 	: 	: 	: 	: 	: 	: 	: 	: 	: 	: 	: 	: 	: 	: 	: 	: 	: 	: 	: 	: 	: 	: 	: 	: 	: 	: 	: 	: 	: 	: 	: 	: 	: 	: 	: 	: 	: 	: 	: 	: 	: 	: 	: 	: 	: 	: 	: 	: 	: 	: 	: 	: 	: 	: 	: 	: 	: 	: 	: 	: 	: 	: 	: 	: 	: 	: 	: 	: 	: 	: 	: 	: 	: 	: 	: 	: 	: 	: 	: 	: 	: 	: 	: 	: 	: 	: 	: 	28 	93 	98 	147 	2 	: 	26 	29 	29 	35 	34 	35 	29 	48 	50 	49 	366 	: 	: 	: 	: 	: 	: 	: 	: 	: 	: 	: 	: 	: 	: 	: 	: 	: 	: 	: 	: 	: 	: 	: 	: 	: 	: 	: 	: 	: 	: 	: 	: 	: 	: 	: 	: 	: 	: 	: 	: 	: 	: 	: 	: 	: 	: 	: 	: 	: 	: 	: 	: 	: 	: 	: 	: 	: 	: 	: 	: 	: 	: 	: 	: 	: 	: 	: 	: 	: 	: 	: 	: 	: 	: 	: 	: 	: 	: 	: 	: 	: 	: 	: 	: 	: 	: 	: 	: 	: 	: 	: 	: 	: 	: 	: 	: 	: 	: 	: 	: 	: 	: 	: 	: 	: 	: 	: 	: 	: 	: 
FLIGHT,CAF_PAS,SK_LZIB_IT_LIRA	82 	80 	26 	28 	30 	24 	28 	24 	28 	62 	81 	77 	80 	24 	26 	12 	26 	28 	27 	24 	26 	27 	28 	24 	28 	300 	88 	111 	108 	78 	29 	23 	36 	39 	36 	36 	36 	36 	36 	28 	22 	28 	385 	86 	105 	110 	60 	24 	28 	34 	35 	36 	34 	38 	37 	35 	24 	19 	17 	361 	66 	79 	79 	51 	18 	19 	29 	27 	26 	26 	27 	28 	24 	18 	17 	16 	275 	61 	74 	80 	82 	14 	15 	32 	20 	28 	26 	26 	26 	28 	32 	22 	28 	297 	82 	91 	81 	83 	29 	27 	26 	28 	33 	30 	27 	28 	26 	31 	26 	26 	337 	88 	80 	72 	79 	27 	30 	31 	26 	26 	28 	26 	26 	20 	28 	25 	26 	319 	: 	: 	: 	: 	: 	: 	: 	: 	: 	: 	: 	: 	: 	: 	: 	: 	: 	: 	: 	: 	: 	: 	: 	: 	: 	: 	: 	: 	: 	: 	: 	: 	: 	: 	: 	: 	: 	: 	: 	: 	: 	: 	: 	: 	: 	: 	: 	: 	: 	: 	: 	: 	: 	: 	: 	: 	: 	: 	: 	: 	: 	: 	: 	: 	: 	: 	: 	: 	: 	: 	: 	: 	: 	: 	: 	: 	: 	: 	: 	: 	: 	: 	: 	: 	: 	: 	: 	: 	: 	: 	: 	: 	: 	: 	: 	: 	: 	: 	: 	: 	: 	: 	: 	: 	: 	: 	: 	: 	: 	: 
FLIGHT,CAF_PAS,SK_LZIB_IT_LIRF	: 	: 	: 	: 	: 	: 	: 	: 	: 	: 	: 	: 	: 	: 	: 	: 	: 	: 	: 	: 	: 	: 	: 	: 	: 	: 	: 	: 	: 	: 	: 	: 	: 	: 	: 	: 	: 	: 	: 	: 	: 	: 	: 	: 	: 	: 	: 	: 	: 	: 	: 	: 	: 	: 	: 	: 	: 	: 	: 	: 	: 	: 	: 	: 	: 	: 	: 	: 	: 	: 	: 	: 	: 	: 	: 	: 	: 	: 	: 	: 	: 	: 	: 	: 	: 	: 	: 	: 	: 	: 	: 	: 	: 	: 	: 	: 	: 	: 	: 	: 	: 	: 	: 	: 	: 	: 	: 	: 	: 	: 	: 	: 	: 	: 	: 	: 	: 	: 	: 	: 	: 	: 	: 	: 	: 	: 	: 	: 	101 	84 	158 	154 	32 	36 	33 	14 	34 	36 	40 	58 	60 	62 	48 	44 	497 	183 	112 	166 	178 	60 	61 	62 	42 	36 	34 	44 	62 	60 	62 	58 	58 	639 	168 	115 	148 	126 	60 	54 	54 	43 	36 	36 	44 	52 	52 	54 	32 	40 	557 	150 	136 	152 	110 	50 	48 	52 	48 	42 	46 	48 	52 	52 	46 	32 	32 	548 	: 	: 	: 	: 	: 	: 	: 	: 	: 	: 	: 	: 	: 	: 	: 	: 	: 	: 	: 	: 	: 	: 	: 	: 	: 	: 	: 	: 	: 	: 	: 	: 	: 	: 	: 	: 	: 	: 	: 	: 	: 	: 
FLIGHT,CAF_PAS,SK_LZIB_IT_LIRP	: 	: 	: 	: 	: 	: 	: 	: 	: 	: 	: 	: 	: 	: 	: 	: 	: 	: 	: 	: 	: 	: 	: 	: 	: 	: 	: 	: 	: 	: 	: 	: 	: 	: 	: 	: 	: 	: 	: 	: 	: 	: 	: 	: 	: 	: 	: 	: 	: 	: 	: 	: 	: 	: 	: 	: 	: 	: 	: 	: 	: 	: 	: 	: 	: 	: 	: 	: 	: 	: 	: 	: 	: 	: 	: 	: 	: 	: 	: 	: 	: 	: 	: 	: 	: 	: 	: 	: 	: 	: 	: 	: 	: 	: 	: 	: 	: 	: 	: 	: 	: 	: 	: 	: 	: 	: 	: 	: 	: 	: 	: 	17 	54 	48 	51 	1 	: 	16 	18 	18 	18 	16 	16 	16 	16 	16 	19 	170 	: 	: 	: 	: 	: 	: 	: 	: 	: 	: 	: 	: 	: 	: 	: 	: 	: 	: 	: 	: 	: 	: 	: 	: 	: 	: 	: 	: 	: 	: 	: 	: 	: 	: 	: 	: 	: 	: 	: 	: 	: 	: 	: 	: 	: 	: 	: 	: 	: 	: 	: 	: 	: 	: 	: 	: 	: 	: 	: 	: 	: 	: 	: 	: 	: 	: 	: 	: 	: 	: 	: 	: 	: 	: 	: 	: 	: 	: 	: 	: 	: 	: 	: 	: 	: 	: 	: 	: 	: 	: 	: 	: 	: 	: 	: 	: 	: 	: 	: 	: 	: 	: 	: 	: 	: 	: 	: 	: 	: 	: 
FLIGHT,CAF_PAS,SK_LZIB_MK_LWSK	52 	52 	28 	18 	18 	16 	20 	14 	18 	50 	54 	52 	2 	16 	16 	18 	18 	18 	18 	16 	18 	18 	2 	: 	: 	158 	: 	: 	: 	: 	: 	: 	: 	: 	: 	: 	: 	: 	: 	: 	: 	: 	: 	: 	: 	: 	: 	: 	: 	: 	: 	: 	: 	: 	: 	: 	: 	: 	: 	: 	: 	: 	: 	: 	: 	: 	: 	: 	: 	: 	: 	: 	: 	: 	: 	: 	: 	: 	: 	: 	: 	: 	: 	: 	: 	: 	: 	: 	: 	: 	: 	: 	: 	: 	: 	: 	: 	: 	: 	: 	: 	: 	: 	: 	: 	: 	: 	: 	: 	: 	: 	: 	: 	: 	: 	: 	: 	: 	: 	: 	: 	: 	: 	: 	: 	: 	: 	: 	: 	: 	: 	: 	: 	: 	: 	: 	: 	: 	: 	: 	: 	: 	: 	: 	: 	: 	: 	: 	: 	: 	: 	: 	: 	: 	: 	: 	: 	: 	: 	: 	: 	: 	: 	: 	: 	: 	: 	: 	: 	: 	: 	: 	: 	: 	: 	: 	: 	: 	: 	: 	: 	: 	: 	: 	: 	: 	: 	: 	: 	: 	: 	: 	: 	: 	: 	: 	: 	: 	: 	: 	: 	: 	: 	: 	: 	: 	: 	: 	: 	: 	: 	: 	: 	: 	: 	: 	: 	: 	: 	: 	: 	: 	: 	: 	: 	: 	: 	: 	: 	: 	: 	: 	: 	: 	: 	: 	: 	: 
FLIGHT,CAF_PAS,SK_LZIB_NL_EHAM	: 	: 	: 	: 	: 	: 	: 	: 	: 	: 	: 	: 	: 	: 	: 	: 	: 	: 	: 	: 	: 	: 	: 	: 	: 	: 	: 	: 	: 	: 	: 	: 	: 	: 	: 	: 	: 	: 	: 	: 	: 	: 	: 	: 	: 	: 	: 	: 	: 	: 	: 	: 	: 	: 	: 	: 	: 	: 	: 	: 	: 	: 	: 	: 	: 	: 	: 	: 	: 	: 	: 	: 	: 	: 	: 	: 	: 	: 	: 	: 	: 	: 	: 	: 	: 	: 	: 	: 	: 	: 	: 	: 	: 	: 	: 	: 	: 	: 	: 	: 	: 	: 	: 	: 	: 	: 	: 	: 	: 	: 	: 	: 	: 	: 	: 	: 	: 	: 	: 	: 	: 	: 	: 	: 	: 	: 	: 	: 	: 	: 	: 	: 	: 	: 	: 	: 	: 	: 	: 	: 	: 	: 	: 	: 	: 	: 	: 	: 	: 	: 	: 	: 	: 	: 	: 	: 	: 	: 	: 	: 	: 	: 	54 	114 	169 	156 	: 	: 	54 	42 	36 	36 	45 	62 	62 	56 	48 	52 	493 	152 	162 	183 	142 	48 	44 	60 	56 	54 	52 	60 	63 	60 	54 	41 	47 	639 	: 	: 	: 	: 	: 	: 	: 	: 	: 	: 	: 	: 	: 	: 	: 	: 	: 	: 	: 	: 	: 	: 	: 	: 	: 	: 	: 	: 	: 	: 	: 	: 	: 	: 	: 	: 	: 	: 	: 	: 	: 	: 
FLIGHT,CAF_PAS,SK_LZIB_RO_LRBS	: 	: 	: 	: 	: 	: 	: 	: 	: 	: 	: 	: 	: 	: 	: 	: 	: 	: 	: 	: 	: 	: 	: 	: 	: 	: 	: 	: 	: 	: 	: 	: 	: 	: 	: 	: 	: 	: 	: 	: 	: 	: 	: 	: 	: 	: 	: 	: 	: 	: 	: 	: 	: 	: 	: 	: 	: 	: 	: 	: 	: 	: 	: 	: 	: 	: 	: 	: 	: 	: 	: 	: 	: 	: 	: 	: 	: 	: 	: 	: 	: 	: 	: 	: 	: 	: 	: 	: 	: 	: 	: 	: 	: 	: 	: 	: 	: 	: 	: 	: 	: 	: 	: 	: 	: 	: 	: 	: 	: 	: 	: 	: 	: 	: 	: 	: 	: 	: 	: 	: 	: 	: 	: 	: 	: 	: 	: 	: 	: 	: 	: 	: 	: 	: 	: 	: 	: 	: 	: 	: 	: 	: 	: 	: 	: 	: 	: 	: 	: 	: 	: 	: 	: 	: 	: 	: 	: 	: 	: 	: 	: 	: 	: 	: 	: 	: 	: 	: 	: 	: 	: 	: 	: 	: 	: 	: 	: 	: 	: 	93 	116 	106 	83 	29 	28 	36 	44 	36 	36 	34 	36 	36 	34 	25 	24 	398 	: 	: 	: 	: 	: 	: 	: 	: 	: 	: 	: 	: 	: 	: 	: 	: 	: 	: 	: 	: 	: 	: 	: 	: 	: 	: 	: 	: 	: 	: 	: 	: 	: 	: 	: 	: 	: 	: 	: 	: 	: 	: 
FLIGHT,CAF_PAS,SK_LZIB_RU_UUEE	: 	: 	: 	: 	: 	: 	: 	: 	: 	: 	: 	: 	: 	: 	: 	: 	: 	: 	: 	: 	: 	: 	: 	: 	: 	: 	: 	: 	: 	: 	: 	: 	: 	: 	: 	: 	: 	: 	: 	: 	: 	: 	: 	: 	: 	: 	: 	: 	: 	: 	: 	: 	: 	: 	: 	: 	: 	: 	: 	: 	: 	: 	: 	: 	: 	: 	: 	: 	: 	: 	: 	: 	: 	: 	: 	: 	: 	: 	: 	: 	: 	: 	: 	: 	: 	: 	: 	: 	: 	: 	: 	: 	: 	: 	: 	: 	: 	: 	: 	: 	: 	: 	: 	: 	: 	: 	: 	: 	: 	: 	: 	: 	: 	: 	: 	: 	: 	: 	: 	: 	: 	: 	: 	: 	: 	: 	: 	: 	: 	: 	: 	: 	: 	: 	: 	: 	: 	: 	: 	: 	: 	: 	: 	: 	: 	: 	: 	: 	: 	: 	: 	: 	: 	: 	: 	: 	: 	: 	: 	: 	: 	: 	: 	: 	: 	: 	: 	: 	: 	: 	: 	: 	: 	: 	: 	: 	: 	: 	: 	102 	105 	103 	103 	32 	34 	36 	34 	35 	36 	35 	36 	32 	35 	30 	38 	413 	: 	: 	: 	: 	: 	: 	: 	: 	: 	: 	: 	: 	: 	: 	: 	: 	: 	: 	: 	: 	: 	: 	: 	: 	: 	: 	: 	: 	: 	: 	: 	: 	: 	: 	: 	: 	: 	: 	: 	: 	: 	426 
FLIGHT,CAF_PAS,SK_LZIB_RU_UUWW	115 	122 	38 	38 	39 	38 	45 	33 	44 	135 	94 	150 	189 	43 	42 	50 	38 	30 	26 	29 	61 	60 	62 	64 	63 	568 	: 	: 	: 	: 	: 	: 	: 	: 	: 	: 	: 	: 	: 	: 	: 	: 	: 	: 	: 	: 	: 	: 	: 	: 	: 	: 	: 	: 	: 	: 	: 	: 	: 	: 	: 	: 	: 	: 	: 	: 	: 	: 	: 	: 	: 	: 	: 	: 	: 	: 	: 	141 	181 	168 	172 	43 	40 	58 	61 	58 	62 	56 	54 	58 	57 	59 	56 	662 	: 	: 	: 	: 	: 	: 	: 	: 	: 	: 	: 	: 	: 	: 	: 	: 	: 	: 	: 	: 	: 	: 	: 	: 	: 	: 	: 	: 	: 	: 	: 	: 	: 	: 	: 	: 	: 	: 	: 	: 	: 	: 	: 	: 	: 	: 	: 	: 	: 	: 	: 	: 	: 	: 	: 	: 	: 	: 	: 	: 	: 	: 	: 	: 	: 	: 	: 	: 	: 	: 	: 	: 	: 	: 	: 	: 	: 	: 	: 	: 	: 	: 	: 	: 	: 	: 	: 	: 	: 	: 	: 	: 	: 	: 	: 	: 	: 	: 	: 	: 	: 	: 	: 	: 	: 	: 	: 	: 	: 	: 	: 	: 	: 	: 	: 	: 	: 	: 	: 	: 	: 	: 	: 	: 	: 	: 	: 	: 	: 	: 	: 	: 	: 	: 	: 	: 	: 	: 	: 	: 	: 	: 	: 	: 
FLIGHT,CAF_PAS,SK_LZIB_SE_ESKN	: 	: 	: 	: 	: 	: 	: 	: 	: 	: 	: 	: 	: 	: 	: 	: 	: 	: 	: 	: 	: 	: 	: 	: 	: 	: 	: 	: 	: 	: 	: 	: 	: 	: 	: 	: 	: 	: 	: 	: 	: 	: 	: 	: 	: 	: 	: 	: 	: 	: 	: 	: 	: 	: 	: 	: 	: 	: 	: 	: 	: 	: 	: 	: 	: 	: 	: 	: 	: 	: 	: 	: 	: 	: 	: 	: 	: 	: 	: 	: 	: 	: 	: 	: 	: 	: 	: 	: 	: 	: 	: 	: 	: 	: 	: 	: 	: 	: 	: 	: 	: 	: 	: 	: 	: 	: 	: 	: 	: 	: 	: 	59 	80 	76 	75 	14 	18 	27 	26 	26 	28 	28 	26 	22 	26 	23 	26 	290 	72 	78 	78 	78 	28 	18 	26 	26 	26 	26 	26 	26 	26 	26 	24 	28 	306 	104 	148 	159 	130 	24 	26 	54 	60 	44 	44 	44 	63 	52 	44 	42 	44 	541 	: 	: 	: 	: 	: 	: 	: 	: 	: 	: 	: 	: 	: 	: 	: 	: 	: 	: 	: 	: 	: 	: 	: 	: 	: 	: 	: 	: 	: 	: 	: 	: 	: 	: 	: 	: 	: 	: 	: 	: 	: 	: 	: 	: 	: 	: 	: 	: 	: 	: 	: 	: 	: 	: 	: 	: 	: 	: 	: 	: 	: 	: 	: 	: 	: 	: 	: 	: 	: 	: 	: 	: 	: 	: 	: 	: 
FLIGHT,CAF_PAS,SK_LZIB_SK_LZKZ	: 	: 	: 	: 	: 	: 	: 	: 	: 	243 	195 	282 	233 	77 	96 	70 	74 	65 	56 	112 	86 	84 	96 	76 	61 	953 	253 	187 	226 	190 	88 	91 	74 	77 	53 	57 	84 	69 	73 	70 	67 	53 	856 	: 	: 	: 	: 	: 	: 	: 	: 	: 	: 	: 	: 	: 	: 	: 	: 	: 	: 	: 	: 	: 	: 	: 	: 	: 	: 	: 	: 	: 	: 	: 	: 	: 	: 	217 	286 	282 	246 	53 	64 	100 	87 	103 	96 	90 	102 	90 	95 	82 	69 	1031 	272 	294 	336 	294 	81 	91 	100 	101 	98 	95 	106 	132 	98 	107 	98 	89 	1196 	295 	365 	353 	376 	89 	93 	113 	117 	125 	123 	127 	117 	109 	134 	114 	128 	1389 	406 	587 	752 	502 	137 	131 	138 	135 	216 	236 	242 	242 	268 	177 	150 	175 	2247 	511 	533 	591 	573 	156 	176 	179 	175 	178 	180 	183 	208 	200 	197 	184 	192 	2208 	560 	376 	434 	366 	169 	189 	202 	128 	124 	124 	137 	152 	145 	135 	110 	121 	1736 	341 	358 	352 	348 	106 	117 	118 	115 	125 	118 	120 	124 	108 	126 	107 	115 	1399 	: 	: 	: 	: 	: 	: 	: 	: 	: 	: 	: 	: 	: 	: 	: 	: 	: 	: 	: 	: 	: 	: 	: 	: 	: 	: 	: 	: 	: 	: 	: 	: 	: 	: 	: 	: 	: 	: 	: 	: 	: 	960 
FLIGHT,CAF_PAS,SK_LZIB_TN_DTMB	: 	: 	: 	: 	: 	: 	: 	: 	: 	: 	: 	: 	: 	: 	: 	: 	: 	: 	: 	: 	: 	: 	: 	: 	: 	: 	: 	: 	: 	: 	: 	: 	: 	: 	: 	: 	: 	: 	: 	: 	: 	: 	: 	1 	162 	34 	: 	: 	: 	1 	42 	58 	62 	33 	1 	: 	: 	: 	: 	197 	2 	162 	41 	: 	: 	: 	2 	35 	65 	62 	40 	1 	: 	: 	: 	: 	205 	1 	177 	51 	: 	: 	: 	1 	32 	73 	72 	49 	2 	: 	: 	: 	: 	229 	2 	140 	17 	: 	: 	: 	2 	40 	54 	46 	17 	: 	: 	: 	: 	: 	159 	4 	158 	49 	: 	: 	: 	4 	42 	55 	61 	40 	9 	: 	: 	: 	: 	211 	6 	172 	63 	: 	: 	: 	6 	50 	58 	64 	52 	11 	: 	: 	: 	: 	241 	6 	244 	86 	: 	: 	: 	6 	72 	84 	88 	67 	19 	: 	: 	: 	: 	336 	19 	186 	69 	: 	: 	: 	19 	52 	62 	72 	56 	12 	1 	: 	: 	: 	274 	12 	158 	59 	: 	: 	: 	12 	50 	54 	54 	50 	9 	: 	: 	: 	: 	229 	: 	: 	: 	: 	: 	: 	: 	: 	: 	: 	: 	: 	: 	: 	: 	: 	: 	: 	: 	: 	: 	: 	: 	: 	: 	: 	: 	: 	: 	: 	: 	: 	: 	: 	: 	: 	: 	: 	: 	: 	: 	164 
FLIGHT,CAF_PAS,SK_LZIB_TR_LTAI	71 	5 	150 	67 	4 	: 	: 	1 	4 	5 	242 	36 	1 	: 	2 	3 	62 	77 	103 	35 	1 	: 	: 	: 	1 	284 	9 	679 	184 	5 	: 	2 	7 	171 	248 	260 	170 	14 	: 	4 	: 	1 	877 	15 	545 	151 	: 	1 	2 	12 	147 	200 	198 	134 	17 	: 	: 	: 	: 	711 	24 	591 	170 	7 	1 	1 	22 	159 	213 	219 	161 	8 	1 	6 	1 	: 	792 	26 	472 	159 	2 	: 	3 	23 	137 	164 	171 	142 	13 	4 	2 	: 	: 	659 	35 	564 	190 	8 	: 	3 	32 	164 	195 	205 	161 	19 	10 	8 	: 	: 	797 	34 	360 	144 	: 	: 	8 	26 	98 	130 	132 	121 	22 	1 	: 	: 	: 	538 	17 	362 	120 	: 	: 	: 	17 	109 	131 	122 	105 	12 	3 	: 	: 	: 	499 	4 	346 	107 	2 	: 	: 	4 	96 	124 	126 	107 	: 	: 	: 	: 	2 	459 	8 	220 	68 	: 	: 	4 	4 	63 	78 	79 	68 	: 	: 	: 	: 	: 	296 	7 	148 	36 	4 	4 	: 	3 	36 	58 	54 	36 	: 	: 	4 	: 	: 	195 	: 	: 	: 	: 	: 	: 	: 	: 	: 	: 	: 	: 	: 	: 	: 	: 	: 	: 	: 	: 	: 	: 	: 	: 	: 	: 	: 	: 	: 	: 	: 	: 	: 	: 	: 	: 	: 	: 	: 	: 	: 	131 
FLIGHT,CAF_PAS,SK_LZIB_UK_EGBB	78 	78 	26 	26 	26 	26 	26 	24 	28 	80 	82 	78 	91 	28 	26 	26 	26 	30 	26 	26 	26 	26 	28 	31 	32 	331 	80 	78 	78 	78 	30 	22 	28 	26 	26 	26 	26 	26 	26 	26 	24 	28 	314 	70 	73 	80 	58 	24 	26 	20 	18 	27 	28 	25 	29 	26 	18 	18 	22 	281 	66 	78 	78 	48 	20 	18 	28 	24 	28 	26 	26 	26 	26 	16 	16 	16 	270 	58 	78 	78 	78 	20 	14 	24 	26 	26 	26 	26 	28 	24 	28 	24 	26 	292 	80 	78 	78 	80 	28 	26 	26 	26 	26 	26 	26 	26 	26 	28 	24 	28 	316 	79 	82 	74 	76 	26 	27 	26 	26 	28 	28 	28 	26 	20 	26 	24 	26 	311 	81 	76 	85 	33 	28 	25 	28 	26 	26 	24 	26 	27 	32 	11 	8 	14 	275 	99 	182 	124 	151 	34 	36 	29 	58 	62 	62 	38 	38 	48 	55 	47 	49 	556 	: 	: 	: 	: 	: 	: 	: 	: 	: 	: 	: 	: 	: 	: 	: 	: 	: 	: 	: 	: 	: 	: 	: 	: 	: 	: 	: 	: 	: 	: 	: 	: 	: 	: 	: 	: 	: 	: 	: 	: 	: 	: 	: 	: 	: 	: 	: 	: 	: 	: 	: 	: 	: 	: 	: 	: 	: 	: 	: 	: 	: 	: 	: 	: 	: 	: 	: 	: 	: 	: 	: 	: 	: 	: 	: 	: 
FLIGHT,CAF_PAS,SK_LZIB_UK_EGCC	78 	80 	26 	26 	26 	26 	26 	24 	30 	80 	80 	78 	: 	28 	26 	26 	26 	26 	28 	26 	26 	26 	: 	: 	: 	238 	: 	: 	: 	: 	: 	: 	: 	: 	: 	: 	: 	: 	: 	: 	: 	: 	: 	: 	: 	: 	: 	: 	: 	: 	: 	: 	: 	: 	: 	: 	: 	: 	: 	: 	: 	: 	: 	: 	: 	: 	: 	: 	: 	: 	: 	: 	: 	: 	: 	: 	: 	: 	: 	: 	: 	: 	: 	: 	: 	: 	: 	: 	: 	: 	: 	: 	: 	: 	: 	: 	: 	: 	: 	: 	: 	: 	: 	: 	: 	: 	: 	: 	: 	: 	: 	: 	: 	: 	: 	: 	: 	: 	: 	: 	: 	: 	: 	: 	: 	: 	: 	: 	20 	88 	149 	161 	17 	3 	: 	: 	42 	46 	45 	52 	52 	63 	50 	48 	418 	174 	184 	184 	182 	60 	52 	62 	60 	62 	62 	60 	62 	62 	62 	58 	62 	724 	154 	106 	105 	86 	60 	54 	40 	35 	36 	35 	36 	35 	34 	28 	24 	34 	451 	88 	106 	104 	78 	28 	26 	34 	36 	34 	36 	34 	36 	34 	28 	24 	26 	376 	: 	: 	: 	: 	: 	: 	: 	: 	: 	: 	: 	: 	: 	: 	: 	: 	: 	: 	: 	: 	: 	: 	: 	: 	: 	: 	: 	: 	: 	: 	: 	: 	: 	: 	: 	: 	: 	: 	: 	: 	: 	: 
FLIGHT,CAF_PAS,SK_LZIB_UK_EGGD	: 	: 	: 	: 	: 	: 	: 	: 	: 	: 	: 	: 	: 	: 	: 	: 	: 	: 	: 	: 	: 	: 	: 	: 	: 	: 	: 	: 	: 	: 	: 	: 	: 	: 	: 	: 	: 	: 	: 	: 	: 	: 	: 	: 	: 	: 	: 	: 	: 	: 	: 	: 	: 	: 	: 	: 	: 	: 	: 	: 	20 	52 	52 	6 	: 	2 	18 	18 	18 	16 	18 	18 	16 	6 	: 	: 	130 	18 	54 	52 	52 	: 	4 	14 	18 	18 	18 	16 	18 	18 	16 	18 	18 	176 	: 	: 	: 	: 	: 	: 	: 	: 	: 	: 	: 	: 	: 	: 	: 	: 	: 	58 	52 	46 	50 	22 	16 	20 	16 	18 	18 	16 	16 	14 	16 	16 	18 	206 	54 	52 	51 	50 	18 	18 	18 	16 	18 	18 	18 	18 	15 	18 	14 	18 	207 	58 	51 	66 	78 	14 	18 	26 	17 	16 	18 	18 	22 	26 	26 	24 	28 	253 	: 	: 	: 	: 	: 	: 	: 	: 	: 	: 	: 	: 	: 	: 	: 	: 	: 	: 	: 	: 	: 	: 	: 	: 	: 	: 	: 	: 	: 	: 	: 	: 	: 	: 	: 	: 	: 	: 	: 	: 	: 	: 	: 	: 	: 	: 	: 	: 	: 	: 	: 	: 	: 	: 	: 	: 	: 	: 	: 	: 	: 	: 	: 	: 	: 	: 	: 	: 	: 	: 	: 	: 	: 	: 	: 	: 
FLIGHT,CAF_PAS,SK_LZIB_UK_EGGP	: 	: 	: 	: 	: 	: 	: 	: 	: 	: 	: 	: 	: 	: 	: 	: 	: 	: 	: 	: 	: 	: 	: 	: 	: 	: 	82 	78 	78 	78 	30 	24 	28 	26 	26 	26 	26 	26 	26 	26 	24 	28 	316 	76 	65 	61 	54 	24 	26 	26 	18 	19 	28 	16 	19 	26 	18 	16 	20 	256 	66 	78 	78 	60 	20 	18 	28 	26 	28 	24 	26 	26 	26 	24 	16 	20 	282 	62 	79 	78 	78 	20 	16 	26 	27 	26 	26 	26 	28 	24 	28 	24 	26 	297 	73 	53 	52 	54 	28 	26 	19 	16 	19 	18 	16 	18 	18 	18 	16 	20 	232 	64 	80 	73 	74 	20 	18 	26 	26 	26 	28 	26 	27 	20 	26 	24 	24 	291 	: 	: 	: 	: 	: 	: 	: 	: 	: 	: 	: 	: 	: 	: 	: 	: 	: 	: 	: 	: 	: 	: 	: 	: 	: 	: 	: 	: 	: 	: 	: 	: 	: 	: 	: 	: 	: 	: 	: 	: 	: 	: 	: 	: 	: 	: 	: 	: 	: 	: 	: 	: 	: 	: 	: 	: 	: 	: 	: 	: 	: 	: 	: 	: 	: 	: 	: 	: 	: 	: 	: 	: 	: 	: 	: 	: 	: 	: 	: 	: 	: 	: 	: 	: 	: 	: 	: 	: 	: 	: 	: 	: 	: 	: 	: 	: 	: 	: 	: 	: 	: 	: 	: 	: 	: 	: 	: 	: 	: 	: 
FLIGHT,CAF_PAS,SK_LZIB_UK_EGGW	: 	: 	: 	: 	: 	: 	: 	: 	: 	38 	106 	106 	105 	: 	2 	36 	34 	36 	36 	35 	35 	36 	32 	34 	39 	355 	107 	118 	127 	106 	37 	34 	36 	34 	39 	45 	39 	46 	42 	37 	32 	37 	458 	110 	115 	108 	106 	32 	34 	44 	43 	37 	35 	38 	35 	35 	40 	32 	34 	439 	108 	108 	112 	85 	39 	35 	34 	38 	34 	36 	39 	37 	36 	28 	25 	32 	413 	108 	137 	137 	96 	30 	32 	46 	44 	46 	47 	44 	47 	46 	37 	27 	32 	478 	127 	195 	185 	188 	35 	28 	64 	63 	64 	68 	61 	63 	61 	63 	59 	66 	695 	189 	188 	176 	12 	64 	60 	65 	61 	65 	62 	62 	62 	52 	10 	1 	1 	565 	8 	107 	179 	232 	2 	: 	6 	3 	50 	54 	52 	64 	63 	78 	66 	88 	526 	337 	400 	362 	314 	102 	112 	123 	130 	130 	140 	113 	129 	120 	112 	96 	106 	1413 	: 	: 	: 	: 	: 	: 	: 	: 	: 	: 	: 	: 	: 	: 	: 	: 	: 	9 	153 	180 	180 	3 	1 	5 	59 	51 	43 	66 	56 	58 	62 	55 	63 	522 	: 	: 	: 	: 	: 	: 	: 	: 	: 	: 	: 	: 	: 	: 	: 	: 	: 	: 	: 	: 	: 	: 	: 	: 	: 	: 	: 	: 	: 	: 	: 	: 	: 	: 	: 	: 	: 	: 	: 	: 	: 	: 
FLIGHT,CAF_PAS,SK_LZIB_UK_EGNM	53 	53 	21 	18 	18 	17 	19 	16 	18 	: 	: 	: 	: 	: 	: 	: 	: 	: 	: 	: 	: 	: 	: 	: 	: 	: 	: 	: 	: 	: 	: 	: 	: 	: 	: 	: 	: 	: 	: 	: 	: 	: 	: 	: 	: 	: 	: 	: 	: 	: 	: 	: 	: 	: 	: 	: 	: 	: 	: 	: 	: 	: 	: 	: 	: 	: 	: 	: 	: 	: 	: 	: 	: 	: 	: 	: 	: 	: 	: 	: 	: 	: 	: 	: 	: 	: 	: 	: 	: 	: 	: 	: 	: 	: 	: 	: 	: 	: 	: 	: 	: 	: 	: 	: 	: 	: 	: 	: 	: 	: 	: 	: 	: 	: 	: 	: 	: 	: 	: 	: 	: 	: 	: 	: 	: 	: 	: 	: 	: 	: 	: 	: 	: 	: 	: 	: 	: 	: 	: 	: 	: 	: 	: 	: 	: 	: 	: 	: 	: 	: 	: 	: 	: 	: 	: 	: 	: 	: 	: 	: 	: 	: 	: 	: 	: 	: 	: 	: 	: 	: 	: 	: 	: 	: 	: 	: 	: 	: 	: 	: 	: 	: 	: 	: 	: 	: 	: 	: 	: 	: 	: 	: 	: 	: 	: 	: 	: 	: 	: 	: 	: 	: 	: 	: 	: 	: 	: 	: 	: 	: 	: 	: 	: 	: 	: 	: 	: 	: 	: 	: 	: 	: 	: 	: 	: 	: 	: 	: 	: 	: 	: 	: 	: 	: 	: 	: 	: 	: 
FLIGHT,CAF_PAS,SK_LZIB_UK_EGNX	: 	: 	: 	: 	: 	: 	: 	: 	: 	: 	: 	: 	: 	: 	: 	: 	: 	: 	: 	: 	: 	: 	: 	: 	: 	: 	: 	: 	: 	: 	: 	: 	: 	: 	: 	: 	: 	: 	: 	: 	: 	: 	: 	: 	: 	: 	: 	: 	: 	: 	: 	: 	: 	: 	: 	: 	: 	: 	: 	: 	: 	: 	: 	: 	: 	: 	: 	: 	: 	: 	: 	: 	: 	: 	: 	: 	: 	: 	: 	: 	: 	: 	: 	: 	: 	: 	: 	: 	: 	: 	: 	: 	: 	: 	: 	: 	: 	: 	: 	: 	: 	: 	: 	: 	: 	: 	: 	: 	: 	: 	: 	: 	: 	: 	: 	: 	: 	: 	: 	: 	: 	: 	: 	: 	: 	: 	: 	: 	: 	10 	52 	96 	: 	: 	: 	: 	: 	10 	16 	18 	18 	32 	30 	34 	158 	102 	104 	105 	102 	32 	34 	36 	34 	36 	34 	37 	34 	34 	36 	34 	32 	413 	102 	106 	104 	38 	32 	34 	36 	34 	36 	36 	34 	34 	36 	34 	4 	: 	350 	: 	: 	: 	: 	: 	: 	: 	: 	: 	: 	: 	: 	: 	: 	: 	: 	: 	: 	: 	: 	: 	: 	: 	: 	: 	: 	: 	: 	: 	: 	: 	: 	: 	: 	: 	: 	: 	: 	: 	: 	: 	: 	: 	: 	: 	: 	: 	: 	: 	: 	: 	: 	: 	: 	: 	: 	: 	: 	: 
FLIGHT,CAF_PAS,SK_LZIB_UK_EGPH	52 	52 	26 	18 	16 	18 	18 	16 	18 	52 	63 	52 	8 	18 	16 	18 	17 	18 	28 	18 	18 	16 	8 	: 	: 	175 	13 	64 	53 	2 	: 	: 	13 	18 	18 	28 	17 	18 	18 	2 	: 	: 	132 	14 	66 	52 	: 	: 	: 	14 	18 	21 	27 	16 	18 	18 	: 	: 	: 	132 	32 	79 	78 	4 	: 	4 	28 	24 	29 	26 	26 	26 	26 	4 	: 	: 	193 	24 	54 	68 	52 	: 	: 	24 	26 	10 	18 	26 	26 	16 	16 	18 	18 	198 	60 	78 	76 	60 	14 	18 	28 	26 	26 	26 	26 	24 	26 	26 	16 	18 	274 	65 	106 	95 	53 	14 	17 	34 	36 	34 	36 	34 	34 	27 	20 	16 	17 	319 	64 	106 	98 	75 	14 	18 	32 	34 	36 	36 	34 	36 	28 	26 	22 	27 	343 	: 	: 	: 	: 	: 	: 	: 	: 	: 	: 	: 	: 	: 	: 	: 	: 	: 	: 	: 	: 	: 	: 	: 	: 	: 	: 	: 	: 	: 	: 	: 	: 	: 	: 	: 	: 	: 	: 	: 	: 	: 	: 	: 	: 	: 	: 	: 	: 	: 	: 	: 	: 	: 	: 	: 	: 	: 	: 	: 	: 	: 	: 	: 	: 	: 	: 	: 	: 	: 	: 	: 	: 	: 	: 	: 	: 	: 	: 	: 	: 	: 	: 	: 	: 	: 	: 	: 	: 	: 	: 	: 	: 	: 
FLIGHT,CAF_PAS,SK_LZIB_UK_EGSS	261 	267 	78 	86 	88 	87 	90 	83 	94 	306 	355 	365 	363 	94 	88 	124 	121 	109 	125 	121 	124 	120 	124 	116 	123 	1389 	367 	349 	367 	361 	122 	121 	124 	120 	105 	124 	123 	124 	120 	124 	113 	124 	1444 	359 	292 	313 	290 	123 	120 	116 	104 	88 	100 	103 	108 	102 	96 	90 	104 	1254 	319 	306 	321 	283 	102 	95 	122 	118 	91 	97 	110 	109 	102 	101 	84 	98 	1229 	331 	397 	323 	294 	97 	96 	138 	136 	132 	129 	121 	112 	90 	96 	92 	106 	1345 	319 	369 	365 	348 	102 	93 	124 	122 	123 	124 	121 	124 	120 	124 	100 	124 	1401 	354 	369 	337 	515 	117 	112 	125 	121 	124 	124 	120 	124 	93 	171 	164 	180 	1575 	493 	382 	364 	356 	163 	172 	158 	134 	124 	124 	120 	124 	120 	124 	108 	124 	1595 	352 	368 	364 	370 	112 	120 	120 	120 	124 	124 	120 	124 	120 	126 	117 	127 	1454 	450 	654 	649 	564 	117 	122 	211 	212 	222 	220 	214 	222 	213 	202 	174 	188 	2317 	609 	656 	650 	578 	195 	190 	224 	214 	222 	220 	218 	222 	210 	210 	174 	194 	2493 	: 	: 	: 	: 	: 	: 	: 	: 	: 	: 	: 	: 	: 	: 	: 	: 	: 	: 	: 	: 	: 	: 	: 	: 	: 	: 	: 	: 	: 	: 	: 	: 	: 	: 	: 	: 	: 	: 	: 	: 	: 	: 
FLIGHT,CAF_PAS,SK_LZKZ_AT_LOWW	290 	224 	100 	100 	99 	91 	86 	64 	74 	275 	311 	304 	246 	81 	88 	106 	102 	114 	95 	95 	107 	102 	84 	79 	83 	1136 	273 	319 	313 	257 	81 	86 	106 	106 	106 	107 	104 	108 	101 	93 	84 	80 	1162 	270 	322 	314 	255 	83 	84 	103 	108 	108 	106 	104 	108 	102 	88 	82 	85 	1161 	275 	321 	319 	255 	85 	85 	105 	102 	108 	111 	105 	107 	107 	87 	82 	86 	1170 	259 	281 	261 	256 	78 	88 	93 	91 	94 	96 	88 	86 	87 	92 	85 	79 	1057 	253 	262 	244 	245 	79 	87 	87 	89 	86 	87 	74 	90 	80 	88 	76 	81 	1004 	237 	257 	232 	226 	74 	78 	85 	85 	90 	82 	81 	84 	67 	75 	72 	79 	952 	224 	240 	218 	230 	62 	78 	84 	80 	79 	81 	77 	72 	69 	80 	75 	75 	912 	243 	317 	308 	271 	63 	86 	94 	103 	105 	109 	103 	100 	105 	89 	92 	90 	1139 	280 	319 	289 	276 	76 	98 	106 	101 	109 	109 	102 	100 	87 	97 	89 	90 	1164 	267 	291 	278 	246 	77 	92 	98 	94 	100 	97 	98 	95 	85 	88 	78 	80 	1082 	: 	: 	: 	: 	: 	: 	: 	: 	: 	: 	: 	: 	: 	: 	: 	: 	: 	: 	: 	: 	: 	: 	: 	: 	: 	: 	: 	: 	: 	: 	: 	: 	: 	: 	: 	: 	: 	: 	: 	: 	: 	483 
FLIGHT,CAF_PAS,SK_LZKZ_BG_LBBG	: 	: 	: 	: 	: 	: 	: 	: 	: 	: 	172 	23 	: 	: 	: 	: 	18 	76 	78 	23 	: 	: 	: 	: 	: 	195 	: 	149 	17 	: 	: 	: 	: 	17 	62 	70 	17 	: 	: 	: 	: 	: 	166 	: 	156 	21 	: 	: 	: 	: 	10 	74 	72 	21 	: 	: 	: 	: 	: 	177 	: 	147 	15 	: 	: 	: 	: 	9 	70 	68 	15 	: 	: 	: 	: 	: 	162 	: 	143 	19 	: 	: 	: 	: 	10 	69 	64 	19 	: 	: 	: 	: 	: 	162 	: 	115 	15 	: 	: 	: 	: 	11 	52 	52 	15 	: 	: 	: 	: 	: 	130 	: 	: 	: 	: 	: 	: 	: 	: 	: 	: 	: 	: 	: 	: 	: 	: 	: 	: 	: 	: 	: 	: 	: 	: 	: 	: 	: 	: 	: 	: 	: 	: 	: 	: 	: 	: 	: 	: 	: 	: 	: 	: 	: 	: 	: 	: 	: 	: 	: 	: 	: 	: 	: 	: 	: 	: 	: 	: 	: 	: 	: 	: 	: 	: 	: 	: 	: 	: 	: 	: 	: 	: 	: 	: 	: 	: 	: 	: 	: 	: 	: 	: 	: 	: 	: 	: 	: 	: 	: 	: 	: 	: 	: 	: 	: 	: 	: 	: 	: 	: 	: 	: 	: 	: 	: 	: 	: 	: 	: 	: 	: 	: 	: 	: 	: 	: 	: 	: 	: 	: 	: 	: 	: 	: 	: 	: 	: 
FLIGHT,CAF_PAS,SK_LZKZ_CZ_LKPR	269 	203 	98 	93 	93 	83 	66 	66 	71 	243 	292 	260 	187 	79 	82 	82 	103 	102 	87 	79 	84 	97 	80 	52 	55 	982 	237 	271 	271 	248 	75 	73 	89 	91 	84 	96 	88 	92 	91 	85 	81 	82 	1027 	285 	347 	341 	328 	87 	93 	105 	124 	116 	107 	109 	116 	116 	110 	100 	118 	1301 	394 	329 	334 	327 	167 	111 	116 	116 	107 	106 	102 	120 	112 	123 	103 	101 	1384 	362 	335 	480 	451 	122 	120 	120 	112 	108 	115 	148 	164 	168 	145 	148 	158 	1628 	564 	661 	682 	653 	171 	167 	226 	231 	216 	214 	228 	232 	222 	229 	206 	218 	2560 	674 	688 	663 	624 	218 	225 	231 	225 	232 	231 	226 	237 	200 	221 	195 	208 	2649 	660 	689 	638 	610 	217 	216 	227 	226 	229 	234 	223 	212 	203 	193 	199 	218 	2597 	678 	871 	899 	826 	210 	211 	257 	288 	291 	292 	296 	317 	286 	290 	246 	290 	3274 	800 	698 	678 	520 	272 	287 	241 	220 	242 	236 	220 	233 	225 	192 	159 	169 	2696 	517 	533 	526 	513 	171 	170 	176 	173 	182 	178 	176 	180 	170 	178 	161 	174 	2089 	: 	: 	: 	: 	: 	: 	: 	: 	: 	: 	: 	: 	: 	: 	: 	: 	: 	: 	: 	: 	: 	: 	: 	: 	: 	: 	: 	: 	: 	: 	: 	: 	: 	: 	: 	: 	: 	: 	: 	: 	: 	2365 
FLIGHT,CAF_PAS,SK_LZKZ_EG_HEGN	: 	: 	: 	: 	: 	: 	: 	: 	: 	: 	: 	: 	: 	: 	: 	: 	: 	: 	: 	: 	: 	: 	: 	: 	: 	: 	: 	: 	: 	: 	: 	: 	: 	: 	: 	: 	: 	: 	: 	: 	: 	: 	: 	: 	: 	: 	: 	: 	: 	: 	: 	: 	: 	: 	: 	: 	: 	: 	: 	: 	: 	: 	: 	: 	: 	: 	: 	: 	: 	: 	: 	: 	: 	: 	: 	: 	: 	: 	: 	: 	: 	: 	: 	: 	: 	: 	: 	: 	: 	: 	: 	: 	: 	: 	: 	: 	: 	: 	: 	: 	: 	: 	: 	: 	: 	: 	: 	: 	: 	: 	: 	7 	78 	31 	: 	: 	: 	7 	26 	23 	29 	26 	5 	: 	: 	: 	: 	116 	4 	85 	31 	: 	: 	: 	4 	27 	28 	30 	28 	3 	: 	: 	: 	: 	120 	9 	102 	38 	: 	: 	: 	9 	32 	34 	36 	31 	7 	: 	: 	: 	: 	149 	12 	66 	30 	: 	: 	: 	12 	18 	24 	24 	22 	8 	: 	: 	: 	: 	108 	: 	: 	: 	: 	: 	: 	: 	: 	: 	: 	: 	: 	: 	: 	: 	: 	: 	: 	: 	: 	: 	: 	: 	: 	: 	: 	: 	: 	: 	: 	: 	: 	: 	: 	: 	: 	: 	: 	: 	: 	: 	: 	: 	: 	: 	: 	: 	: 	: 	: 	: 	: 	: 	: 	: 	: 	: 	: 	: 
FLIGHT,CAF_PAS,SK_LZKZ_IE_EIDW	: 	: 	: 	: 	: 	: 	: 	: 	: 	: 	: 	: 	: 	: 	: 	: 	: 	: 	: 	: 	: 	: 	: 	: 	: 	: 	: 	: 	: 	: 	: 	: 	: 	: 	: 	: 	: 	: 	: 	: 	: 	: 	: 	: 	: 	: 	: 	: 	: 	: 	: 	: 	: 	: 	: 	: 	: 	: 	: 	: 	: 	: 	: 	: 	: 	: 	: 	: 	: 	: 	: 	: 	: 	: 	: 	: 	: 	: 	: 	: 	: 	: 	: 	: 	: 	: 	: 	: 	: 	: 	: 	: 	: 	: 	: 	: 	: 	: 	: 	: 	: 	: 	: 	: 	: 	: 	: 	: 	: 	: 	: 	: 	: 	: 	: 	: 	: 	: 	: 	: 	: 	: 	: 	: 	: 	: 	: 	: 	: 	: 	: 	: 	: 	: 	: 	: 	: 	: 	: 	: 	: 	: 	: 	: 	: 	23 	80 	78 	77 	: 	: 	23 	26 	26 	28 	24 	28 	26 	26 	24 	27 	258 	: 	: 	: 	: 	: 	: 	: 	: 	: 	: 	: 	: 	: 	: 	: 	: 	: 	: 	: 	: 	: 	: 	: 	: 	: 	: 	: 	: 	: 	: 	: 	: 	: 	: 	: 	: 	: 	: 	: 	: 	: 	: 	: 	: 	: 	: 	: 	: 	: 	: 	: 	: 	: 	: 	: 	: 	: 	: 	: 	: 	: 	: 	: 	: 	: 	: 	: 	: 	: 	: 	: 	: 	: 	: 	: 	: 
FLIGHT,CAF_PAS,SK_LZKZ_IT_LIME	: 	: 	: 	: 	: 	: 	: 	: 	: 	: 	: 	: 	: 	: 	: 	: 	: 	: 	: 	: 	: 	: 	: 	: 	: 	: 	51 	52 	16 	: 	14 	18 	19 	16 	18 	18 	16 	: 	: 	: 	: 	: 	119 	: 	: 	: 	: 	: 	: 	: 	: 	: 	: 	: 	: 	: 	: 	: 	: 	: 	: 	: 	: 	: 	: 	: 	: 	: 	: 	: 	: 	: 	: 	: 	: 	: 	: 	: 	: 	: 	: 	: 	: 	: 	: 	: 	: 	: 	: 	: 	: 	: 	: 	: 	: 	: 	: 	: 	: 	: 	: 	: 	: 	: 	: 	: 	: 	: 	: 	: 	: 	: 	: 	: 	: 	: 	: 	: 	: 	: 	: 	: 	: 	: 	: 	: 	: 	: 	: 	: 	: 	: 	: 	: 	: 	: 	: 	: 	: 	: 	: 	: 	: 	: 	: 	: 	: 	: 	: 	: 	: 	: 	: 	: 	: 	: 	: 	: 	: 	: 	: 	: 	: 	: 	: 	: 	: 	: 	: 	: 	: 	: 	: 	: 	: 	: 	: 	: 	: 	: 	: 	: 	: 	: 	: 	: 	: 	: 	: 	: 	: 	: 	: 	: 	: 	: 	: 	: 	: 	: 	: 	: 	: 	: 	: 	: 	: 	: 	: 	: 	: 	: 	: 	: 	: 	: 	: 	: 	: 	: 	: 	: 	: 	: 	: 	: 	: 	: 	: 	: 	: 	: 	: 	: 	: 	: 	: 	: 
FLIGHT,CAF_PAS,SK_LZKZ_PL_EPWA	: 	: 	: 	: 	: 	: 	: 	: 	: 	151 	150 	154 	6 	49 	52 	50 	52 	50 	48 	52 	51 	51 	5 	1 	: 	461 	: 	: 	: 	: 	: 	: 	: 	: 	: 	: 	: 	: 	: 	: 	: 	: 	: 	: 	: 	: 	: 	: 	: 	: 	: 	: 	: 	: 	: 	: 	: 	: 	: 	: 	: 	: 	: 	: 	: 	: 	: 	: 	: 	: 	: 	: 	: 	: 	: 	: 	: 	: 	: 	: 	: 	: 	: 	: 	: 	: 	: 	: 	: 	: 	: 	: 	: 	: 	: 	: 	: 	: 	: 	: 	: 	: 	: 	: 	: 	: 	: 	: 	: 	: 	: 	: 	: 	: 	: 	: 	: 	: 	: 	: 	: 	: 	: 	: 	: 	: 	: 	: 	: 	: 	: 	: 	: 	: 	: 	: 	: 	: 	: 	: 	: 	: 	: 	: 	: 	: 	: 	: 	: 	: 	: 	: 	: 	: 	: 	: 	: 	: 	: 	: 	: 	: 	: 	: 	: 	: 	: 	: 	: 	: 	: 	: 	: 	: 	: 	: 	: 	: 	: 	: 	: 	: 	: 	: 	: 	: 	: 	: 	: 	: 	: 	: 	: 	: 	: 	: 	: 	: 	: 	: 	: 	: 	: 	: 	: 	: 	: 	: 	: 	: 	: 	: 	: 	: 	: 	: 	: 	: 	: 	: 	: 	: 	: 	: 	: 	: 	: 	: 	: 	: 	: 	: 	: 	: 	: 	: 	: 	: 
FLIGHT,CAF_PAS,SK_LZKZ_SK_LZIB	206 	219 	55 	73 	67 	66 	91 	65 	63 	210 	182 	243 	204 	77 	75 	58 	71 	55 	56 	103 	72 	68 	79 	65 	60 	839 	208 	161 	176 	176 	70 	76 	62 	59 	41 	61 	69 	51 	56 	66 	56 	54 	721 	191 	189 	267 	185 	54 	61 	76 	83 	52 	54 	89 	82 	96 	58 	64 	63 	832 	91 	102 	275 	270 	17 	29 	45 	27 	44 	31 	87 	93 	95 	85 	99 	86 	738 	237 	323 	306 	254 	60 	69 	108 	95 	117 	111 	102 	107 	97 	101 	79 	74 	1120 	283 	330 	372 	317 	86 	96 	101 	120 	104 	106 	115 	147 	110 	120 	102 	95 	1302 	328 	399 	398 	401 	95 	104 	129 	130 	140 	129 	147 	132 	119 	145 	115 	141 	1526 	438 	652 	786 	542 	151 	139 	148 	159 	240 	253 	256 	250 	280 	194 	162 	186 	2418 	532 	560 	628 	590 	164 	182 	186 	187 	188 	185 	199 	218 	211 	201 	189 	200 	2310 	591 	452 	461 	394 	182 	194 	215 	151 	160 	141 	150 	159 	152 	146 	120 	128 	1898 	355 	377 	380 	358 	109 	124 	122 	121 	130 	126 	128 	139 	113 	133 	110 	115 	1470 	: 	: 	: 	: 	: 	: 	: 	: 	: 	: 	: 	: 	: 	: 	: 	: 	: 	: 	: 	: 	: 	: 	: 	: 	: 	: 	: 	: 	: 	: 	: 	: 	: 	: 	: 	: 	: 	: 	: 	: 	: 	: 
FLIGHT,CAF_PAS,SK_LZKZ_TR_LTAI	: 	: 	: 	: 	: 	: 	: 	: 	: 	: 	94 	12 	: 	: 	: 	: 	22 	34 	38 	12 	: 	: 	: 	: 	: 	106 	: 	243 	73 	3 	: 	: 	: 	65 	87 	91 	73 	: 	: 	3 	: 	: 	319 	2 	212 	60 	: 	: 	: 	2 	62 	74 	76 	59 	1 	: 	: 	: 	: 	274 	: 	185 	49 	: 	: 	: 	: 	49 	66 	70 	49 	: 	: 	: 	: 	: 	234 	4 	160 	51 	: 	: 	: 	4 	49 	55 	56 	51 	: 	: 	: 	: 	: 	215 	2 	174 	56 	: 	: 	: 	2 	51 	58 	65 	54 	2 	: 	: 	: 	: 	232 	6 	115 	48 	: 	: 	: 	6 	28 	40 	47 	44 	4 	: 	: 	: 	: 	169 	: 	: 	: 	: 	: 	: 	: 	: 	: 	: 	: 	: 	: 	: 	: 	: 	: 	: 	: 	: 	: 	: 	: 	: 	: 	: 	: 	: 	: 	: 	: 	: 	: 	: 	: 	: 	: 	: 	: 	: 	: 	: 	: 	: 	: 	: 	: 	: 	: 	: 	: 	: 	: 	: 	: 	: 	: 	: 	: 	: 	: 	: 	: 	: 	: 	: 	: 	: 	: 	: 	: 	: 	: 	: 	: 	: 	: 	: 	: 	: 	: 	: 	: 	: 	: 	: 	: 	: 	: 	: 	: 	: 	: 	: 	: 	: 	: 	: 	: 	: 	: 	: 	: 	: 	: 	: 	: 	: 	: 	: 
FLIGHT,CAF_PAS,SK_LZKZ_UA_UKBB	: 	: 	: 	: 	: 	: 	: 	: 	: 	109 	90 	123 	103 	34 	37 	38 	35 	27 	28 	44 	44 	35 	34 	34 	35 	425 	: 	: 	: 	: 	: 	: 	: 	: 	: 	: 	: 	: 	: 	: 	: 	: 	: 	: 	: 	: 	: 	: 	: 	: 	: 	: 	: 	: 	: 	: 	: 	: 	: 	: 	: 	: 	: 	: 	: 	: 	: 	: 	: 	: 	: 	: 	: 	: 	: 	: 	: 	: 	: 	: 	: 	: 	: 	: 	: 	: 	: 	: 	: 	: 	: 	: 	: 	: 	: 	: 	: 	: 	: 	: 	: 	: 	: 	: 	: 	: 	: 	: 	: 	: 	: 	: 	: 	: 	: 	: 	: 	: 	: 	: 	: 	: 	: 	: 	: 	: 	: 	: 	: 	: 	: 	: 	: 	: 	: 	: 	: 	: 	: 	: 	: 	: 	: 	: 	: 	: 	: 	: 	: 	: 	: 	: 	: 	: 	: 	: 	: 	: 	: 	: 	: 	: 	: 	: 	: 	: 	: 	: 	: 	: 	: 	: 	: 	: 	: 	: 	: 	: 	: 	: 	: 	: 	: 	: 	: 	: 	: 	: 	: 	: 	: 	: 	: 	: 	: 	: 	: 	: 	: 	: 	: 	: 	: 	: 	: 	: 	: 	: 	: 	: 	: 	: 	: 	: 	: 	: 	: 	: 	: 	: 	: 	: 	: 	: 	: 	: 	: 	: 	: 	: 	: 	: 	: 	: 	: 	: 	: 	: 
FLIGHT,CAF_PAS,SK_LZKZ_UK_EGCN	62 	52 	26 	22 	18 	22 	16 	16 	20 	54 	74 	56 	51 	18 	18 	18 	22 	26 	26 	20 	18 	18 	19 	16 	16 	235 	52 	53 	14 	: 	18 	18 	16 	18 	18 	17 	14 	: 	: 	: 	: 	: 	119 	: 	: 	: 	: 	: 	: 	: 	: 	: 	: 	: 	: 	: 	: 	: 	: 	: 	: 	: 	: 	: 	: 	: 	: 	: 	: 	: 	: 	: 	: 	: 	: 	: 	: 	: 	: 	: 	: 	: 	: 	: 	: 	: 	: 	: 	: 	: 	: 	: 	: 	: 	: 	: 	: 	: 	: 	: 	: 	: 	: 	: 	: 	: 	: 	: 	: 	: 	: 	: 	: 	: 	: 	: 	: 	: 	: 	: 	: 	: 	: 	: 	: 	: 	: 	: 	: 	: 	: 	: 	: 	: 	: 	: 	: 	: 	: 	: 	: 	: 	: 	: 	: 	: 	: 	: 	: 	: 	: 	: 	: 	: 	: 	: 	: 	: 	: 	: 	: 	: 	: 	: 	: 	: 	: 	: 	: 	: 	: 	: 	: 	: 	: 	: 	: 	: 	: 	: 	: 	: 	: 	: 	: 	: 	: 	: 	: 	: 	: 	: 	: 	: 	: 	: 	: 	: 	: 	: 	: 	: 	: 	: 	: 	: 	: 	: 	: 	: 	: 	: 	: 	: 	: 	: 	: 	: 	: 	: 	: 	: 	: 	: 	: 	: 	: 	: 	: 	: 	: 	: 	: 	: 	: 	: 	: 	: 
FLIGHT,CAF_PAS,SK_LZKZ_UK_EGGD	: 	: 	: 	: 	: 	: 	: 	: 	: 	52 	54 	50 	35 	18 	16 	18 	18 	18 	18 	14 	18 	18 	12 	8 	15 	191 	: 	: 	: 	: 	: 	: 	: 	: 	: 	: 	: 	: 	: 	: 	: 	: 	: 	: 	: 	: 	: 	: 	: 	: 	: 	: 	: 	: 	: 	: 	: 	: 	: 	: 	: 	: 	: 	: 	: 	: 	: 	: 	: 	: 	: 	: 	: 	: 	: 	: 	: 	: 	: 	: 	: 	: 	: 	: 	: 	: 	: 	: 	: 	: 	: 	: 	: 	: 	: 	: 	: 	: 	: 	: 	: 	: 	: 	: 	: 	: 	: 	: 	: 	: 	: 	: 	: 	: 	: 	: 	: 	: 	: 	: 	: 	: 	: 	: 	: 	: 	: 	: 	: 	: 	: 	: 	: 	: 	: 	: 	: 	: 	: 	: 	: 	: 	: 	: 	: 	: 	: 	: 	: 	: 	: 	: 	: 	: 	: 	: 	: 	: 	: 	: 	: 	: 	: 	: 	: 	: 	: 	: 	: 	: 	: 	: 	: 	: 	: 	: 	: 	: 	: 	: 	: 	: 	: 	: 	: 	: 	: 	: 	: 	: 	: 	: 	: 	: 	: 	: 	: 	: 	: 	: 	: 	: 	: 	: 	: 	: 	: 	: 	: 	: 	: 	: 	: 	: 	: 	: 	: 	: 	: 	: 	: 	: 	: 	: 	: 	: 	: 	: 	: 	: 	: 	: 	: 	: 	: 	: 	: 	: 
FLIGHT,CAF_PAS,SK_LZKZ_UK_EGGW	212 	183 	61 	68 	70 	74 	64 	57 	62 	211 	232 	214 	185 	71 	68 	72 	72 	80 	80 	74 	72 	68 	68 	58 	59 	842 	180 	247 	206 	179 	58 	60 	62 	72 	88 	87 	84 	62 	60 	62 	57 	60 	812 	182 	248 	150 	133 	58 	62 	62 	72 	86 	90 	64 	44 	42 	44 	41 	48 	713 	: 	: 	: 	: 	: 	: 	: 	: 	: 	: 	: 	: 	: 	: 	: 	: 	: 	: 	: 	: 	: 	: 	: 	: 	: 	: 	: 	: 	: 	: 	: 	: 	: 	: 	: 	: 	: 	: 	: 	: 	: 	: 	: 	: 	: 	: 	: 	: 	: 	: 	: 	: 	: 	: 	: 	: 	: 	: 	: 	: 	: 	: 	: 	: 	: 	: 	: 	: 	1 	52 	74 	104 	: 	1 	: 	: 	28 	24 	24 	24 	26 	34 	32 	38 	231 	103 	104 	79 	78 	34 	34 	35 	34 	36 	34 	26 	27 	26 	26 	26 	26 	364 	: 	: 	: 	: 	: 	: 	: 	: 	: 	: 	: 	: 	: 	: 	: 	: 	: 	: 	: 	: 	: 	: 	: 	: 	: 	: 	: 	: 	: 	: 	: 	: 	: 	: 	: 	: 	: 	: 	: 	: 	: 	: 	: 	: 	: 	: 	: 	: 	: 	: 	: 	: 	: 	: 	: 	: 	: 	: 	: 	: 	: 	: 	: 	: 	: 	: 	: 	: 	: 	: 	: 	: 	: 	: 	: 	: 
FLIGHT,CAF_PAS_ARR,SK_LZ99_AT_LO99	: 	: 	: 	: 	: 	: 	: 	: 	: 	: 	: 	: 	: 	: 	: 	: 	: 	: 	: 	: 	: 	: 	: 	: 	: 	: 	: 	: 	: 	: 	: 	: 	: 	: 	: 	: 	: 	: 	: 	: 	: 	: 	: 	: 	: 	: 	: 	: 	: 	: 	: 	: 	: 	: 	: 	: 	: 	: 	: 	: 	: 	: 	: 	: 	: 	: 	: 	: 	: 	: 	: 	: 	: 	: 	: 	: 	: 	: 	: 	: 	: 	: 	: 	: 	: 	: 	: 	: 	: 	: 	: 	: 	: 	: 	: 	: 	: 	: 	: 	: 	: 	: 	: 	: 	: 	: 	: 	: 	: 	: 	: 	: 	: 	: 	: 	: 	: 	: 	: 	: 	: 	: 	: 	: 	: 	: 	: 	: 	: 	: 	: 	: 	: 	: 	: 	: 	: 	: 	: 	: 	: 	: 	: 	: 	: 	: 	: 	: 	: 	: 	: 	: 	: 	: 	: 	: 	: 	: 	: 	: 	: 	: 	: 	: 	: 	: 	: 	: 	: 	: 	: 	: 	: 	: 	: 	: 	: 	: 	: 	: 	: 	: 	: 	: 	: 	: 	: 	: 	: 	: 	: 	: 	: 	: 	: 	: 	142 	168 	162 	131 	41 	45 	56 	56 	56 	56 	57 	56 	49 	51 	37 	43 	603 	128 	133 	135 	110 	41 	44 	43 	44 	45 	44 	47 	48 	40 	506 	: 	: 	: 	: 	: 	: 	: 	: 	: 	: 	: 
FLIGHT,CAF_PAS_ARR,SK_LZ99_BE_EB99	: 	: 	: 	: 	: 	: 	: 	: 	: 	: 	: 	: 	: 	: 	: 	: 	: 	: 	: 	: 	: 	: 	: 	: 	: 	: 	: 	: 	: 	: 	: 	: 	: 	: 	: 	: 	: 	: 	: 	: 	: 	: 	: 	: 	: 	: 	: 	: 	: 	: 	: 	: 	: 	: 	: 	: 	: 	: 	: 	: 	: 	: 	: 	: 	: 	: 	: 	: 	: 	: 	: 	: 	: 	: 	: 	: 	: 	: 	: 	: 	: 	: 	: 	: 	: 	: 	: 	: 	: 	: 	: 	: 	: 	: 	: 	: 	: 	: 	: 	: 	: 	: 	: 	: 	: 	: 	: 	: 	: 	: 	: 	: 	: 	: 	: 	: 	: 	: 	: 	: 	: 	: 	: 	: 	: 	: 	: 	: 	: 	: 	: 	: 	: 	: 	: 	: 	: 	: 	: 	: 	: 	: 	: 	: 	: 	: 	: 	: 	: 	: 	: 	: 	: 	: 	: 	: 	: 	: 	: 	: 	: 	: 	: 	: 	: 	: 	: 	: 	: 	: 	: 	: 	: 	: 	: 	: 	: 	: 	: 	: 	: 	: 	: 	: 	: 	: 	: 	: 	: 	: 	: 	: 	: 	: 	: 	: 	109 	102 	125 	79 	34 	40 	35 	39 	31 	32 	41 	43 	41 	33 	28 	18 	415 	: 	: 	: 	: 	: 	: 	: 	: 	: 	: 	: 	: 	: 	: 	: 	: 	: 	: 	: 	: 	: 	: 	: 	: 	: 
FLIGHT,CAF_PAS_ARR,SK_LZ99_BG_LB99	: 	: 	: 	: 	: 	: 	: 	: 	: 	: 	: 	: 	: 	: 	: 	: 	: 	: 	: 	: 	: 	: 	: 	: 	: 	: 	: 	: 	: 	: 	: 	: 	: 	: 	: 	: 	: 	: 	: 	: 	: 	: 	: 	: 	: 	: 	: 	: 	: 	: 	: 	: 	: 	: 	: 	: 	: 	: 	: 	: 	: 	: 	: 	: 	: 	: 	: 	: 	: 	: 	: 	: 	: 	: 	: 	: 	: 	: 	: 	: 	: 	: 	: 	: 	: 	: 	: 	: 	: 	: 	: 	: 	: 	: 	: 	: 	: 	: 	: 	: 	: 	: 	: 	: 	: 	: 	: 	: 	: 	: 	: 	: 	: 	: 	: 	: 	: 	: 	: 	: 	: 	: 	: 	: 	: 	: 	: 	: 	: 	: 	: 	: 	: 	: 	: 	: 	: 	: 	: 	: 	: 	: 	: 	: 	: 	: 	: 	: 	: 	: 	: 	: 	: 	: 	: 	: 	: 	: 	: 	: 	: 	: 	: 	: 	: 	: 	: 	: 	: 	: 	: 	: 	: 	: 	: 	: 	: 	: 	: 	: 	: 	: 	: 	: 	: 	: 	: 	: 	: 	: 	: 	: 	: 	: 	: 	: 	10 	154 	21 	: 	10 	: 	: 	23 	69 	62 	21 	: 	: 	: 	: 	: 	185 	1 	122 	21 	4 	: 	1 	: 	14 	52 	56 	21 	: 	: 	148 	1 	104 	15 	1 	121 	3 	74 	10 	7 	94 	: 
FLIGHT,CAF_PAS_ARR,SK_LZ99_CZ_LK99	: 	: 	: 	: 	: 	: 	: 	: 	: 	: 	: 	: 	: 	: 	: 	: 	: 	: 	: 	: 	: 	: 	: 	: 	: 	: 	: 	: 	: 	: 	: 	: 	: 	: 	: 	: 	: 	: 	: 	: 	: 	: 	: 	: 	: 	: 	: 	: 	: 	: 	: 	: 	: 	: 	: 	: 	: 	: 	: 	: 	: 	: 	: 	: 	: 	: 	: 	: 	: 	: 	: 	: 	: 	: 	: 	: 	: 	: 	: 	: 	: 	: 	: 	: 	: 	: 	: 	: 	: 	: 	: 	: 	: 	: 	: 	: 	: 	: 	: 	: 	: 	: 	: 	: 	: 	: 	: 	: 	: 	: 	: 	: 	: 	: 	: 	: 	: 	: 	: 	: 	: 	: 	: 	: 	: 	: 	: 	: 	: 	: 	: 	: 	: 	: 	: 	: 	: 	: 	: 	: 	: 	: 	: 	: 	: 	: 	: 	: 	: 	: 	: 	: 	: 	: 	: 	: 	: 	: 	: 	: 	: 	: 	: 	: 	: 	: 	: 	: 	: 	: 	: 	: 	: 	: 	: 	: 	: 	: 	: 	: 	: 	: 	: 	: 	: 	: 	: 	: 	: 	: 	: 	: 	: 	: 	: 	: 	667 	738 	716 	663 	194 	218 	255 	249 	251 	238 	243 	244 	229 	238 	202 	223 	2784 	712 	742 	711 	690 	215 	245 	252 	253 	247 	242 	237 	245 	229 	2855 	670 	703 	667 	573 	2613 	570 	623 	569 	509 	2271 	: 
FLIGHT,CAF_PAS_ARR,SK_LZ99_DE_ED99	: 	: 	: 	: 	: 	: 	: 	: 	: 	: 	: 	: 	: 	: 	: 	: 	: 	: 	: 	: 	: 	: 	: 	: 	: 	: 	: 	: 	: 	: 	: 	: 	: 	: 	: 	: 	: 	: 	: 	: 	: 	: 	: 	: 	: 	: 	: 	: 	: 	: 	: 	: 	: 	: 	: 	: 	: 	: 	: 	: 	: 	: 	: 	: 	: 	: 	: 	: 	: 	: 	: 	: 	: 	: 	: 	: 	: 	: 	: 	: 	: 	: 	: 	: 	: 	: 	: 	: 	: 	: 	: 	: 	: 	: 	: 	: 	: 	: 	: 	: 	: 	: 	: 	: 	: 	: 	: 	: 	: 	: 	: 	: 	: 	: 	: 	: 	: 	: 	: 	: 	: 	: 	: 	: 	: 	: 	: 	: 	: 	: 	: 	: 	: 	: 	: 	: 	: 	: 	: 	: 	: 	: 	: 	: 	: 	: 	: 	: 	: 	: 	: 	: 	: 	: 	: 	: 	: 	: 	: 	: 	: 	: 	: 	: 	: 	: 	: 	: 	: 	: 	: 	: 	: 	: 	: 	: 	: 	: 	: 	: 	: 	: 	: 	: 	: 	: 	: 	: 	: 	: 	: 	: 	: 	: 	: 	: 	432 	405 	430 	398 	137 	155 	140 	133 	138 	134 	144 	140 	146 	151 	125 	122 	1665 	369 	314 	266 	175 	143 	118 	108 	104 	106 	104 	109 	104 	53 	1124 	: 	: 	: 	: 	: 	: 	: 	: 	: 	: 	: 
FLIGHT,CAF_PAS_ARR,SK_LZ99_EG_HE99	: 	: 	: 	: 	: 	: 	: 	: 	: 	: 	: 	: 	: 	: 	: 	: 	: 	: 	: 	: 	: 	: 	: 	: 	: 	: 	: 	: 	: 	: 	: 	: 	: 	: 	: 	: 	: 	: 	: 	: 	: 	: 	: 	: 	: 	: 	: 	: 	: 	: 	: 	: 	: 	: 	: 	: 	: 	: 	: 	: 	: 	: 	: 	: 	: 	: 	: 	: 	: 	: 	: 	: 	: 	: 	: 	: 	: 	: 	: 	: 	: 	: 	: 	: 	: 	: 	: 	: 	: 	: 	: 	: 	: 	: 	: 	: 	: 	: 	: 	: 	: 	: 	: 	: 	: 	: 	: 	: 	: 	: 	: 	: 	: 	: 	: 	: 	: 	: 	: 	: 	: 	: 	: 	: 	: 	: 	: 	: 	: 	: 	: 	: 	: 	: 	: 	: 	: 	: 	: 	: 	: 	: 	: 	: 	: 	: 	: 	: 	: 	: 	: 	: 	: 	: 	: 	: 	: 	: 	: 	: 	: 	: 	: 	: 	: 	: 	: 	: 	: 	: 	: 	: 	: 	: 	: 	: 	: 	: 	: 	: 	: 	: 	: 	: 	: 	: 	: 	: 	: 	: 	: 	: 	: 	: 	: 	: 	50 	165 	146 	20 	9 	8 	33 	42 	55 	68 	69 	57 	20 	10 	4 	6 	381 	108 	236 	147 	21 	13 	21 	74 	75 	79 	82 	83 	51 	13 	512 	71 	91 	34 	17 	213 	42 	60 	33 	: 	135 	: 
FLIGHT,CAF_PAS_ARR,SK_LZ99_EL_LG99	: 	: 	: 	: 	: 	: 	: 	: 	: 	: 	: 	: 	: 	: 	: 	: 	: 	: 	: 	: 	: 	: 	: 	: 	: 	: 	: 	: 	: 	: 	: 	: 	: 	: 	: 	: 	: 	: 	: 	: 	: 	: 	: 	: 	: 	: 	: 	: 	: 	: 	: 	: 	: 	: 	: 	: 	: 	: 	: 	: 	: 	: 	: 	: 	: 	: 	: 	: 	: 	: 	: 	: 	: 	: 	: 	: 	: 	: 	: 	: 	: 	: 	: 	: 	: 	: 	: 	: 	: 	: 	: 	: 	: 	: 	: 	: 	: 	: 	: 	: 	: 	: 	: 	: 	: 	: 	: 	: 	: 	: 	: 	: 	: 	: 	: 	: 	: 	: 	: 	: 	: 	: 	: 	: 	: 	: 	: 	: 	: 	: 	: 	: 	: 	: 	: 	: 	: 	: 	: 	: 	: 	: 	: 	: 	: 	: 	: 	: 	: 	: 	: 	: 	: 	: 	: 	: 	: 	: 	: 	: 	: 	: 	: 	: 	: 	: 	: 	: 	: 	: 	: 	: 	: 	: 	: 	: 	: 	: 	: 	: 	: 	: 	: 	: 	: 	: 	: 	: 	: 	: 	: 	: 	: 	: 	: 	: 	8 	376 	96 	1 	1 	: 	7 	105 	134 	137 	92 	4 	: 	: 	: 	1 	481 	9 	350 	93 	3 	3 	: 	6 	94 	130 	126 	87 	6 	: 	455 	7 	298 	71 	3 	379 	16 	221 	63 	: 	300 	: 
FLIGHT,CAF_PAS_ARR,SK_LZ99_ES_LE99	: 	: 	: 	: 	: 	: 	: 	: 	: 	: 	: 	: 	: 	: 	: 	: 	: 	: 	: 	: 	: 	: 	: 	: 	: 	: 	: 	: 	: 	: 	: 	: 	: 	: 	: 	: 	: 	: 	: 	: 	: 	: 	: 	: 	: 	: 	: 	: 	: 	: 	: 	: 	: 	: 	: 	: 	: 	: 	: 	: 	: 	: 	: 	: 	: 	: 	: 	: 	: 	: 	: 	: 	: 	: 	: 	: 	: 	: 	: 	: 	: 	: 	: 	: 	: 	: 	: 	: 	: 	: 	: 	: 	: 	: 	: 	: 	: 	: 	: 	: 	: 	: 	: 	: 	: 	: 	: 	: 	: 	: 	: 	: 	: 	: 	: 	: 	: 	: 	: 	: 	: 	: 	: 	: 	: 	: 	: 	: 	: 	: 	: 	: 	: 	: 	: 	: 	: 	: 	: 	: 	: 	: 	: 	: 	: 	: 	: 	: 	: 	: 	: 	: 	: 	: 	: 	: 	: 	: 	: 	: 	: 	: 	: 	: 	: 	: 	: 	: 	: 	: 	: 	: 	: 	: 	: 	: 	: 	: 	: 	: 	: 	: 	: 	: 	: 	: 	: 	: 	: 	: 	: 	: 	: 	: 	: 	: 	40 	107 	47 	27 	10 	14 	16 	31 	39 	37 	29 	9 	9 	10 	8 	9 	221 	27 	88 	40 	2 	8 	9 	10 	21 	33 	34 	23 	10 	7 	157 	: 	: 	: 	: 	: 	: 	: 	: 	: 	: 	: 
FLIGHT,CAF_PAS_ARR,SK_LZ99_FR_LF99	: 	: 	: 	: 	: 	: 	: 	: 	: 	: 	: 	: 	: 	: 	: 	: 	: 	: 	: 	: 	: 	: 	: 	: 	: 	: 	: 	: 	: 	: 	: 	: 	: 	: 	: 	: 	: 	: 	: 	: 	: 	: 	: 	: 	: 	: 	: 	: 	: 	: 	: 	: 	: 	: 	: 	: 	: 	: 	: 	: 	: 	: 	: 	: 	: 	: 	: 	: 	: 	: 	: 	: 	: 	: 	: 	: 	: 	: 	: 	: 	: 	: 	: 	: 	: 	: 	: 	: 	: 	: 	: 	: 	: 	: 	: 	: 	: 	: 	: 	: 	: 	: 	: 	: 	: 	: 	: 	: 	: 	: 	: 	: 	: 	: 	: 	: 	: 	: 	: 	: 	: 	: 	: 	: 	: 	: 	: 	: 	: 	: 	: 	: 	: 	: 	: 	: 	: 	: 	: 	: 	: 	: 	: 	: 	: 	: 	: 	: 	: 	: 	: 	: 	: 	: 	: 	: 	: 	: 	: 	: 	: 	: 	: 	: 	: 	: 	: 	: 	: 	: 	: 	: 	: 	: 	: 	: 	: 	: 	: 	: 	: 	: 	: 	: 	: 	: 	: 	: 	: 	: 	: 	: 	: 	: 	: 	: 	216 	168 	203 	113 	67 	77 	72 	63 	52 	53 	64 	79 	60 	41 	36 	36 	700 	195 	211 	187 	69 	47 	67 	81 	72 	68 	71 	73 	82 	32 	662 	84 	32 	12 	2 	130 	: 	: 	: 	: 	: 	: 
FLIGHT,CAF_PAS_ARR,SK_LZ99_HR_LD99	: 	: 	: 	: 	: 	: 	: 	: 	: 	: 	: 	: 	: 	: 	: 	: 	: 	: 	: 	: 	: 	: 	: 	: 	: 	: 	: 	: 	: 	: 	: 	: 	: 	: 	: 	: 	: 	: 	: 	: 	: 	: 	: 	: 	: 	: 	: 	: 	: 	: 	: 	: 	: 	: 	: 	: 	: 	: 	: 	: 	: 	: 	: 	: 	: 	: 	: 	: 	: 	: 	: 	: 	: 	: 	: 	: 	: 	: 	: 	: 	: 	: 	: 	: 	: 	: 	: 	: 	: 	: 	: 	: 	: 	: 	: 	: 	: 	: 	: 	: 	: 	: 	: 	: 	: 	: 	: 	: 	: 	: 	: 	: 	: 	: 	: 	: 	: 	: 	: 	: 	: 	: 	: 	: 	: 	: 	: 	: 	: 	: 	: 	: 	: 	: 	: 	: 	: 	: 	: 	: 	: 	: 	: 	: 	: 	: 	: 	: 	: 	: 	: 	: 	: 	: 	: 	: 	: 	: 	: 	: 	: 	: 	: 	: 	: 	: 	: 	: 	: 	: 	: 	: 	: 	: 	: 	: 	: 	: 	: 	: 	: 	: 	: 	: 	: 	: 	: 	: 	: 	: 	: 	: 	: 	: 	: 	: 	4 	134 	58 	1 	3 	1 	: 	30 	53 	51 	35 	23 	: 	: 	: 	1 	197 	: 	: 	: 	: 	: 	: 	: 	: 	: 	: 	: 	: 	: 	: 	: 	: 	: 	: 	: 	: 	: 	: 	: 	: 	: 
FLIGHT,CAF_PAS_ARR,SK_LZ99_IN_VI99	: 	: 	: 	: 	: 	: 	: 	: 	: 	: 	: 	: 	: 	: 	: 	: 	: 	: 	: 	: 	: 	: 	: 	: 	: 	: 	: 	: 	: 	: 	: 	: 	: 	: 	: 	: 	: 	: 	: 	: 	: 	: 	: 	: 	: 	: 	: 	: 	: 	: 	: 	: 	: 	: 	: 	: 	: 	: 	: 	: 	: 	: 	: 	: 	: 	: 	: 	: 	: 	: 	: 	: 	: 	: 	: 	: 	: 	: 	: 	: 	: 	: 	: 	: 	: 	: 	: 	: 	: 	: 	: 	: 	: 	: 	: 	: 	: 	: 	: 	: 	: 	: 	: 	: 	: 	: 	: 	: 	: 	: 	: 	: 	: 	: 	: 	: 	: 	: 	: 	: 	: 	: 	: 	: 	: 	: 	: 	: 	: 	: 	: 	: 	: 	: 	: 	: 	: 	: 	: 	: 	: 	: 	: 	: 	: 	: 	: 	: 	: 	: 	: 	: 	: 	: 	: 	: 	: 	: 	: 	: 	: 	: 	: 	: 	: 	: 	: 	: 	: 	: 	: 	: 	: 	: 	: 	: 	: 	: 	: 	: 	: 	: 	: 	: 	: 	: 	: 	: 	: 	: 	: 	: 	: 	: 	: 	: 	33 	36 	32 	46 	10 	10 	13 	9 	16 	11 	7 	7 	18 	20 	16 	10 	147 	: 	: 	: 	: 	: 	: 	: 	: 	: 	: 	: 	: 	: 	: 	: 	: 	: 	: 	: 	: 	: 	: 	: 	: 	: 
FLIGHT,CAF_PAS_ARR,SK_LZ99_IT_LI99	: 	: 	: 	: 	: 	: 	: 	: 	: 	: 	: 	: 	: 	: 	: 	: 	: 	: 	: 	: 	: 	: 	: 	: 	: 	: 	: 	: 	: 	: 	: 	: 	: 	: 	: 	: 	: 	: 	: 	: 	: 	: 	: 	: 	: 	: 	: 	: 	: 	: 	: 	: 	: 	: 	: 	: 	: 	: 	: 	: 	: 	: 	: 	: 	: 	: 	: 	: 	: 	: 	: 	: 	: 	: 	: 	: 	: 	: 	: 	: 	: 	: 	: 	: 	: 	: 	: 	: 	: 	: 	: 	: 	: 	: 	: 	: 	: 	: 	: 	: 	: 	: 	: 	: 	: 	: 	: 	: 	: 	: 	: 	: 	: 	: 	: 	: 	: 	: 	: 	: 	: 	: 	: 	: 	: 	: 	: 	: 	: 	: 	: 	: 	: 	: 	: 	: 	: 	: 	: 	: 	: 	: 	: 	: 	: 	: 	: 	: 	: 	: 	: 	: 	: 	: 	: 	: 	: 	: 	: 	: 	: 	: 	: 	: 	: 	: 	: 	: 	: 	: 	: 	: 	: 	: 	: 	: 	: 	: 	: 	: 	: 	: 	: 	: 	: 	: 	: 	: 	: 	: 	: 	: 	: 	: 	: 	: 	283 	228 	222 	226 	90 	94 	99 	78 	75 	75 	69 	77 	76 	84 	76 	66 	959 	243 	228 	260 	144 	64 	79 	100 	97 	67 	64 	84 	94 	82 	875 	: 	: 	: 	: 	: 	: 	: 	: 	: 	: 	: 
FLIGHT,CAF_PAS_ARR,SK_LZ99_NL_EH99	: 	: 	: 	: 	: 	: 	: 	: 	: 	: 	: 	: 	: 	: 	: 	: 	: 	: 	: 	: 	: 	: 	: 	: 	: 	: 	: 	: 	: 	: 	: 	: 	: 	: 	: 	: 	: 	: 	: 	: 	: 	: 	: 	: 	: 	: 	: 	: 	: 	: 	: 	: 	: 	: 	: 	: 	: 	: 	: 	: 	: 	: 	: 	: 	: 	: 	: 	: 	: 	: 	: 	: 	: 	: 	: 	: 	: 	: 	: 	: 	: 	: 	: 	: 	: 	: 	: 	: 	: 	: 	: 	: 	: 	: 	: 	: 	: 	: 	: 	: 	: 	: 	: 	: 	: 	: 	: 	: 	: 	: 	: 	: 	: 	: 	: 	: 	: 	: 	: 	: 	: 	: 	: 	: 	: 	: 	: 	: 	: 	: 	: 	: 	: 	: 	: 	: 	: 	: 	: 	: 	: 	: 	: 	: 	: 	: 	: 	: 	: 	: 	: 	: 	: 	: 	: 	: 	: 	: 	: 	: 	: 	: 	: 	: 	: 	: 	: 	: 	: 	: 	: 	: 	: 	: 	: 	: 	: 	: 	: 	: 	: 	: 	: 	: 	: 	: 	: 	: 	: 	: 	: 	: 	: 	: 	: 	: 	82 	82 	90 	61 	24 	26 	32 	28 	28 	26 	30 	30 	30 	22 	20 	19 	315 	61 	53 	54 	4 	22 	21 	18 	18 	18 	17 	18 	19 	17 	172 	: 	: 	: 	: 	: 	: 	: 	: 	: 	: 	: 
FLIGHT,CAF_PAS_ARR,SK_LZ99_RU_UU99	: 	: 	: 	: 	: 	: 	: 	: 	: 	: 	: 	: 	: 	: 	: 	: 	: 	: 	: 	: 	: 	: 	: 	: 	: 	: 	: 	: 	: 	: 	: 	: 	: 	: 	: 	: 	: 	: 	: 	: 	: 	: 	: 	: 	: 	: 	: 	: 	: 	: 	: 	: 	: 	: 	: 	: 	: 	: 	: 	: 	: 	: 	: 	: 	: 	: 	: 	: 	: 	: 	: 	: 	: 	: 	: 	: 	: 	: 	: 	: 	: 	: 	: 	: 	: 	: 	: 	: 	: 	: 	: 	: 	: 	: 	: 	: 	: 	: 	: 	: 	: 	: 	: 	: 	: 	: 	: 	: 	: 	: 	: 	: 	: 	: 	: 	: 	: 	: 	: 	: 	: 	: 	: 	: 	: 	: 	: 	: 	: 	: 	: 	: 	: 	: 	: 	: 	: 	: 	: 	: 	: 	: 	: 	: 	: 	: 	: 	: 	: 	: 	: 	: 	: 	: 	: 	: 	: 	: 	: 	: 	: 	: 	: 	: 	: 	: 	: 	: 	: 	: 	: 	: 	: 	: 	: 	: 	: 	: 	: 	: 	: 	: 	: 	: 	: 	: 	: 	: 	: 	: 	: 	: 	: 	: 	: 	: 	59 	57 	77 	51 	18 	19 	22 	19 	19 	19 	24 	27 	26 	16 	18 	17 	244 	54 	56 	55 	55 	18 	18 	18 	19 	19 	18 	18 	19 	18 	220 	51 	42 	40 	41 	174 	43 	45 	44 	43 	175 	: 
FLIGHT,CAF_PAS_ARR,SK_LZ99_SK_LZ99	: 	: 	: 	: 	: 	: 	: 	: 	: 	: 	: 	: 	: 	: 	: 	: 	: 	: 	: 	: 	: 	: 	: 	: 	: 	: 	: 	: 	: 	: 	: 	: 	: 	: 	: 	: 	: 	: 	: 	: 	: 	: 	: 	: 	: 	: 	: 	: 	: 	: 	: 	: 	: 	: 	: 	: 	: 	: 	: 	: 	: 	: 	: 	: 	: 	: 	: 	: 	: 	: 	: 	: 	: 	: 	: 	: 	: 	: 	: 	: 	: 	: 	: 	: 	: 	: 	: 	: 	: 	: 	: 	: 	: 	: 	: 	: 	: 	: 	: 	: 	: 	: 	: 	: 	: 	: 	: 	: 	: 	: 	: 	: 	: 	: 	: 	: 	: 	: 	: 	: 	: 	: 	: 	: 	: 	: 	: 	: 	: 	: 	: 	: 	: 	: 	: 	: 	: 	: 	: 	: 	: 	: 	: 	: 	: 	: 	: 	: 	: 	: 	: 	: 	: 	: 	: 	: 	: 	: 	: 	: 	: 	: 	: 	: 	: 	: 	: 	: 	: 	: 	: 	: 	: 	: 	: 	: 	: 	: 	: 	: 	: 	: 	: 	: 	: 	: 	: 	: 	: 	: 	: 	: 	: 	: 	: 	: 	420 	553 	587 	542 	111 	123 	186 	193 	187 	173 	201 	198 	188 	207 	182 	153 	2102 	433 	465 	460 	507 	129 	153 	151 	156 	154 	155 	157 	153 	150 	1865 	516 	468 	446 	333 	1763 	417 	370 	599 	459 	1845 	: 
FLIGHT,CAF_PAS_ARR,SK_LZ99_TN_DT99	: 	: 	: 	: 	: 	: 	: 	: 	: 	: 	: 	: 	: 	: 	: 	: 	: 	: 	: 	: 	: 	: 	: 	: 	: 	: 	: 	: 	: 	: 	: 	: 	: 	: 	: 	: 	: 	: 	: 	: 	: 	: 	: 	: 	: 	: 	: 	: 	: 	: 	: 	: 	: 	: 	: 	: 	: 	: 	: 	: 	: 	: 	: 	: 	: 	: 	: 	: 	: 	: 	: 	: 	: 	: 	: 	: 	: 	: 	: 	: 	: 	: 	: 	: 	: 	: 	: 	: 	: 	: 	: 	: 	: 	: 	: 	: 	: 	: 	: 	: 	: 	: 	: 	: 	: 	: 	: 	: 	: 	: 	: 	: 	: 	: 	: 	: 	: 	: 	: 	: 	: 	: 	: 	: 	: 	: 	: 	: 	: 	: 	: 	: 	: 	: 	: 	: 	: 	: 	: 	: 	: 	: 	: 	: 	: 	: 	: 	: 	: 	: 	: 	: 	: 	: 	: 	: 	: 	: 	: 	: 	: 	: 	: 	: 	: 	: 	: 	: 	: 	: 	: 	: 	: 	: 	: 	: 	: 	: 	: 	: 	: 	: 	: 	: 	: 	: 	: 	: 	: 	: 	: 	: 	: 	: 	: 	: 	12 	196 	67 	1 	: 	: 	12 	56 	71 	69 	55 	12 	: 	: 	: 	1 	276 	15 	161 	62 	: 	: 	: 	15 	46 	57 	58 	47 	15 	: 	238 	11 	103 	37 	: 	151 	8 	74 	32 	1 	115 	: 
FLIGHT,CAF_PAS_ARR,SK_LZ99_TR_LT99	: 	: 	: 	: 	: 	: 	: 	: 	: 	: 	: 	: 	: 	: 	: 	: 	: 	: 	: 	: 	: 	: 	: 	: 	: 	: 	: 	: 	: 	: 	: 	: 	: 	: 	: 	: 	: 	: 	: 	: 	: 	: 	: 	: 	: 	: 	: 	: 	: 	: 	: 	: 	: 	: 	: 	: 	: 	: 	: 	: 	: 	: 	: 	: 	: 	: 	: 	: 	: 	: 	: 	: 	: 	: 	: 	: 	: 	: 	: 	: 	: 	: 	: 	: 	: 	: 	: 	: 	: 	: 	: 	: 	: 	: 	: 	: 	: 	: 	: 	: 	: 	: 	: 	: 	: 	: 	: 	: 	: 	: 	: 	: 	: 	: 	: 	: 	: 	: 	: 	: 	: 	: 	: 	: 	: 	: 	: 	: 	: 	: 	: 	: 	: 	: 	: 	: 	: 	: 	: 	: 	: 	: 	: 	: 	: 	: 	: 	: 	: 	: 	: 	: 	: 	: 	: 	: 	: 	: 	: 	: 	: 	: 	: 	: 	: 	: 	: 	: 	: 	: 	: 	: 	: 	: 	: 	: 	: 	: 	: 	: 	: 	: 	: 	: 	: 	: 	: 	: 	: 	: 	: 	: 	: 	: 	: 	: 	4 	106 	39 	: 	: 	: 	4 	32 	36 	38 	35 	3 	1 	: 	: 	: 	149 	3 	132 	34 	: 	1 	: 	2 	38 	47 	47 	33 	: 	1 	169 	1 	73 	19 	1 	94 	3 	137 	35 	: 	175 	: 
FLIGHT,CAF_PAS_ARR,SK_LZ99_UK_EG99	: 	: 	: 	: 	: 	: 	: 	: 	: 	: 	: 	: 	: 	: 	: 	: 	: 	: 	: 	: 	: 	: 	: 	: 	: 	: 	: 	: 	: 	: 	: 	: 	: 	: 	: 	: 	: 	: 	: 	: 	: 	: 	: 	: 	: 	: 	: 	: 	: 	: 	: 	: 	: 	: 	: 	: 	: 	: 	: 	: 	: 	: 	: 	: 	: 	: 	: 	: 	: 	: 	: 	: 	: 	: 	: 	: 	: 	: 	: 	: 	: 	: 	: 	: 	: 	: 	: 	: 	: 	: 	: 	: 	: 	: 	: 	: 	: 	: 	: 	: 	: 	: 	: 	: 	: 	: 	: 	: 	: 	: 	: 	: 	: 	: 	: 	: 	: 	: 	: 	: 	: 	: 	: 	: 	: 	: 	: 	: 	: 	: 	: 	: 	: 	: 	: 	: 	: 	: 	: 	: 	: 	: 	: 	: 	: 	: 	: 	: 	: 	: 	: 	: 	: 	: 	: 	: 	: 	: 	: 	: 	: 	: 	: 	: 	: 	: 	: 	: 	: 	: 	: 	: 	: 	: 	: 	: 	: 	: 	: 	: 	: 	: 	: 	: 	: 	: 	: 	: 	: 	: 	: 	: 	: 	: 	: 	: 	413 	309 	277 	231 	147 	151 	115 	102 	103 	104 	92 	87 	98 	85 	72 	74 	1230 	204 	232 	185 	120 	64 	67 	73 	69 	85 	78 	66 	70 	49 	741 	108 	59 	4 	: 	171 	: 	: 	: 	: 	: 	: 
FLIGHT,CAF_PAS_ARR,SK_LZIB_AE_OMDB	42 	52 	13 	13 	14 	15 	17 	16 	19 	52 	46 	41 	40 	20 	18 	14 	17 	14 	15 	13 	14 	14 	13 	12 	15 	179 	39 	38 	43 	37 	13 	12 	14 	12 	13 	13 	14 	14 	15 	13 	12 	12 	157 	: 	: 	: 	: 	: 	: 	: 	: 	: 	: 	: 	: 	: 	: 	: 	: 	: 	: 	: 	: 	: 	: 	: 	: 	: 	: 	: 	: 	: 	: 	: 	: 	: 	: 	: 	: 	: 	: 	: 	: 	: 	: 	: 	: 	: 	: 	: 	: 	: 	: 	: 	: 	: 	: 	: 	: 	: 	: 	: 	: 	: 	: 	: 	: 	: 	: 	: 	: 	: 	: 	: 	: 	: 	: 	: 	: 	: 	: 	: 	: 	: 	: 	: 	: 	: 	: 	: 	: 	: 	: 	: 	: 	: 	: 	: 	: 	: 	: 	: 	: 	: 	: 	: 	: 	: 	: 	: 	: 	: 	: 	: 	: 	: 	: 	: 	: 	: 	: 	: 	: 	: 	: 	: 	: 	: 	: 	: 	: 	: 	: 	: 	: 	: 	: 	: 	: 	: 	: 	: 	: 	: 	: 	: 	: 	: 	: 	: 	: 	: 	: 	: 	: 	: 	: 	: 	: 	: 	: 	: 	: 	: 	: 	: 	: 	: 	: 	: 	: 	: 	: 	: 	: 	: 	: 	: 	: 	: 	: 	: 	: 	: 	: 	: 	: 	: 	: 	: 	: 	: 	: 	: 	: 	: 	: 	: 
FLIGHT,CAF_PAS_ARR,SK_LZIB_BE_EBBR	: 	: 	: 	: 	: 	: 	: 	: 	: 	34 	83 	72 	: 	: 	8 	26 	28 	27 	28 	27 	27 	18 	: 	: 	: 	189 	: 	: 	: 	: 	: 	: 	: 	: 	: 	: 	: 	: 	: 	: 	: 	: 	: 	: 	: 	: 	: 	: 	: 	: 	: 	: 	: 	: 	: 	: 	: 	: 	: 	: 	: 	: 	: 	: 	: 	: 	: 	: 	: 	: 	: 	: 	: 	: 	: 	: 	: 	: 	: 	: 	: 	: 	: 	: 	: 	: 	: 	: 	: 	: 	: 	: 	: 	: 	: 	: 	: 	: 	: 	: 	: 	: 	: 	: 	: 	: 	: 	: 	: 	: 	: 	: 	: 	: 	: 	: 	: 	: 	: 	: 	: 	: 	: 	: 	: 	: 	: 	: 	: 	: 	: 	: 	: 	: 	: 	: 	: 	: 	: 	: 	: 	: 	: 	: 	: 	: 	: 	: 	: 	: 	: 	: 	: 	: 	: 	: 	: 	: 	: 	: 	: 	: 	: 	: 	: 	: 	: 	: 	: 	: 	: 	: 	: 	: 	: 	: 	: 	: 	: 	93 	94 	116 	106 	26 	31 	36 	30 	31 	33 	39 	40 	37 	37 	32 	37 	409 	: 	: 	: 	: 	: 	: 	: 	: 	: 	: 	: 	: 	: 	: 	: 	: 	: 	: 	: 	: 	: 	: 	: 	: 	: 	: 	: 	: 	: 	: 	: 	: 	: 	: 	: 	: 	: 	: 	: 	: 	: 	: 
FLIGHT,CAF_PAS_ARR,SK_LZIB_BE_EBCI	53 	40 	18 	18 	18 	17 	15 	12 	13 	22 	: 	6 	61 	13 	9 	: 	: 	: 	: 	: 	: 	6 	18 	21 	22 	89 	55 	40 	38 	49 	19 	21 	15 	13 	13 	14 	13 	12 	13 	17 	15 	17 	182 	48 	39 	39 	50 	16 	17 	15 	13 	13 	13 	13 	13 	13 	17 	16 	17 	176 	53 	53 	52 	52 	17 	18 	18 	18 	17 	18 	17 	18 	17 	18 	16 	18 	210 	58 	50 	51 	52 	20 	17 	21 	21 	14 	15 	17 	17 	17 	16 	17 	19 	211 	55 	53 	51 	62 	20 	17 	18 	17 	18 	18 	17 	18 	16 	21 	19 	22 	221 	58 	51 	47 	53 	19 	21 	18 	16 	18 	17 	17 	17 	13 	19 	16 	18 	209 	52 	39 	40 	1 	20 	17 	15 	13 	13 	13 	14 	13 	13 	1 	: 	: 	132 	: 	: 	: 	: 	: 	: 	: 	: 	: 	: 	: 	: 	: 	: 	: 	: 	: 	: 	: 	: 	: 	: 	: 	: 	: 	: 	: 	: 	: 	: 	: 	: 	: 	: 	: 	: 	: 	: 	: 	: 	: 	: 	: 	: 	: 	: 	: 	: 	: 	: 	: 	: 	: 	: 	: 	: 	: 	: 	: 	: 	: 	: 	: 	: 	: 	: 	: 	: 	: 	: 	: 	: 	: 	: 	: 	: 	: 	: 	: 	: 	: 	: 	: 	: 	: 	: 	: 	: 	: 	: 	: 	: 	: 
FLIGHT,CAF_PAS_ARR,SK_LZIB_BG_LBBG	17 	: 	56 	16 	1 	: 	: 	: 	: 	: 	136 	15 	: 	: 	: 	: 	18 	59 	59 	15 	: 	: 	: 	: 	: 	151 	: 	121 	18 	: 	: 	: 	: 	16 	50 	55 	18 	: 	: 	: 	: 	: 	139 	: 	123 	14 	: 	: 	: 	: 	14 	54 	55 	14 	: 	: 	: 	: 	: 	137 	: 	138 	21 	: 	: 	: 	: 	18 	63 	57 	21 	: 	: 	: 	: 	: 	159 	: 	139 	16 	: 	: 	: 	: 	19 	61 	59 	16 	: 	: 	: 	: 	: 	155 	: 	148 	18 	: 	: 	: 	: 	18 	66 	64 	18 	: 	: 	: 	: 	: 	166 	: 	110 	10 	: 	: 	: 	: 	12 	52 	46 	10 	: 	: 	: 	: 	: 	120 	: 	120 	21 	: 	: 	: 	: 	15 	54 	51 	21 	: 	: 	: 	: 	: 	141 	: 	167 	33 	: 	: 	: 	: 	30 	67 	70 	33 	: 	: 	: 	: 	: 	200 	: 	137 	23 	: 	: 	: 	: 	22 	57 	58 	23 	: 	: 	: 	: 	: 	160 	: 	121 	16 	: 	: 	: 	: 	18 	53 	50 	16 	: 	: 	: 	: 	: 	137 	: 	: 	: 	: 	: 	: 	: 	: 	: 	: 	: 	: 	: 	: 	: 	: 	: 	: 	: 	: 	: 	: 	: 	: 	: 	: 	: 	: 	: 	: 	: 	: 	: 	: 	: 	: 	: 	: 	: 	: 	: 	: 
FLIGHT,CAF_PAS_ARR,SK_LZIB_BG_LBSF	: 	: 	: 	: 	: 	: 	: 	: 	: 	: 	: 	: 	: 	: 	: 	: 	: 	: 	: 	: 	: 	: 	: 	: 	: 	: 	: 	: 	: 	: 	: 	: 	: 	: 	: 	: 	: 	: 	: 	: 	: 	: 	: 	: 	: 	: 	: 	: 	: 	: 	: 	: 	: 	: 	: 	: 	: 	: 	: 	: 	: 	: 	: 	: 	: 	: 	: 	: 	: 	: 	: 	: 	: 	: 	: 	: 	: 	: 	: 	: 	: 	: 	: 	: 	: 	: 	: 	: 	: 	: 	: 	: 	: 	: 	: 	: 	: 	: 	: 	: 	: 	: 	: 	: 	: 	: 	: 	: 	: 	: 	: 	: 	: 	: 	: 	: 	: 	: 	: 	: 	: 	: 	: 	: 	: 	: 	: 	: 	: 	: 	: 	: 	: 	: 	: 	: 	: 	: 	: 	: 	: 	: 	: 	: 	: 	: 	: 	: 	: 	: 	: 	: 	: 	: 	: 	: 	: 	: 	: 	: 	: 	: 	: 	: 	: 	: 	: 	: 	: 	: 	: 	: 	: 	: 	: 	: 	: 	: 	: 	53 	58 	53 	46 	15 	18 	20 	22 	19 	17 	19 	17 	17 	18 	13 	15 	210 	: 	: 	: 	: 	: 	: 	: 	: 	: 	: 	: 	: 	: 	: 	: 	: 	: 	: 	: 	: 	: 	: 	: 	: 	: 	: 	: 	: 	: 	: 	: 	: 	: 	: 	: 	: 	: 	: 	: 	: 	: 	: 
FLIGHT,CAF_PAS_ARR,SK_LZIB_CZ_LKPR	: 	: 	: 	: 	: 	: 	: 	: 	: 	186 	137 	203 	178 	64 	72 	50 	58 	45 	34 	86 	59 	58 	66 	62 	50 	704 	: 	: 	: 	: 	: 	: 	: 	: 	: 	: 	: 	: 	: 	: 	: 	: 	: 	: 	: 	: 	: 	: 	: 	: 	: 	: 	: 	: 	: 	: 	: 	: 	: 	: 	: 	: 	: 	: 	: 	: 	: 	: 	: 	: 	: 	: 	: 	: 	: 	: 	: 	: 	: 	: 	: 	: 	: 	: 	: 	: 	: 	: 	: 	: 	: 	: 	: 	: 	61 	108 	244 	231 	23 	17 	21 	17 	20 	71 	76 	89 	79 	87 	68 	76 	644 	291 	381 	354 	346 	75 	84 	132 	129 	132 	120 	121 	127 	106 	123 	106 	117 	1372 	367 	377 	348 	377 	121 	128 	118 	130 	123 	124 	125 	111 	112 	133 	117 	127 	1469 	373 	376 	391 	509 	123 	124 	126 	126 	127 	123 	131 	133 	127 	166 	168 	175 	1649 	483 	388 	403 	383 	159 	181 	143 	126 	134 	128 	132 	143 	128 	133 	123 	127 	1657 	375 	398 	394 	369 	125 	126 	124 	136 	134 	128 	134 	140 	120 	132 	109 	128 	1536 	: 	: 	: 	: 	: 	: 	: 	: 	: 	: 	: 	: 	: 	: 	: 	: 	: 	: 	: 	: 	: 	: 	: 	: 	: 	: 	: 	: 	: 	: 	: 	: 	: 	: 	: 	: 	: 	: 	: 	: 	: 	1326 
FLIGHT,CAF_PAS_ARR,SK_LZIB_DE_EDDB	53 	46 	18 	17 	18 	18 	15 	14 	17 	60 	93 	94 	91 	16 	13 	31 	31 	31 	31 	32 	32 	30 	31 	29 	31 	338 	: 	: 	: 	: 	: 	: 	: 	: 	: 	: 	: 	: 	: 	: 	: 	: 	: 	: 	: 	: 	: 	: 	: 	: 	: 	: 	: 	: 	: 	: 	: 	: 	: 	: 	: 	: 	: 	: 	: 	: 	: 	: 	: 	: 	: 	: 	: 	: 	: 	: 	: 	: 	: 	: 	: 	: 	: 	: 	: 	: 	: 	: 	: 	: 	: 	: 	: 	: 	: 	: 	: 	: 	: 	: 	: 	: 	: 	: 	: 	: 	: 	: 	: 	: 	: 	: 	: 	: 	: 	: 	: 	: 	: 	: 	: 	: 	: 	: 	: 	: 	: 	: 	: 	: 	: 	: 	: 	: 	: 	: 	: 	: 	: 	: 	: 	: 	: 	: 	: 	: 	: 	: 	: 	: 	: 	: 	: 	: 	: 	: 	: 	: 	: 	: 	: 	: 	: 	: 	: 	: 	: 	: 	: 	: 	: 	: 	: 	: 	: 	: 	: 	: 	: 	: 	: 	: 	: 	: 	: 	: 	: 	: 	: 	: 	: 	: 	: 	: 	: 	: 	: 	: 	: 	: 	: 	: 	: 	: 	: 	: 	: 	: 	: 	: 	: 	: 	: 	: 	: 	: 	: 	: 	: 	: 	: 	: 	: 	: 	: 	: 	: 	: 	: 	: 	: 	: 	: 	: 	: 	: 	: 	: 
FLIGHT,CAF_PAS_ARR,SK_LZIB_DE_EDDK	: 	: 	: 	: 	: 	: 	: 	: 	: 	: 	: 	: 	: 	: 	: 	: 	: 	: 	: 	: 	: 	: 	: 	: 	: 	: 	: 	: 	: 	: 	: 	: 	: 	: 	: 	: 	: 	: 	: 	: 	: 	: 	: 	: 	: 	: 	: 	: 	: 	: 	: 	: 	: 	: 	: 	: 	: 	: 	: 	: 	: 	: 	: 	: 	: 	: 	: 	: 	: 	: 	: 	: 	: 	: 	: 	: 	: 	: 	: 	: 	: 	: 	: 	: 	: 	: 	: 	: 	: 	: 	: 	: 	: 	: 	: 	: 	: 	: 	: 	: 	: 	: 	: 	: 	: 	: 	: 	: 	: 	: 	: 	: 	: 	: 	: 	: 	: 	: 	: 	: 	: 	: 	: 	: 	: 	: 	: 	: 	: 	: 	: 	: 	: 	: 	: 	: 	: 	: 	: 	: 	: 	: 	: 	: 	: 	: 	: 	: 	: 	: 	: 	: 	: 	: 	: 	: 	: 	: 	: 	: 	: 	: 	: 	: 	: 	: 	: 	: 	: 	: 	: 	: 	: 	: 	: 	: 	: 	: 	: 	37 	40 	40 	45 	11 	11 	15 	14 	13 	13 	15 	13 	12 	16 	13 	16 	162 	: 	: 	: 	: 	: 	: 	: 	: 	: 	: 	: 	: 	: 	: 	: 	: 	: 	: 	: 	: 	: 	: 	: 	: 	: 	: 	: 	: 	: 	: 	: 	: 	: 	: 	: 	: 	: 	: 	: 	: 	: 	: 
FLIGHT,CAF_PAS_ARR,SK_LZIB_DE_EDDM	: 	: 	: 	: 	: 	: 	: 	: 	: 	: 	: 	: 	: 	: 	: 	: 	: 	: 	: 	: 	: 	: 	: 	: 	: 	: 	: 	: 	: 	: 	: 	: 	: 	: 	: 	: 	: 	: 	: 	: 	: 	: 	: 	: 	: 	: 	: 	: 	: 	: 	: 	: 	: 	: 	: 	: 	: 	: 	: 	: 	: 	: 	: 	: 	: 	: 	: 	: 	: 	: 	: 	: 	: 	: 	: 	: 	: 	: 	: 	: 	: 	: 	: 	: 	: 	: 	: 	: 	: 	: 	: 	: 	: 	: 	: 	: 	: 	: 	: 	: 	: 	: 	: 	: 	: 	: 	: 	: 	: 	: 	: 	: 	: 	: 	: 	: 	: 	: 	: 	: 	: 	: 	: 	: 	: 	: 	: 	: 	: 	: 	: 	: 	: 	: 	: 	: 	: 	: 	: 	: 	: 	: 	: 	: 	: 	229 	229 	242 	237 	64 	81 	84 	82 	72 	75 	82 	78 	82 	74 	80 	83 	937 	234 	236 	240 	231 	67 	82 	85 	83 	71 	82 	79 	83 	78 	84 	73 	74 	941 	237 	237 	239 	225 	70 	82 	85 	78 	76 	83 	80 	87 	72 	85 	70 	70 	938 	: 	: 	: 	: 	: 	: 	: 	: 	: 	: 	: 	: 	: 	: 	: 	: 	: 	: 	: 	: 	: 	: 	: 	: 	: 	: 	: 	: 	: 	: 	: 	: 	: 	: 	: 	: 	: 	: 	: 	: 	: 	: 
FLIGHT,CAF_PAS_ARR,SK_LZIB_DE_EDFH	: 	: 	: 	: 	: 	: 	: 	: 	: 	: 	: 	: 	: 	: 	: 	: 	: 	: 	: 	: 	: 	: 	: 	: 	: 	: 	: 	: 	: 	: 	: 	: 	: 	: 	: 	: 	: 	: 	: 	: 	: 	: 	: 	: 	: 	: 	: 	: 	: 	: 	: 	: 	: 	: 	: 	: 	: 	: 	: 	: 	: 	: 	: 	: 	: 	: 	: 	: 	: 	: 	: 	: 	: 	: 	: 	: 	: 	: 	: 	: 	: 	: 	: 	: 	: 	: 	: 	: 	: 	: 	: 	: 	: 	: 	: 	: 	: 	: 	: 	: 	: 	: 	: 	: 	: 	: 	: 	: 	: 	: 	: 	: 	: 	: 	: 	: 	: 	: 	: 	: 	: 	: 	: 	: 	: 	: 	: 	: 	38 	41 	39 	49 	12 	12 	14 	15 	13 	13 	13 	13 	13 	17 	15 	17 	167 	62 	92 	91 	81 	16 	17 	29 	30 	31 	31 	30 	31 	30 	31 	29 	21 	326 	70 	92 	91 	92 	20 	19 	31 	30 	31 	31 	30 	31 	30 	32 	30 	30 	345 	90 	92 	91 	88 	28 	31 	31 	30 	31 	31 	30 	31 	30 	31 	27 	30 	361 	: 	: 	: 	: 	: 	: 	: 	: 	: 	: 	: 	: 	: 	: 	: 	: 	: 	: 	: 	: 	: 	: 	: 	: 	: 	: 	: 	: 	: 	: 	: 	: 	: 	: 	: 	: 	: 	: 	: 	: 	: 	: 
FLIGHT,CAF_PAS_ARR,SK_LZIB_DK_EKCH	: 	: 	: 	: 	: 	: 	: 	: 	: 	: 	: 	: 	: 	: 	: 	: 	: 	: 	: 	: 	: 	: 	: 	: 	: 	: 	: 	: 	: 	: 	: 	: 	: 	: 	: 	: 	: 	: 	: 	: 	: 	: 	: 	: 	: 	: 	: 	: 	: 	: 	: 	: 	: 	: 	: 	: 	: 	: 	: 	: 	: 	: 	: 	: 	: 	: 	: 	: 	: 	: 	: 	: 	: 	: 	: 	: 	: 	: 	: 	: 	: 	: 	: 	: 	: 	: 	: 	: 	: 	: 	: 	: 	: 	: 	: 	: 	: 	: 	: 	: 	: 	: 	: 	: 	: 	: 	: 	: 	: 	: 	: 	: 	: 	: 	: 	: 	: 	: 	: 	: 	: 	: 	: 	: 	: 	: 	: 	: 	: 	: 	: 	: 	: 	: 	: 	: 	: 	: 	: 	: 	: 	: 	: 	: 	: 	: 	: 	: 	: 	: 	: 	: 	: 	: 	: 	: 	: 	: 	: 	: 	: 	: 	: 	: 	: 	: 	: 	: 	: 	: 	: 	: 	: 	: 	: 	: 	: 	: 	: 	27 	26 	27 	31 	9 	9 	9 	8 	9 	9 	9 	8 	10 	12 	9 	10 	111 	: 	: 	: 	: 	: 	: 	: 	: 	: 	: 	: 	: 	: 	: 	: 	: 	: 	: 	: 	: 	: 	: 	: 	: 	: 	: 	: 	: 	: 	: 	: 	: 	: 	: 	: 	: 	: 	: 	: 	: 	: 	: 
FLIGHT,CAF_PAS_ARR,SK_LZIB_EG_HEGN	37 	14 	37 	21 	12 	4 	5 	4 	5 	21 	68 	12 	: 	6 	4 	11 	23 	23 	22 	12 	: 	: 	: 	: 	: 	101 	11 	69 	41 	2 	: 	: 	11 	17 	27 	25 	20 	13 	8 	: 	: 	2 	123 	17 	67 	24 	: 	2 	5 	10 	19 	25 	23 	17 	6 	1 	: 	: 	: 	108 	7 	42 	36 	: 	: 	3 	4 	2 	16 	24 	22 	9 	5 	: 	: 	: 	85 	18 	75 	50 	1 	: 	5 	13 	19 	26 	30 	30 	12 	8 	: 	: 	1 	144 	36 	113 	59 	12 	3 	8 	25 	35 	39 	39 	29 	20 	10 	4 	1 	7 	220 	46 	128 	77 	15 	6 	10 	30 	41 	43 	44 	39 	27 	11 	4 	4 	7 	266 	47 	123 	83 	24 	8 	9 	30 	40 	42 	41 	43 	28 	12 	12 	5 	7 	277 	58 	160 	108 	38 	9 	16 	33 	50 	55 	55 	55 	35 	18 	17 	12 	9 	364 	56 	127 	85 	18 	10 	13 	33 	37 	46 	44 	43 	26 	16 	9 	4 	5 	286 	31 	81 	67 	20 	6 	5 	20 	22 	30 	29 	29 	24 	14 	10 	5 	5 	199 	: 	: 	: 	: 	: 	: 	: 	: 	: 	: 	: 	: 	: 	: 	: 	: 	: 	: 	: 	: 	: 	: 	: 	: 	: 	: 	: 	: 	: 	: 	: 	: 	: 	: 	: 	: 	: 	: 	: 	: 	: 	: 
FLIGHT,CAF_PAS_ARR,SK_LZIB_EL_LGAV	26 	25 	11 	8 	9 	9 	8 	8 	9 	34 	39 	38 	41 	12 	9 	13 	13 	13 	13 	13 	13 	12 	14 	12 	15 	152 	42 	51 	40 	2 	16 	12 	14 	14 	20 	17 	14 	13 	13 	: 	: 	2 	135 	: 	: 	: 	: 	: 	: 	: 	: 	: 	: 	: 	: 	: 	: 	: 	: 	: 	: 	: 	: 	: 	: 	: 	: 	: 	: 	: 	: 	: 	: 	: 	: 	: 	: 	: 	: 	: 	: 	: 	: 	: 	: 	: 	: 	: 	: 	: 	: 	: 	: 	: 	: 	: 	: 	: 	: 	: 	: 	: 	: 	: 	: 	: 	: 	: 	: 	: 	: 	: 	: 	: 	: 	: 	: 	: 	: 	: 	: 	: 	: 	: 	: 	: 	: 	: 	: 	: 	: 	: 	: 	: 	: 	: 	: 	: 	: 	: 	: 	: 	: 	: 	: 	: 	: 	: 	: 	: 	: 	: 	: 	: 	: 	: 	: 	: 	: 	: 	: 	: 	: 	: 	: 	: 	: 	: 	: 	: 	: 	: 	: 	: 	: 	: 	: 	: 	: 	: 	: 	: 	: 	: 	: 	: 	: 	: 	: 	: 	: 	: 	: 	: 	: 	: 	: 	: 	: 	: 	: 	: 	: 	: 	: 	: 	: 	: 	: 	: 	: 	: 	: 	: 	: 	: 	: 	: 	: 	: 	: 	: 	: 	: 	: 	: 	: 	: 	: 	: 	: 	: 	: 	: 	: 	: 	: 	: 
FLIGHT,CAF_PAS_ARR,SK_LZIB_EL_LGIR	: 	: 	: 	: 	: 	: 	: 	: 	: 	2 	113 	25 	: 	: 	: 	2 	34 	38 	41 	25 	: 	: 	: 	: 	: 	140 	1 	87 	16 	: 	: 	: 	1 	26 	31 	30 	16 	: 	: 	: 	: 	: 	104 	2 	72 	12 	1 	1 	: 	1 	23 	27 	22 	12 	: 	: 	1 	: 	: 	87 	1 	55 	11 	: 	1 	: 	: 	14 	22 	19 	11 	: 	: 	: 	: 	: 	67 	: 	: 	: 	: 	: 	: 	: 	: 	: 	: 	: 	: 	: 	: 	: 	: 	: 	1 	61 	14 	: 	: 	: 	1 	19 	21 	21 	14 	: 	: 	: 	: 	: 	76 	: 	55 	13 	: 	: 	: 	: 	16 	19 	20 	12 	: 	1 	: 	: 	: 	68 	: 	: 	: 	: 	: 	: 	: 	: 	: 	: 	: 	: 	: 	: 	: 	: 	: 	3 	84 	25 	: 	: 	2 	1 	27 	29 	28 	23 	2 	: 	: 	: 	: 	112 	1 	66 	21 	: 	: 	: 	1 	18 	24 	24 	20 	1 	: 	: 	: 	: 	88 	4 	83 	21 	: 	2 	: 	2 	24 	27 	32 	20 	1 	: 	: 	: 	: 	108 	: 	: 	: 	: 	: 	: 	: 	: 	: 	: 	: 	: 	: 	: 	: 	: 	: 	: 	: 	: 	: 	: 	: 	: 	: 	: 	: 	: 	: 	: 	: 	: 	: 	: 	: 	: 	: 	: 	: 	: 	: 	: 
FLIGHT,CAF_PAS_ARR,SK_LZIB_EL_LGKR	: 	: 	: 	: 	: 	: 	: 	: 	: 	4 	59 	19 	: 	: 	: 	4 	18 	21 	20 	14 	4 	1 	: 	: 	: 	82 	: 	: 	: 	: 	: 	: 	: 	: 	: 	: 	: 	: 	: 	: 	: 	: 	: 	: 	: 	: 	: 	: 	: 	: 	: 	: 	: 	: 	: 	: 	: 	: 	: 	: 	: 	: 	: 	: 	: 	: 	: 	: 	: 	: 	: 	: 	: 	: 	: 	: 	: 	: 	: 	: 	: 	: 	: 	: 	: 	: 	: 	: 	: 	: 	: 	: 	: 	: 	: 	: 	: 	: 	: 	: 	: 	: 	: 	: 	: 	: 	: 	: 	: 	: 	: 	: 	: 	: 	: 	: 	: 	: 	: 	: 	: 	: 	: 	: 	: 	: 	: 	: 	: 	: 	: 	: 	: 	: 	: 	: 	: 	: 	: 	: 	: 	: 	: 	: 	: 	: 	: 	: 	: 	: 	: 	: 	: 	: 	: 	: 	: 	: 	: 	: 	: 	: 	: 	: 	: 	: 	: 	: 	: 	: 	: 	: 	: 	: 	: 	: 	: 	: 	: 	: 	: 	: 	: 	: 	: 	: 	: 	: 	: 	: 	: 	: 	: 	: 	: 	: 	: 	: 	: 	: 	: 	: 	: 	: 	: 	: 	: 	: 	: 	: 	: 	: 	: 	: 	: 	: 	: 	: 	: 	: 	: 	: 	: 	: 	: 	: 	: 	: 	: 	: 	: 	: 	: 	: 	: 	: 	: 	: 
FLIGHT,CAF_PAS_ARR,SK_LZIB_EL_LGRP	: 	: 	: 	: 	: 	: 	: 	: 	: 	1 	101 	20 	: 	: 	: 	1 	32 	35 	34 	20 	: 	: 	: 	: 	: 	122 	1 	93 	23 	: 	: 	: 	1 	27 	33 	33 	23 	: 	: 	: 	: 	: 	117 	1 	92 	18 	: 	: 	: 	1 	27 	32 	33 	18 	: 	: 	: 	: 	: 	111 	: 	61 	14 	: 	: 	: 	: 	18 	21 	22 	14 	: 	: 	: 	: 	: 	75 	2 	56 	11 	: 	: 	: 	2 	16 	18 	22 	11 	: 	: 	: 	: 	: 	69 	2 	79 	23 	: 	: 	: 	2 	23 	28 	28 	23 	: 	: 	: 	: 	: 	104 	2 	69 	17 	: 	: 	: 	2 	21 	25 	23 	17 	: 	: 	: 	: 	: 	88 	2 	84 	24 	: 	: 	: 	2 	24 	31 	29 	24 	: 	: 	: 	: 	: 	110 	4 	102 	29 	: 	: 	: 	4 	33 	34 	35 	28 	1 	: 	: 	: 	: 	135 	2 	109 	35 	: 	: 	: 	2 	32 	37 	40 	35 	: 	: 	: 	: 	: 	146 	7 	136 	39 	: 	: 	: 	7 	41 	45 	50 	38 	1 	: 	: 	: 	: 	182 	: 	: 	: 	: 	: 	: 	: 	: 	: 	: 	: 	: 	: 	: 	: 	: 	: 	: 	: 	: 	: 	: 	: 	: 	: 	: 	: 	: 	: 	: 	: 	: 	: 	: 	: 	: 	: 	: 	: 	: 	: 	: 
FLIGHT,CAF_PAS_ARR,SK_LZIB_ES_GCLP	: 	: 	: 	: 	: 	: 	: 	: 	: 	: 	: 	: 	: 	: 	: 	: 	: 	: 	: 	: 	: 	: 	: 	: 	: 	: 	: 	: 	: 	: 	: 	: 	: 	: 	: 	: 	: 	: 	: 	: 	: 	: 	: 	: 	: 	: 	: 	: 	: 	: 	: 	: 	: 	: 	: 	: 	: 	: 	: 	: 	: 	: 	: 	: 	: 	: 	: 	: 	: 	: 	: 	: 	: 	: 	: 	: 	: 	: 	: 	: 	: 	: 	: 	: 	: 	: 	: 	: 	: 	: 	: 	: 	: 	: 	26 	27 	26 	12 	9 	8 	9 	9 	9 	9 	8 	9 	9 	8 	4 	: 	91 	: 	: 	: 	: 	: 	: 	: 	: 	: 	: 	: 	: 	: 	: 	: 	: 	: 	: 	: 	: 	: 	: 	: 	: 	: 	: 	: 	: 	: 	: 	: 	: 	: 	: 	: 	: 	: 	: 	: 	: 	: 	: 	: 	: 	: 	: 	: 	: 	: 	: 	: 	: 	: 	: 	: 	: 	: 	: 	: 	: 	: 	: 	: 	: 	: 	: 	: 	: 	: 	: 	: 	: 	: 	: 	: 	: 	: 	: 	: 	: 	: 	: 	: 	: 	: 	: 	: 	: 	: 	: 	: 	: 	: 	: 	: 	: 	: 	: 	: 	: 	: 	: 	: 	: 	: 	: 	: 	: 	: 	: 	: 	: 	: 	: 	: 	: 	: 	: 	: 	: 	: 	: 	: 	: 	: 	: 	: 
FLIGHT,CAF_PAS_ARR,SK_LZIB_ES_LEAL	: 	: 	: 	: 	: 	: 	: 	: 	: 	: 	: 	: 	: 	: 	: 	: 	: 	: 	: 	: 	: 	: 	: 	: 	: 	: 	: 	: 	: 	: 	: 	: 	: 	: 	: 	: 	: 	: 	: 	: 	: 	: 	: 	: 	: 	: 	: 	: 	: 	: 	: 	: 	: 	: 	: 	: 	: 	: 	: 	: 	: 	: 	: 	: 	: 	: 	: 	: 	: 	: 	: 	: 	: 	: 	: 	: 	: 	: 	: 	: 	: 	: 	: 	: 	: 	: 	: 	: 	: 	: 	: 	: 	: 	: 	12 	40 	39 	27 	: 	: 	12 	13 	14 	13 	13 	14 	12 	11 	8 	8 	118 	23 	27 	25 	25 	6 	9 	8 	9 	9 	9 	8 	9 	8 	9 	8 	8 	100 	26 	33 	8 	: 	7 	9 	10 	8 	16 	9 	8 	: 	: 	: 	: 	: 	67 	: 	: 	: 	: 	: 	: 	: 	: 	: 	: 	: 	: 	: 	: 	: 	: 	: 	: 	: 	: 	: 	: 	: 	: 	: 	: 	: 	: 	: 	: 	: 	: 	: 	: 	: 	: 	: 	: 	: 	: 	: 	: 	: 	: 	: 	: 	: 	: 	: 	: 	: 	: 	: 	: 	: 	: 	: 	: 	: 	: 	: 	: 	: 	: 	: 	: 	: 	: 	: 	: 	: 	: 	: 	: 	: 	: 	: 	: 	: 	: 	: 	: 	: 	: 	: 	: 	: 	: 	: 	: 	: 	: 	: 
FLIGHT,CAF_PAS_ARR,SK_LZIB_ES_LEBL	: 	: 	: 	: 	: 	: 	: 	: 	: 	: 	: 	: 	: 	: 	: 	: 	: 	: 	: 	: 	: 	: 	: 	: 	: 	: 	: 	: 	: 	: 	: 	: 	: 	: 	: 	: 	: 	: 	: 	: 	: 	: 	: 	: 	: 	: 	: 	: 	: 	: 	: 	: 	: 	: 	: 	: 	: 	: 	: 	: 	: 	: 	: 	: 	: 	: 	: 	: 	: 	: 	: 	: 	: 	: 	: 	: 	: 	: 	: 	: 	: 	: 	: 	: 	: 	: 	: 	: 	: 	: 	: 	: 	: 	: 	: 	: 	: 	: 	: 	: 	: 	: 	: 	: 	: 	: 	: 	: 	: 	: 	: 	: 	: 	: 	: 	: 	: 	: 	: 	: 	: 	: 	: 	: 	: 	: 	: 	: 	: 	: 	: 	: 	: 	: 	: 	: 	: 	: 	: 	: 	: 	: 	: 	: 	: 	: 	: 	: 	: 	: 	: 	: 	: 	: 	: 	: 	: 	: 	: 	: 	: 	: 	29 	53 	44 	28 	6 	4 	19 	18 	17 	18 	18 	14 	12 	10 	8 	10 	154 	30 	67 	45 	24 	9 	8 	13 	22 	23 	22 	20 	13 	12 	8 	7 	9 	166 	: 	: 	: 	: 	: 	: 	: 	: 	: 	: 	: 	: 	: 	: 	: 	: 	: 	: 	: 	: 	: 	: 	: 	: 	: 	: 	: 	: 	: 	: 	: 	: 	: 	: 	: 	: 	: 	: 	: 	: 	: 	: 
FLIGHT,CAF_PAS_ARR,SK_LZIB_ES_LEGE	26 	26 	14 	9 	9 	8 	9 	8 	9 	26 	37 	26 	25 	9 	8 	9 	10 	18 	9 	8 	9 	9 	7 	9 	9 	114 	25 	35 	26 	27 	7 	9 	9 	8 	18 	9 	9 	9 	8 	11 	8 	8 	113 	26 	35 	26 	1 	9 	8 	9 	8 	14 	13 	9 	8 	9 	: 	: 	1 	88 	10 	26 	25 	5 	: 	1 	9 	9 	8 	9 	9 	9 	7 	5 	: 	: 	66 	11 	30 	26 	2 	: 	: 	11 	12 	9 	9 	8 	9 	9 	2 	: 	: 	69 	8 	26 	26 	14 	: 	: 	8 	9 	8 	9 	9 	9 	8 	14 	: 	: 	74 	12 	40 	38 	39 	: 	: 	12 	13 	14 	13 	13 	13 	12 	14 	12 	13 	129 	35 	28 	26 	1 	13 	12 	10 	10 	9 	9 	8 	9 	9 	1 	: 	: 	90 	14 	60 	54 	53 	: 	: 	14 	19 	21 	20 	20 	17 	17 	18 	17 	18 	181 	: 	: 	: 	: 	: 	: 	: 	: 	: 	: 	: 	: 	: 	: 	: 	: 	: 	: 	: 	: 	: 	: 	: 	: 	: 	: 	: 	: 	: 	: 	: 	: 	: 	: 	: 	: 	: 	: 	: 	: 	: 	: 	: 	: 	: 	: 	: 	: 	: 	: 	: 	: 	: 	: 	: 	: 	: 	: 	: 	: 	: 	: 	: 	: 	: 	: 	: 	: 	: 	: 	: 	: 	: 	: 	: 	: 
FLIGHT,CAF_PAS_ARR,SK_LZIB_ES_LEMD	30 	30 	10 	9 	10 	11 	9 	11 	10 	32 	41 	39 	40 	11 	8 	13 	13 	14 	14 	13 	13 	13 	13 	13 	14 	152 	43 	40 	40 	1 	14 	16 	13 	13 	13 	14 	14 	13 	13 	1 	: 	: 	124 	: 	: 	: 	: 	: 	: 	: 	: 	: 	: 	: 	: 	: 	: 	: 	: 	: 	: 	: 	: 	: 	: 	: 	: 	: 	: 	: 	: 	: 	: 	: 	: 	: 	: 	: 	: 	: 	: 	: 	: 	: 	: 	: 	: 	: 	: 	: 	: 	: 	: 	: 	: 	: 	: 	: 	: 	: 	: 	: 	: 	: 	: 	: 	: 	: 	: 	: 	: 	: 	: 	: 	: 	: 	: 	: 	: 	: 	: 	: 	: 	: 	: 	: 	: 	: 	: 	: 	: 	: 	: 	: 	: 	: 	: 	: 	: 	: 	: 	: 	: 	: 	: 	: 	: 	: 	: 	: 	: 	: 	: 	: 	: 	: 	: 	: 	: 	: 	: 	: 	: 	: 	: 	: 	: 	: 	: 	: 	: 	: 	: 	: 	: 	: 	: 	: 	: 	: 	: 	: 	: 	: 	: 	: 	: 	: 	: 	: 	: 	: 	: 	: 	: 	: 	: 	: 	: 	: 	: 	: 	: 	: 	: 	: 	: 	: 	: 	: 	: 	: 	: 	: 	: 	: 	: 	: 	: 	: 	: 	: 	: 	: 	: 	: 	: 	: 	: 	: 	: 	: 	: 	: 	: 	: 	: 	: 
FLIGHT,CAF_PAS_ARR,SK_LZIB_ES_LEMG	: 	: 	: 	: 	: 	: 	: 	: 	: 	9 	42 	30 	4 	: 	1 	8 	13 	14 	15 	9 	11 	10 	4 	: 	: 	85 	13 	43 	29 	2 	1 	2 	10 	12 	13 	18 	11 	10 	8 	2 	: 	: 	87 	10 	38 	30 	2 	: 	1 	9 	11 	14 	13 	13 	8 	9 	1 	1 	: 	80 	10 	39 	29 	3 	: 	1 	9 	13 	12 	14 	12 	9 	8 	3 	: 	: 	81 	11 	62 	48 	4 	: 	: 	11 	22 	21 	19 	22 	13 	13 	4 	: 	: 	125 	8 	35 	27 	27 	: 	: 	8 	9 	12 	14 	10 	9 	8 	10 	8 	9 	97 	: 	: 	: 	: 	: 	: 	: 	: 	: 	: 	: 	: 	: 	: 	: 	: 	: 	: 	: 	: 	: 	: 	: 	: 	: 	: 	: 	: 	: 	: 	: 	: 	: 	: 	: 	: 	: 	: 	: 	: 	: 	: 	: 	: 	: 	: 	: 	: 	: 	: 	: 	: 	: 	: 	: 	: 	: 	: 	: 	: 	: 	: 	: 	: 	: 	: 	: 	: 	: 	: 	: 	: 	: 	: 	: 	: 	: 	: 	: 	: 	: 	: 	: 	: 	: 	: 	: 	: 	: 	: 	: 	: 	: 	: 	: 	: 	: 	: 	: 	: 	: 	: 	: 	: 	: 	: 	: 	: 	: 	: 	: 	: 	: 	: 	: 	: 	: 	: 	: 	: 	: 	: 	: 	: 	: 	: 	: 
FLIGHT,CAF_PAS_ARR,SK_LZIB_ES_LEPA	: 	: 	: 	: 	: 	: 	: 	: 	: 	9 	68 	36 	: 	: 	: 	9 	19 	23 	26 	18 	9 	9 	: 	: 	: 	113 	10 	52 	29 	1 	: 	1 	9 	15 	18 	19 	12 	9 	8 	1 	: 	: 	92 	7 	52 	24 	: 	: 	2 	5 	16 	17 	19 	11 	9 	4 	: 	: 	: 	83 	11 	73 	34 	2 	: 	2 	9 	22 	25 	26 	17 	8 	9 	2 	: 	: 	120 	8 	70 	35 	2 	: 	: 	8 	20 	28 	22 	18 	9 	8 	2 	: 	: 	115 	17 	103 	63 	2 	: 	: 	17 	29 	36 	38 	26 	18 	19 	2 	: 	: 	185 	19 	82 	39 	: 	: 	: 	19 	25 	27 	30 	24 	15 	: 	: 	: 	: 	140 	: 	: 	: 	: 	: 	: 	: 	: 	: 	: 	: 	: 	: 	: 	: 	: 	: 	: 	: 	: 	: 	: 	: 	: 	: 	: 	: 	: 	: 	: 	: 	: 	: 	: 	: 	: 	: 	: 	: 	: 	: 	: 	: 	: 	: 	: 	: 	: 	: 	: 	: 	: 	: 	: 	: 	: 	: 	: 	: 	: 	: 	: 	: 	: 	: 	: 	: 	: 	: 	: 	: 	: 	: 	: 	: 	: 	: 	: 	: 	: 	: 	: 	: 	: 	: 	: 	: 	: 	: 	: 	: 	: 	: 	: 	: 	: 	: 	: 	: 	: 	: 	: 	: 	: 	: 	: 	: 	: 	: 	: 
FLIGHT,CAF_PAS_ARR,SK_LZIB_FR_LFMN	: 	: 	: 	: 	: 	: 	: 	: 	: 	: 	: 	: 	: 	: 	: 	: 	: 	: 	: 	: 	: 	: 	: 	: 	: 	: 	: 	: 	: 	: 	: 	: 	: 	: 	: 	: 	: 	: 	: 	: 	: 	: 	: 	: 	: 	: 	: 	: 	: 	: 	: 	: 	: 	: 	: 	: 	: 	: 	: 	: 	: 	: 	: 	: 	: 	: 	: 	: 	: 	: 	: 	: 	: 	: 	: 	: 	: 	: 	: 	: 	: 	: 	: 	: 	: 	: 	: 	: 	: 	: 	: 	: 	: 	: 	: 	: 	: 	: 	: 	: 	: 	: 	: 	: 	: 	: 	: 	: 	: 	: 	: 	: 	: 	: 	: 	: 	: 	: 	: 	: 	: 	: 	: 	: 	: 	: 	: 	: 	: 	: 	: 	: 	: 	: 	: 	: 	: 	: 	: 	: 	: 	: 	: 	: 	: 	: 	: 	: 	: 	: 	: 	: 	: 	: 	: 	: 	: 	: 	: 	: 	: 	: 	: 	: 	: 	: 	: 	: 	: 	: 	: 	: 	: 	: 	: 	: 	: 	: 	: 	16 	60 	59 	40 	: 	: 	16 	20 	22 	18 	19 	23 	17 	16 	11 	13 	175 	: 	: 	: 	: 	: 	: 	: 	: 	: 	: 	: 	: 	: 	: 	: 	: 	: 	: 	: 	: 	: 	: 	: 	: 	: 	: 	: 	: 	: 	: 	: 	: 	: 	: 	: 	: 	: 	: 	: 	: 	: 	: 
FLIGHT,CAF_PAS_ARR,SK_LZIB_FR_LFOB	: 	: 	: 	: 	: 	: 	: 	: 	: 	16 	37 	32 	: 	: 	3 	13 	12 	13 	12 	9 	11 	12 	: 	: 	: 	85 	15 	39 	38 	1 	: 	1 	14 	13 	13 	13 	13 	13 	12 	1 	: 	: 	93 	7 	39 	36 	: 	: 	: 	7 	12 	14 	13 	10 	13 	13 	: 	: 	: 	82 	11 	39 	38 	1 	: 	: 	11 	13 	13 	13 	12 	14 	12 	1 	: 	: 	89 	15 	51 	52 	37 	: 	: 	15 	15 	18 	18 	17 	17 	18 	11 	13 	13 	155 	42 	53 	52 	39 	13 	12 	17 	17 	18 	18 	17 	18 	17 	14 	12 	13 	186 	43 	50 	48 	52 	13 	13 	17 	16 	18 	16 	17 	18 	13 	18 	16 	18 	193 	: 	: 	: 	: 	: 	: 	: 	: 	: 	: 	: 	: 	: 	: 	: 	: 	: 	: 	: 	: 	: 	: 	: 	: 	: 	: 	: 	: 	: 	: 	: 	: 	: 	: 	: 	: 	: 	: 	: 	: 	: 	: 	: 	: 	: 	: 	: 	: 	: 	: 	: 	: 	: 	: 	: 	: 	: 	: 	: 	: 	: 	: 	: 	: 	: 	: 	: 	: 	: 	: 	: 	: 	: 	: 	: 	: 	: 	: 	: 	: 	: 	: 	: 	: 	: 	: 	: 	: 	: 	: 	: 	: 	: 	: 	: 	: 	: 	: 	: 	: 	: 	: 	: 	: 	: 	: 	: 	: 	: 	: 
FLIGHT,CAF_PAS_ARR,SK_LZIB_FR_LFPO	: 	: 	: 	: 	: 	: 	: 	: 	: 	: 	: 	: 	: 	: 	: 	: 	: 	: 	: 	: 	: 	: 	: 	: 	: 	: 	: 	: 	: 	: 	: 	: 	: 	: 	: 	: 	: 	: 	: 	: 	: 	: 	: 	: 	: 	: 	: 	: 	: 	: 	: 	: 	: 	: 	: 	: 	: 	: 	: 	: 	: 	: 	: 	: 	: 	: 	: 	: 	: 	: 	: 	: 	: 	: 	: 	: 	: 	: 	: 	: 	: 	: 	: 	: 	: 	: 	: 	: 	: 	: 	: 	: 	: 	: 	: 	: 	: 	: 	: 	: 	: 	: 	: 	: 	: 	: 	: 	: 	: 	: 	: 	: 	: 	: 	: 	: 	: 	: 	: 	: 	: 	: 	: 	: 	: 	: 	: 	: 	: 	63 	135 	128 	: 	: 	: 	: 	36 	27 	33 	49 	53 	46 	37 	45 	326 	161 	88 	149 	147 	53 	55 	53 	35 	26 	27 	36 	57 	56 	54 	44 	49 	545 	139 	83 	130 	114 	46 	48 	45 	29 	27 	27 	36 	48 	46 	46 	36 	32 	466 	137 	103 	144 	131 	42 	43 	52 	41 	31 	31 	41 	54 	49 	50 	41 	40 	515 	: 	: 	: 	: 	: 	: 	: 	: 	: 	: 	: 	: 	: 	: 	: 	: 	: 	: 	: 	: 	: 	: 	: 	: 	: 	: 	: 	: 	: 	: 	: 	: 	: 	: 	: 	: 	: 	: 	: 	: 	: 	: 
FLIGHT,CAF_PAS_ARR,SK_LZIB_FR_LFSB	: 	: 	: 	: 	: 	: 	: 	: 	: 	: 	: 	: 	: 	: 	: 	: 	: 	: 	: 	: 	: 	: 	: 	: 	: 	: 	: 	: 	: 	: 	: 	: 	: 	: 	: 	: 	: 	: 	: 	: 	: 	: 	: 	: 	: 	: 	: 	: 	: 	: 	: 	: 	: 	: 	: 	: 	: 	: 	: 	: 	: 	: 	: 	: 	: 	: 	: 	: 	: 	: 	: 	: 	: 	: 	: 	: 	: 	: 	: 	: 	: 	: 	: 	: 	: 	: 	: 	: 	: 	: 	: 	: 	: 	: 	: 	: 	: 	: 	: 	: 	: 	: 	: 	: 	: 	: 	: 	: 	: 	: 	: 	: 	: 	: 	: 	: 	: 	: 	: 	: 	: 	: 	: 	: 	: 	: 	: 	: 	: 	: 	: 	: 	: 	: 	: 	: 	: 	: 	: 	: 	: 	: 	: 	: 	: 	: 	: 	: 	: 	: 	: 	: 	: 	: 	: 	: 	: 	: 	: 	: 	: 	: 	15 	53 	52 	49 	: 	: 	15 	17 	18 	18 	17 	17 	18 	17 	16 	16 	169 	51 	52 	53 	43 	16 	17 	18 	17 	17 	18 	18 	18 	17 	17 	11 	15 	199 	: 	: 	: 	: 	: 	: 	: 	: 	: 	: 	: 	: 	: 	: 	: 	: 	: 	: 	: 	: 	: 	: 	: 	: 	: 	: 	: 	: 	: 	: 	: 	: 	: 	: 	: 	: 	: 	: 	: 	: 	: 	: 
FLIGHT,CAF_PAS_ARR,SK_LZIB_IE_EICK	: 	: 	: 	: 	: 	: 	: 	: 	: 	: 	: 	: 	: 	: 	: 	: 	: 	: 	: 	: 	: 	: 	: 	: 	: 	: 	: 	: 	: 	: 	: 	: 	: 	: 	: 	: 	: 	: 	: 	: 	: 	: 	: 	: 	: 	: 	: 	: 	: 	: 	: 	: 	: 	: 	: 	: 	: 	: 	: 	: 	: 	: 	: 	: 	: 	: 	: 	: 	: 	: 	: 	: 	: 	: 	: 	: 	: 	: 	: 	: 	: 	: 	: 	: 	: 	: 	: 	: 	: 	: 	: 	: 	: 	: 	: 	: 	: 	: 	: 	: 	: 	: 	: 	: 	: 	: 	: 	: 	: 	: 	: 	: 	: 	: 	: 	: 	: 	: 	: 	: 	: 	: 	: 	: 	: 	: 	: 	: 	: 	: 	: 	: 	: 	: 	: 	: 	: 	: 	: 	: 	: 	: 	: 	: 	: 	7 	40 	39 	40 	: 	: 	7 	13 	13 	14 	12 	14 	13 	13 	12 	15 	126 	: 	: 	: 	: 	: 	: 	: 	: 	: 	: 	: 	: 	: 	: 	: 	: 	: 	: 	: 	: 	: 	: 	: 	: 	: 	: 	: 	: 	: 	: 	: 	: 	: 	: 	: 	: 	: 	: 	: 	: 	: 	: 	: 	: 	: 	: 	: 	: 	: 	: 	: 	: 	: 	: 	: 	: 	: 	: 	: 	: 	: 	: 	: 	: 	: 	: 	: 	: 	: 	: 	: 	: 	: 	: 	: 	: 
FLIGHT,CAF_PAS_ARR,SK_LZIB_IE_EIDW	91 	91 	31 	30 	31 	30 	31 	28 	32 	99 	95 	90 	93 	32 	36 	31 	33 	31 	31 	29 	31 	30 	33 	29 	31 	377 	91 	94 	91 	90 	30 	30 	31 	30 	32 	32 	30 	31 	30 	31 	28 	31 	366 	89 	79 	69 	66 	31 	30 	28 	26 	26 	27 	26 	22 	21 	23 	19 	24 	303 	74 	80 	78 	62 	25 	22 	27 	26 	27 	27 	25 	26 	27 	23 	18 	21 	294 	60 	70 	74 	58 	23 	18 	19 	20 	26 	24 	21 	27 	26 	20 	17 	21 	262 	56 	69 	65 	66 	21 	17 	18 	25 	22 	22 	22 	22 	21 	22 	20 	24 	256 	71 	75 	62 	52 	23 	22 	26 	22 	27 	26 	24 	21 	17 	18 	16 	18 	260 	58 	57 	52 	39 	18 	18 	22 	21 	18 	18 	17 	18 	17 	14 	12 	13 	206 	88 	175 	145 	144 	19 	26 	43 	51 	62 	62 	48 	48 	49 	50 	46 	48 	552 	133 	100 	95 	92 	48 	48 	37 	38 	31 	31 	30 	36 	29 	33 	28 	31 	420 	93 	80 	77 	37 	34 	31 	28 	25 	29 	26 	26 	26 	25 	13 	10 	14 	287 	: 	: 	: 	: 	: 	: 	: 	: 	: 	: 	: 	: 	: 	: 	: 	: 	: 	: 	: 	: 	: 	: 	: 	: 	: 	: 	: 	: 	: 	: 	: 	: 	: 	: 	: 	: 	: 	: 	: 	: 	: 	: 
FLIGHT,CAF_PAS_ARR,SK_LZIB_IN_VIAR	: 	: 	: 	: 	: 	: 	: 	: 	: 	: 	: 	: 	: 	: 	: 	: 	: 	: 	: 	: 	: 	: 	: 	: 	: 	: 	: 	: 	: 	: 	: 	: 	: 	: 	: 	: 	: 	: 	: 	: 	: 	: 	: 	: 	: 	: 	: 	: 	: 	: 	: 	: 	: 	: 	: 	: 	: 	: 	: 	: 	: 	: 	: 	: 	: 	: 	: 	: 	: 	: 	: 	: 	: 	: 	: 	: 	: 	: 	: 	: 	: 	: 	: 	: 	: 	: 	: 	: 	: 	: 	: 	: 	: 	: 	: 	: 	: 	: 	: 	: 	: 	: 	: 	: 	: 	: 	: 	: 	: 	: 	: 	: 	: 	: 	: 	: 	: 	: 	: 	: 	: 	: 	: 	: 	: 	: 	: 	: 	: 	: 	: 	: 	: 	: 	: 	: 	: 	: 	: 	: 	: 	: 	: 	: 	: 	17 	: 	14 	43 	8 	7 	2 	: 	: 	: 	1 	2 	11 	15 	13 	15 	74 	: 	: 	: 	: 	: 	: 	: 	: 	: 	: 	: 	: 	: 	: 	: 	: 	: 	: 	: 	: 	: 	: 	: 	: 	: 	: 	: 	: 	: 	: 	: 	: 	: 	: 	: 	: 	: 	: 	: 	: 	: 	: 	: 	: 	: 	: 	: 	: 	: 	: 	: 	: 	: 	: 	: 	: 	: 	: 	: 	: 	: 	: 	: 	: 	: 	: 	: 	: 	: 	: 	: 	: 	: 	: 	: 	: 
FLIGHT,CAF_PAS_ARR,SK_LZIB_IT_LICT	: 	: 	: 	: 	: 	: 	: 	: 	: 	8 	26 	26 	: 	: 	: 	8 	9 	8 	9 	9 	9 	8 	: 	: 	: 	60 	: 	: 	: 	: 	: 	: 	: 	: 	: 	: 	: 	: 	: 	: 	: 	: 	: 	10 	25 	26 	: 	: 	1 	9 	8 	8 	9 	9 	8 	9 	: 	: 	: 	61 	: 	: 	: 	: 	: 	: 	: 	: 	: 	: 	: 	: 	: 	: 	: 	: 	: 	: 	: 	: 	: 	: 	: 	: 	: 	: 	: 	: 	: 	: 	: 	: 	: 	: 	: 	: 	: 	: 	: 	: 	: 	: 	: 	: 	: 	: 	: 	: 	: 	: 	: 	: 	: 	: 	: 	: 	: 	: 	: 	: 	: 	: 	: 	: 	: 	: 	: 	: 	: 	: 	: 	: 	: 	: 	: 	: 	: 	: 	: 	: 	: 	: 	: 	: 	: 	: 	: 	: 	: 	: 	: 	: 	: 	: 	: 	: 	: 	: 	: 	: 	: 	: 	: 	: 	: 	: 	: 	: 	: 	: 	: 	: 	: 	: 	: 	: 	: 	: 	: 	: 	: 	: 	: 	: 	: 	: 	: 	: 	: 	: 	: 	: 	: 	: 	: 	: 	: 	: 	: 	: 	: 	: 	: 	: 	: 	: 	: 	: 	: 	: 	: 	: 	: 	: 	: 	: 	: 	: 	: 	: 	: 	: 	: 	: 	: 	: 	: 	: 	: 	: 	: 	: 	: 	: 	: 	: 	: 	: 
FLIGHT,CAF_PAS_ARR,SK_LZIB_IT_LIEA	: 	: 	: 	: 	: 	: 	: 	: 	: 	9 	26 	26 	27 	: 	: 	9 	8 	9 	9 	8 	9 	9 	9 	8 	10 	88 	25 	26 	26 	26 	11 	7 	7 	9 	9 	8 	9 	9 	8 	9 	8 	9 	103 	29 	31 	25 	26 	9 	9 	11 	14 	8 	9 	9 	8 	8 	9 	8 	9 	111 	26 	27 	26 	2 	9 	8 	9 	9 	9 	9 	8 	9 	9 	2 	: 	: 	81 	: 	: 	: 	: 	: 	: 	: 	: 	: 	: 	: 	: 	: 	: 	: 	: 	: 	: 	: 	: 	: 	: 	: 	: 	: 	: 	: 	: 	: 	: 	: 	: 	: 	: 	: 	: 	: 	: 	: 	: 	: 	: 	: 	: 	: 	: 	: 	: 	: 	: 	: 	: 	: 	: 	: 	: 	: 	: 	: 	: 	: 	: 	: 	: 	: 	: 	: 	: 	: 	: 	: 	: 	: 	: 	: 	: 	: 	: 	: 	: 	: 	: 	: 	: 	: 	: 	: 	: 	: 	: 	: 	: 	: 	: 	: 	: 	: 	: 	: 	: 	: 	: 	: 	: 	: 	: 	: 	: 	: 	: 	: 	: 	: 	: 	: 	: 	: 	: 	: 	: 	: 	: 	: 	: 	: 	: 	: 	: 	: 	: 	: 	: 	: 	: 	: 	: 	: 	: 	: 	: 	: 	: 	: 	: 	: 	: 	: 	: 	: 	: 	: 	: 	: 	: 	: 	: 	: 	: 	: 	: 	: 
FLIGHT,CAF_PAS_ARR,SK_LZIB_IT_LIME	52 	52 	18 	17 	18 	17 	17 	16 	19 	55 	53 	51 	54 	18 	18 	19 	17 	18 	18 	16 	18 	17 	17 	17 	20 	213 	55 	53 	53 	51 	20 	18 	17 	17 	18 	18 	18 	18 	17 	18 	16 	17 	212 	53 	53 	40 	64 	18 	17 	18 	18 	17 	18 	16 	7 	17 	22 	20 	22 	210 	65 	66 	66 	65 	21 	22 	22 	21 	23 	22 	22 	22 	22 	22 	19 	24 	262 	70 	74 	58 	67 	22 	21 	27 	25 	26 	23 	21 	21 	16 	22 	21 	24 	269 	66 	66 	65 	90 	24 	21 	21 	22 	22 	22 	21 	22 	22 	29 	28 	33 	287 	85 	74 	60 	99 	32 	30 	23 	22 	25 	27 	21 	21 	18 	29 	35 	35 	318 	102 	103 	97 	149 	32 	34 	36 	32 	35 	36 	33 	33 	31 	51 	48 	50 	451 	138 	92 	99 	102 	50 	50 	38 	30 	31 	31 	32 	33 	34 	36 	36 	30 	431 	94 	106 	107 	198 	32 	28 	34 	34 	36 	36 	33 	36 	38 	63 	64 	71 	505 	204 	208 	201 	219 	70 	64 	70 	70 	70 	68 	64 	68 	69 	78 	69 	72 	832 	: 	: 	: 	: 	: 	: 	: 	: 	: 	: 	: 	: 	: 	: 	: 	: 	: 	: 	: 	: 	: 	: 	: 	: 	: 	: 	: 	: 	: 	: 	: 	: 	: 	: 	: 	: 	: 	: 	: 	: 	: 	: 
FLIGHT,CAF_PAS_ARR,SK_LZIB_IT_LIPE	: 	: 	: 	: 	: 	: 	: 	: 	: 	: 	: 	: 	: 	: 	: 	: 	: 	: 	: 	: 	: 	: 	: 	: 	: 	: 	: 	: 	: 	: 	: 	: 	: 	: 	: 	: 	: 	: 	: 	: 	: 	: 	: 	: 	: 	: 	: 	: 	: 	: 	: 	: 	: 	: 	: 	: 	: 	: 	: 	: 	: 	: 	: 	: 	: 	: 	: 	: 	: 	: 	: 	: 	: 	: 	: 	: 	: 	: 	: 	: 	: 	: 	: 	: 	: 	: 	: 	: 	: 	: 	: 	: 	: 	: 	: 	: 	: 	: 	: 	: 	: 	: 	: 	: 	: 	: 	: 	: 	: 	: 	: 	14 	46 	49 	72 	1 	: 	13 	15 	14 	17 	17 	18 	14 	24 	25 	23 	181 	: 	: 	: 	: 	: 	: 	: 	: 	: 	: 	: 	: 	: 	: 	: 	: 	: 	: 	: 	: 	: 	: 	: 	: 	: 	: 	: 	: 	: 	: 	: 	: 	: 	: 	: 	: 	: 	: 	: 	: 	: 	: 	: 	: 	: 	: 	: 	: 	: 	: 	: 	: 	: 	: 	: 	: 	: 	: 	: 	: 	: 	: 	: 	: 	: 	: 	: 	: 	: 	: 	: 	: 	: 	: 	: 	: 	: 	: 	: 	: 	: 	: 	: 	: 	: 	: 	: 	: 	: 	: 	: 	: 	: 	: 	: 	: 	: 	: 	: 	: 	: 	: 	: 	: 	: 	: 	: 	: 	: 	: 
FLIGHT,CAF_PAS_ARR,SK_LZIB_IT_LIRA	41 	40 	13 	14 	15 	12 	14 	12 	14 	31 	41 	39 	40 	12 	13 	6 	13 	14 	14 	12 	13 	14 	14 	12 	14 	151 	45 	56 	55 	39 	15 	12 	18 	20 	18 	18 	19 	18 	18 	14 	11 	14 	195 	43 	53 	54 	31 	12 	14 	17 	18 	18 	17 	19 	18 	17 	12 	10 	9 	181 	32 	39 	39 	25 	9 	9 	14 	13 	13 	13 	13 	14 	12 	9 	8 	8 	135 	30 	37 	40 	41 	7 	7 	16 	10 	14 	13 	13 	13 	14 	16 	11 	14 	148 	41 	45 	39 	41 	15 	13 	13 	14 	16 	15 	13 	13 	13 	15 	13 	13 	166 	43 	40 	36 	40 	13 	15 	15 	13 	13 	14 	13 	13 	10 	14 	13 	13 	159 	: 	: 	: 	: 	: 	: 	: 	: 	: 	: 	: 	: 	: 	: 	: 	: 	: 	: 	: 	: 	: 	: 	: 	: 	: 	: 	: 	: 	: 	: 	: 	: 	: 	: 	: 	: 	: 	: 	: 	: 	: 	: 	: 	: 	: 	: 	: 	: 	: 	: 	: 	: 	: 	: 	: 	: 	: 	: 	: 	: 	: 	: 	: 	: 	: 	: 	: 	: 	: 	: 	: 	: 	: 	: 	: 	: 	: 	: 	: 	: 	: 	: 	: 	: 	: 	: 	: 	: 	: 	: 	: 	: 	: 	: 	: 	: 	: 	: 	: 	: 	: 	: 	: 	: 	: 	: 	: 	: 	: 	: 
FLIGHT,CAF_PAS_ARR,SK_LZIB_IT_LIRF	: 	: 	: 	: 	: 	: 	: 	: 	: 	: 	: 	: 	: 	: 	: 	: 	: 	: 	: 	: 	: 	: 	: 	: 	: 	: 	: 	: 	: 	: 	: 	: 	: 	: 	: 	: 	: 	: 	: 	: 	: 	: 	: 	: 	: 	: 	: 	: 	: 	: 	: 	: 	: 	: 	: 	: 	: 	: 	: 	: 	: 	: 	: 	: 	: 	: 	: 	: 	: 	: 	: 	: 	: 	: 	: 	: 	: 	: 	: 	: 	: 	: 	: 	: 	: 	: 	: 	: 	: 	: 	: 	: 	: 	: 	: 	: 	: 	: 	: 	: 	: 	: 	: 	: 	: 	: 	: 	: 	: 	: 	: 	: 	: 	: 	: 	: 	: 	: 	: 	: 	: 	: 	: 	: 	: 	: 	: 	: 	50 	42 	79 	77 	16 	18 	16 	7 	17 	18 	20 	29 	30 	31 	24 	22 	248 	92 	56 	83 	89 	30 	31 	31 	21 	18 	17 	22 	31 	30 	31 	29 	29 	320 	84 	58 	74 	63 	30 	27 	27 	22 	18 	18 	22 	26 	26 	27 	16 	20 	279 	75 	68 	76 	55 	25 	24 	26 	24 	21 	23 	24 	26 	26 	23 	16 	16 	274 	: 	: 	: 	: 	: 	: 	: 	: 	: 	: 	: 	: 	: 	: 	: 	: 	: 	: 	: 	: 	: 	: 	: 	: 	: 	: 	: 	: 	: 	: 	: 	: 	: 	: 	: 	: 	: 	: 	: 	: 	: 	: 
FLIGHT,CAF_PAS_ARR,SK_LZIB_IT_LIRP	: 	: 	: 	: 	: 	: 	: 	: 	: 	: 	: 	: 	: 	: 	: 	: 	: 	: 	: 	: 	: 	: 	: 	: 	: 	: 	: 	: 	: 	: 	: 	: 	: 	: 	: 	: 	: 	: 	: 	: 	: 	: 	: 	: 	: 	: 	: 	: 	: 	: 	: 	: 	: 	: 	: 	: 	: 	: 	: 	: 	: 	: 	: 	: 	: 	: 	: 	: 	: 	: 	: 	: 	: 	: 	: 	: 	: 	: 	: 	: 	: 	: 	: 	: 	: 	: 	: 	: 	: 	: 	: 	: 	: 	: 	: 	: 	: 	: 	: 	: 	: 	: 	: 	: 	: 	: 	: 	: 	: 	: 	: 	8 	27 	24 	25 	: 	: 	8 	9 	9 	9 	8 	8 	8 	8 	8 	9 	84 	: 	: 	: 	: 	: 	: 	: 	: 	: 	: 	: 	: 	: 	: 	: 	: 	: 	: 	: 	: 	: 	: 	: 	: 	: 	: 	: 	: 	: 	: 	: 	: 	: 	: 	: 	: 	: 	: 	: 	: 	: 	: 	: 	: 	: 	: 	: 	: 	: 	: 	: 	: 	: 	: 	: 	: 	: 	: 	: 	: 	: 	: 	: 	: 	: 	: 	: 	: 	: 	: 	: 	: 	: 	: 	: 	: 	: 	: 	: 	: 	: 	: 	: 	: 	: 	: 	: 	: 	: 	: 	: 	: 	: 	: 	: 	: 	: 	: 	: 	: 	: 	: 	: 	: 	: 	: 	: 	: 	: 	: 
FLIGHT,CAF_PAS_ARR,SK_LZIB_MK_LWSK	26 	26 	14 	9 	9 	8 	10 	7 	9 	25 	27 	26 	1 	8 	8 	9 	9 	9 	9 	8 	9 	9 	1 	: 	: 	79 	: 	: 	: 	: 	: 	: 	: 	: 	: 	: 	: 	: 	: 	: 	: 	: 	: 	: 	: 	: 	: 	: 	: 	: 	: 	: 	: 	: 	: 	: 	: 	: 	: 	: 	: 	: 	: 	: 	: 	: 	: 	: 	: 	: 	: 	: 	: 	: 	: 	: 	: 	: 	: 	: 	: 	: 	: 	: 	: 	: 	: 	: 	: 	: 	: 	: 	: 	: 	: 	: 	: 	: 	: 	: 	: 	: 	: 	: 	: 	: 	: 	: 	: 	: 	: 	: 	: 	: 	: 	: 	: 	: 	: 	: 	: 	: 	: 	: 	: 	: 	: 	: 	: 	: 	: 	: 	: 	: 	: 	: 	: 	: 	: 	: 	: 	: 	: 	: 	: 	: 	: 	: 	: 	: 	: 	: 	: 	: 	: 	: 	: 	: 	: 	: 	: 	: 	: 	: 	: 	: 	: 	: 	: 	: 	: 	: 	: 	: 	: 	: 	: 	: 	: 	: 	: 	: 	: 	: 	: 	: 	: 	: 	: 	: 	: 	: 	: 	: 	: 	: 	: 	: 	: 	: 	: 	: 	: 	: 	: 	: 	: 	: 	: 	: 	: 	: 	: 	: 	: 	: 	: 	: 	: 	: 	: 	: 	: 	: 	: 	: 	: 	: 	: 	: 	: 	: 	: 	: 	: 	: 	: 	: 
FLIGHT,CAF_PAS_ARR,SK_LZIB_NL_EHAM	: 	: 	: 	: 	: 	: 	: 	: 	: 	: 	: 	: 	: 	: 	: 	: 	: 	: 	: 	: 	: 	: 	: 	: 	: 	: 	: 	: 	: 	: 	: 	: 	: 	: 	: 	: 	: 	: 	: 	: 	: 	: 	: 	: 	: 	: 	: 	: 	: 	: 	: 	: 	: 	: 	: 	: 	: 	: 	: 	: 	: 	: 	: 	: 	: 	: 	: 	: 	: 	: 	: 	: 	: 	: 	: 	: 	: 	: 	: 	: 	: 	: 	: 	: 	: 	: 	: 	: 	: 	: 	: 	: 	: 	: 	: 	: 	: 	: 	: 	: 	: 	: 	: 	: 	: 	: 	: 	: 	: 	: 	: 	: 	: 	: 	: 	: 	: 	: 	: 	: 	: 	: 	: 	: 	: 	: 	: 	: 	: 	: 	: 	: 	: 	: 	: 	: 	: 	: 	: 	: 	: 	: 	: 	: 	: 	: 	: 	: 	: 	: 	: 	: 	: 	: 	: 	: 	: 	: 	: 	: 	: 	: 	27 	57 	85 	77 	: 	: 	27 	21 	18 	18 	23 	31 	31 	28 	24 	25 	246 	76 	81 	92 	70 	24 	22 	30 	28 	27 	26 	30 	32 	30 	27 	20 	23 	319 	: 	: 	: 	: 	: 	: 	: 	: 	: 	: 	: 	: 	: 	: 	: 	: 	: 	: 	: 	: 	: 	: 	: 	: 	: 	: 	: 	: 	: 	: 	: 	: 	: 	: 	: 	: 	: 	: 	: 	: 	: 	: 
FLIGHT,CAF_PAS_ARR,SK_LZIB_RO_LRBS	: 	: 	: 	: 	: 	: 	: 	: 	: 	: 	: 	: 	: 	: 	: 	: 	: 	: 	: 	: 	: 	: 	: 	: 	: 	: 	: 	: 	: 	: 	: 	: 	: 	: 	: 	: 	: 	: 	: 	: 	: 	: 	: 	: 	: 	: 	: 	: 	: 	: 	: 	: 	: 	: 	: 	: 	: 	: 	: 	: 	: 	: 	: 	: 	: 	: 	: 	: 	: 	: 	: 	: 	: 	: 	: 	: 	: 	: 	: 	: 	: 	: 	: 	: 	: 	: 	: 	: 	: 	: 	: 	: 	: 	: 	: 	: 	: 	: 	: 	: 	: 	: 	: 	: 	: 	: 	: 	: 	: 	: 	: 	: 	: 	: 	: 	: 	: 	: 	: 	: 	: 	: 	: 	: 	: 	: 	: 	: 	: 	: 	: 	: 	: 	: 	: 	: 	: 	: 	: 	: 	: 	: 	: 	: 	: 	: 	: 	: 	: 	: 	: 	: 	: 	: 	: 	: 	: 	: 	: 	: 	: 	: 	: 	: 	: 	: 	: 	: 	: 	: 	: 	: 	: 	: 	: 	: 	: 	: 	: 	46 	58 	53 	40 	14 	14 	18 	22 	18 	18 	17 	18 	18 	16 	12 	12 	197 	: 	: 	: 	: 	: 	: 	: 	: 	: 	: 	: 	: 	: 	: 	: 	: 	: 	: 	: 	: 	: 	: 	: 	: 	: 	: 	: 	: 	: 	: 	: 	: 	: 	: 	: 	: 	: 	: 	: 	: 	: 	: 
FLIGHT,CAF_PAS_ARR,SK_LZIB_RU_UUEE	: 	: 	: 	: 	: 	: 	: 	: 	: 	: 	: 	: 	: 	: 	: 	: 	: 	: 	: 	: 	: 	: 	: 	: 	: 	: 	: 	: 	: 	: 	: 	: 	: 	: 	: 	: 	: 	: 	: 	: 	: 	: 	: 	: 	: 	: 	: 	: 	: 	: 	: 	: 	: 	: 	: 	: 	: 	: 	: 	: 	: 	: 	: 	: 	: 	: 	: 	: 	: 	: 	: 	: 	: 	: 	: 	: 	: 	: 	: 	: 	: 	: 	: 	: 	: 	: 	: 	: 	: 	: 	: 	: 	: 	: 	: 	: 	: 	: 	: 	: 	: 	: 	: 	: 	: 	: 	: 	: 	: 	: 	: 	: 	: 	: 	: 	: 	: 	: 	: 	: 	: 	: 	: 	: 	: 	: 	: 	: 	: 	: 	: 	: 	: 	: 	: 	: 	: 	: 	: 	: 	: 	: 	: 	: 	: 	: 	: 	: 	: 	: 	: 	: 	: 	: 	: 	: 	: 	: 	: 	: 	: 	: 	: 	: 	: 	: 	: 	: 	: 	: 	: 	: 	: 	: 	: 	: 	: 	: 	: 	51 	53 	51 	52 	16 	17 	18 	17 	18 	18 	17 	18 	16 	18 	15 	19 	207 	: 	: 	: 	: 	: 	: 	: 	: 	: 	: 	: 	: 	: 	: 	: 	: 	: 	: 	: 	: 	: 	: 	: 	: 	: 	: 	: 	: 	: 	: 	: 	: 	: 	: 	: 	: 	: 	: 	: 	: 	: 	213 
FLIGHT,CAF_PAS_ARR,SK_LZIB_RU_UUWW	57 	61 	19 	18 	20 	19 	23 	17 	21 	68 	48 	75 	94 	22 	21 	25 	19 	16 	13 	14 	31 	30 	31 	32 	31 	285 	: 	: 	: 	: 	: 	: 	: 	: 	: 	: 	: 	: 	: 	: 	: 	: 	: 	: 	: 	: 	: 	: 	: 	: 	: 	: 	: 	: 	: 	: 	: 	: 	: 	: 	: 	: 	: 	: 	: 	: 	: 	: 	: 	: 	: 	: 	: 	: 	: 	: 	: 	72 	90 	84 	88 	23 	20 	29 	30 	29 	31 	28 	27 	29 	29 	30 	29 	334 	: 	: 	: 	: 	: 	: 	: 	: 	: 	: 	: 	: 	: 	: 	: 	: 	: 	: 	: 	: 	: 	: 	: 	: 	: 	: 	: 	: 	: 	: 	: 	: 	: 	: 	: 	: 	: 	: 	: 	: 	: 	: 	: 	: 	: 	: 	: 	: 	: 	: 	: 	: 	: 	: 	: 	: 	: 	: 	: 	: 	: 	: 	: 	: 	: 	: 	: 	: 	: 	: 	: 	: 	: 	: 	: 	: 	: 	: 	: 	: 	: 	: 	: 	: 	: 	: 	: 	: 	: 	: 	: 	: 	: 	: 	: 	: 	: 	: 	: 	: 	: 	: 	: 	: 	: 	: 	: 	: 	: 	: 	: 	: 	: 	: 	: 	: 	: 	: 	: 	: 	: 	: 	: 	: 	: 	: 	: 	: 	: 	: 	: 	: 	: 	: 	: 	: 	: 	: 	: 	: 	: 	: 	: 	: 
FLIGHT,CAF_PAS_ARR,SK_LZIB_SE_ESKN	: 	: 	: 	: 	: 	: 	: 	: 	: 	: 	: 	: 	: 	: 	: 	: 	: 	: 	: 	: 	: 	: 	: 	: 	: 	: 	: 	: 	: 	: 	: 	: 	: 	: 	: 	: 	: 	: 	: 	: 	: 	: 	: 	: 	: 	: 	: 	: 	: 	: 	: 	: 	: 	: 	: 	: 	: 	: 	: 	: 	: 	: 	: 	: 	: 	: 	: 	: 	: 	: 	: 	: 	: 	: 	: 	: 	: 	: 	: 	: 	: 	: 	: 	: 	: 	: 	: 	: 	: 	: 	: 	: 	: 	: 	: 	: 	: 	: 	: 	: 	: 	: 	: 	: 	: 	: 	: 	: 	: 	: 	: 	30 	40 	38 	37 	7 	9 	14 	13 	13 	14 	14 	13 	11 	13 	11 	13 	145 	36 	39 	39 	39 	14 	9 	13 	13 	13 	13 	13 	13 	13 	13 	12 	14 	153 	52 	74 	80 	65 	12 	13 	27 	30 	22 	22 	22 	32 	26 	22 	21 	22 	271 	: 	: 	: 	: 	: 	: 	: 	: 	: 	: 	: 	: 	: 	: 	: 	: 	: 	: 	: 	: 	: 	: 	: 	: 	: 	: 	: 	: 	: 	: 	: 	: 	: 	: 	: 	: 	: 	: 	: 	: 	: 	: 	: 	: 	: 	: 	: 	: 	: 	: 	: 	: 	: 	: 	: 	: 	: 	: 	: 	: 	: 	: 	: 	: 	: 	: 	: 	: 	: 	: 	: 	: 	: 	: 	: 	: 
FLIGHT,CAF_PAS_ARR,SK_LZIB_SK_LZKZ	: 	: 	: 	: 	: 	: 	: 	: 	: 	122 	96 	140 	115 	37 	49 	36 	37 	33 	26 	56 	43 	41 	48 	39 	28 	473 	127 	94 	112 	95 	44 	45 	38 	39 	26 	29 	42 	34 	36 	35 	33 	27 	428 	: 	: 	: 	: 	: 	: 	: 	: 	: 	: 	: 	: 	: 	: 	: 	: 	: 	: 	: 	: 	: 	: 	: 	: 	: 	: 	: 	: 	: 	: 	: 	: 	: 	: 	106 	140 	140 	121 	26 	31 	49 	42 	51 	47 	45 	51 	44 	45 	41 	35 	507 	136 	147 	167 	145 	40 	45 	51 	51 	48 	48 	52 	67 	48 	51 	50 	44 	595 	148 	183 	178 	188 	45 	46 	57 	59 	62 	62 	63 	59 	56 	65 	58 	65 	697 	200 	295 	374 	250 	67 	64 	69 	66 	109 	120 	119 	120 	135 	87 	75 	88 	1119 	257 	267 	295 	287 	78 	88 	91 	88 	89 	90 	91 	104 	100 	99 	92 	96 	1106 	281 	188 	217 	183 	84 	95 	102 	64 	62 	62 	69 	76 	72 	68 	55 	60 	869 	171 	180 	176 	174 	53 	59 	59 	58 	63 	59 	60 	62 	54 	63 	53 	58 	701 	: 	: 	: 	: 	: 	: 	: 	: 	: 	: 	: 	: 	: 	: 	: 	: 	: 	: 	: 	: 	: 	: 	: 	: 	: 	: 	: 	: 	: 	: 	: 	: 	: 	: 	: 	: 	: 	: 	: 	: 	: 	502 
FLIGHT,CAF_PAS_ARR,SK_LZIB_TN_DTMB	: 	: 	: 	: 	: 	: 	: 	: 	: 	: 	: 	: 	: 	: 	: 	: 	: 	: 	: 	: 	: 	: 	: 	: 	: 	: 	: 	: 	: 	: 	: 	: 	: 	: 	: 	: 	: 	: 	: 	: 	: 	: 	: 	1 	81 	14 	: 	: 	: 	1 	21 	29 	31 	14 	: 	: 	: 	: 	: 	96 	2 	82 	17 	: 	: 	: 	2 	18 	33 	31 	17 	: 	: 	: 	: 	: 	101 	1 	90 	23 	: 	: 	: 	1 	18 	36 	36 	22 	1 	: 	: 	: 	: 	114 	1 	71 	7 	: 	: 	: 	1 	21 	27 	23 	7 	: 	: 	: 	: 	: 	79 	2 	79 	24 	: 	: 	: 	2 	21 	28 	30 	20 	4 	: 	: 	: 	: 	105 	3 	86 	31 	: 	: 	: 	3 	25 	29 	32 	26 	5 	: 	: 	: 	: 	120 	5 	122 	43 	: 	: 	: 	5 	36 	42 	44 	33 	10 	: 	: 	: 	: 	170 	10 	93 	33 	: 	: 	: 	10 	26 	31 	36 	28 	5 	: 	: 	: 	: 	136 	6 	79 	29 	: 	: 	: 	6 	25 	27 	27 	25 	4 	: 	: 	: 	: 	114 	: 	: 	: 	: 	: 	: 	: 	: 	: 	: 	: 	: 	: 	: 	: 	: 	: 	: 	: 	: 	: 	: 	: 	: 	: 	: 	: 	: 	: 	: 	: 	: 	: 	: 	: 	: 	: 	: 	: 	: 	: 	82 
FLIGHT,CAF_PAS_ARR,SK_LZIB_TR_LTAI	29 	3 	76 	27 	2 	: 	: 	1 	2 	4 	124 	15 	: 	: 	1 	3 	33 	39 	52 	15 	: 	: 	: 	: 	: 	143 	6 	346 	82 	3 	: 	1 	5 	91 	125 	130 	75 	7 	: 	2 	: 	1 	437 	9 	277 	69 	: 	: 	1 	8 	78 	101 	98 	61 	8 	: 	: 	: 	: 	355 	15 	300 	77 	3 	1 	: 	14 	84 	107 	109 	74 	3 	: 	3 	: 	: 	395 	18 	238 	76 	2 	: 	2 	16 	72 	82 	84 	66 	6 	4 	2 	: 	: 	334 	20 	286 	85 	4 	: 	2 	18 	85 	98 	103 	72 	8 	5 	4 	: 	: 	395 	20 	183 	65 	: 	: 	4 	16 	51 	64 	68 	55 	10 	: 	: 	: 	: 	268 	9 	184 	57 	: 	: 	: 	9 	57 	66 	61 	51 	5 	1 	: 	: 	: 	250 	2 	173 	53 	1 	: 	: 	2 	48 	62 	63 	53 	: 	: 	: 	: 	1 	229 	4 	110 	34 	: 	: 	2 	2 	31 	39 	40 	34 	: 	: 	: 	: 	: 	148 	3 	75 	18 	1 	2 	: 	1 	18 	30 	27 	18 	: 	: 	1 	: 	: 	97 	: 	: 	: 	: 	: 	: 	: 	: 	: 	: 	: 	: 	: 	: 	: 	: 	: 	: 	: 	: 	: 	: 	: 	: 	: 	: 	: 	: 	: 	: 	: 	: 	: 	: 	: 	: 	: 	: 	: 	: 	: 	66 
FLIGHT,CAF_PAS_ARR,SK_LZIB_UK_EGBB	39 	39 	13 	13 	13 	13 	13 	12 	14 	40 	41 	39 	46 	14 	13 	13 	13 	15 	13 	13 	13 	13 	14 	16 	16 	166 	40 	39 	39 	39 	15 	11 	14 	13 	13 	13 	13 	13 	13 	13 	12 	14 	157 	35 	37 	40 	29 	12 	13 	10 	9 	14 	14 	13 	14 	13 	9 	9 	11 	141 	33 	39 	39 	24 	10 	9 	14 	12 	14 	13 	13 	13 	13 	8 	8 	8 	135 	29 	39 	39 	39 	10 	7 	12 	13 	13 	13 	13 	14 	12 	14 	12 	13 	146 	40 	39 	39 	40 	14 	13 	13 	13 	13 	13 	13 	13 	13 	14 	12 	14 	158 	39 	41 	37 	38 	13 	13 	13 	13 	14 	14 	14 	13 	10 	13 	12 	13 	155 	40 	38 	41 	17 	14 	12 	14 	13 	13 	12 	13 	13 	15 	6 	4 	7 	136 	50 	91 	62 	76 	17 	18 	15 	29 	31 	31 	19 	19 	24 	28 	24 	24 	279 	: 	: 	: 	: 	: 	: 	: 	: 	: 	: 	: 	: 	: 	: 	: 	: 	: 	: 	: 	: 	: 	: 	: 	: 	: 	: 	: 	: 	: 	: 	: 	: 	: 	: 	: 	: 	: 	: 	: 	: 	: 	: 	: 	: 	: 	: 	: 	: 	: 	: 	: 	: 	: 	: 	: 	: 	: 	: 	: 	: 	: 	: 	: 	: 	: 	: 	: 	: 	: 	: 	: 	: 	: 	: 	: 	: 
FLIGHT,CAF_PAS_ARR,SK_LZIB_UK_EGCC	39 	40 	13 	13 	13 	13 	13 	12 	15 	40 	40 	39 	: 	14 	13 	13 	13 	13 	14 	13 	13 	13 	: 	: 	: 	119 	: 	: 	: 	: 	: 	: 	: 	: 	: 	: 	: 	: 	: 	: 	: 	: 	: 	: 	: 	: 	: 	: 	: 	: 	: 	: 	: 	: 	: 	: 	: 	: 	: 	: 	: 	: 	: 	: 	: 	: 	: 	: 	: 	: 	: 	: 	: 	: 	: 	: 	: 	: 	: 	: 	: 	: 	: 	: 	: 	: 	: 	: 	: 	: 	: 	: 	: 	: 	: 	: 	: 	: 	: 	: 	: 	: 	: 	: 	: 	: 	: 	: 	: 	: 	: 	: 	: 	: 	: 	: 	: 	: 	: 	: 	: 	: 	: 	: 	: 	: 	: 	: 	10 	44 	74 	76 	9 	1 	: 	: 	21 	23 	22 	26 	26 	31 	24 	21 	204 	87 	92 	92 	91 	30 	26 	31 	30 	31 	31 	30 	31 	31 	31 	29 	31 	362 	77 	52 	53 	43 	30 	27 	20 	17 	18 	17 	18 	18 	17 	14 	12 	17 	225 	44 	53 	52 	39 	14 	13 	17 	18 	17 	18 	17 	18 	17 	14 	12 	13 	188 	: 	: 	: 	: 	: 	: 	: 	: 	: 	: 	: 	: 	: 	: 	: 	: 	: 	: 	: 	: 	: 	: 	: 	: 	: 	: 	: 	: 	: 	: 	: 	: 	: 	: 	: 	: 	: 	: 	: 	: 	: 	: 
FLIGHT,CAF_PAS_ARR,SK_LZIB_UK_EGGD	: 	: 	: 	: 	: 	: 	: 	: 	: 	: 	: 	: 	: 	: 	: 	: 	: 	: 	: 	: 	: 	: 	: 	: 	: 	: 	: 	: 	: 	: 	: 	: 	: 	: 	: 	: 	: 	: 	: 	: 	: 	: 	: 	: 	: 	: 	: 	: 	: 	: 	: 	: 	: 	: 	: 	: 	: 	: 	: 	: 	10 	26 	26 	3 	: 	1 	9 	9 	9 	8 	9 	9 	8 	3 	: 	: 	65 	9 	27 	26 	26 	: 	2 	7 	9 	9 	9 	8 	9 	9 	8 	9 	9 	88 	: 	: 	: 	: 	: 	: 	: 	: 	: 	: 	: 	: 	: 	: 	: 	: 	: 	29 	26 	23 	25 	11 	8 	10 	8 	9 	9 	8 	8 	7 	8 	8 	9 	103 	27 	26 	25 	25 	9 	9 	9 	8 	9 	9 	9 	9 	7 	9 	7 	9 	103 	29 	25 	33 	39 	7 	9 	13 	8 	8 	9 	9 	11 	13 	13 	12 	14 	126 	: 	: 	: 	: 	: 	: 	: 	: 	: 	: 	: 	: 	: 	: 	: 	: 	: 	: 	: 	: 	: 	: 	: 	: 	: 	: 	: 	: 	: 	: 	: 	: 	: 	: 	: 	: 	: 	: 	: 	: 	: 	: 	: 	: 	: 	: 	: 	: 	: 	: 	: 	: 	: 	: 	: 	: 	: 	: 	: 	: 	: 	: 	: 	: 	: 	: 	: 	: 	: 	: 	: 	: 	: 	: 	: 	: 
FLIGHT,CAF_PAS_ARR,SK_LZIB_UK_EGGP	: 	: 	: 	: 	: 	: 	: 	: 	: 	: 	: 	: 	: 	: 	: 	: 	: 	: 	: 	: 	: 	: 	: 	: 	: 	: 	41 	39 	39 	39 	15 	12 	14 	13 	13 	13 	13 	13 	13 	13 	12 	14 	158 	38 	32 	30 	27 	12 	13 	13 	9 	9 	14 	8 	9 	13 	9 	8 	10 	127 	33 	39 	39 	30 	10 	9 	14 	13 	14 	12 	13 	13 	13 	12 	8 	10 	141 	31 	39 	39 	39 	10 	8 	13 	13 	13 	13 	13 	14 	12 	14 	12 	13 	148 	37 	27 	26 	27 	14 	13 	10 	8 	10 	9 	8 	9 	9 	9 	8 	10 	117 	32 	40 	37 	37 	10 	9 	13 	13 	13 	14 	13 	14 	10 	13 	12 	12 	146 	: 	: 	: 	: 	: 	: 	: 	: 	: 	: 	: 	: 	: 	: 	: 	: 	: 	: 	: 	: 	: 	: 	: 	: 	: 	: 	: 	: 	: 	: 	: 	: 	: 	: 	: 	: 	: 	: 	: 	: 	: 	: 	: 	: 	: 	: 	: 	: 	: 	: 	: 	: 	: 	: 	: 	: 	: 	: 	: 	: 	: 	: 	: 	: 	: 	: 	: 	: 	: 	: 	: 	: 	: 	: 	: 	: 	: 	: 	: 	: 	: 	: 	: 	: 	: 	: 	: 	: 	: 	: 	: 	: 	: 	: 	: 	: 	: 	: 	: 	: 	: 	: 	: 	: 	: 	: 	: 	: 	: 	: 
FLIGHT,CAF_PAS_ARR,SK_LZIB_UK_EGGW	: 	: 	: 	: 	: 	: 	: 	: 	: 	19 	53 	53 	53 	: 	1 	18 	17 	18 	18 	18 	17 	18 	16 	17 	20 	178 	54 	59 	63 	54 	19 	17 	18 	17 	19 	23 	20 	22 	21 	19 	16 	19 	230 	55 	58 	55 	53 	16 	17 	22 	22 	19 	17 	19 	18 	18 	20 	16 	17 	221 	54 	54 	56 	43 	19 	18 	17 	19 	17 	18 	19 	19 	18 	14 	13 	16 	207 	54 	68 	69 	49 	15 	16 	23 	22 	23 	23 	22 	24 	23 	19 	14 	16 	240 	63 	98 	93 	94 	17 	14 	32 	31 	32 	35 	30 	32 	31 	31 	30 	33 	348 	95 	93 	88 	7 	32 	30 	33 	30 	32 	31 	30 	31 	27 	5 	1 	1 	283 	3 	54 	89 	120 	: 	: 	3 	2 	25 	27 	26 	32 	31 	39 	33 	48 	266 	168 	199 	179 	157 	51 	55 	62 	64 	65 	70 	55 	64 	60 	56 	48 	53 	703 	: 	: 	: 	: 	: 	: 	: 	: 	: 	: 	: 	: 	: 	: 	: 	: 	: 	6 	76 	91 	91 	2 	1 	3 	30 	25 	21 	34 	28 	29 	31 	28 	32 	264 	: 	: 	: 	: 	: 	: 	: 	: 	: 	: 	: 	: 	: 	: 	: 	: 	: 	: 	: 	: 	: 	: 	: 	: 	: 	: 	: 	: 	: 	: 	: 	: 	: 	: 	: 	: 	: 	: 	: 	: 	: 	: 
FLIGHT,CAF_PAS_ARR,SK_LZIB_UK_EGNM	26 	27 	11 	9 	9 	8 	10 	8 	9 	: 	: 	: 	: 	: 	: 	: 	: 	: 	: 	: 	: 	: 	: 	: 	: 	: 	: 	: 	: 	: 	: 	: 	: 	: 	: 	: 	: 	: 	: 	: 	: 	: 	: 	: 	: 	: 	: 	: 	: 	: 	: 	: 	: 	: 	: 	: 	: 	: 	: 	: 	: 	: 	: 	: 	: 	: 	: 	: 	: 	: 	: 	: 	: 	: 	: 	: 	: 	: 	: 	: 	: 	: 	: 	: 	: 	: 	: 	: 	: 	: 	: 	: 	: 	: 	: 	: 	: 	: 	: 	: 	: 	: 	: 	: 	: 	: 	: 	: 	: 	: 	: 	: 	: 	: 	: 	: 	: 	: 	: 	: 	: 	: 	: 	: 	: 	: 	: 	: 	: 	: 	: 	: 	: 	: 	: 	: 	: 	: 	: 	: 	: 	: 	: 	: 	: 	: 	: 	: 	: 	: 	: 	: 	: 	: 	: 	: 	: 	: 	: 	: 	: 	: 	: 	: 	: 	: 	: 	: 	: 	: 	: 	: 	: 	: 	: 	: 	: 	: 	: 	: 	: 	: 	: 	: 	: 	: 	: 	: 	: 	: 	: 	: 	: 	: 	: 	: 	: 	: 	: 	: 	: 	: 	: 	: 	: 	: 	: 	: 	: 	: 	: 	: 	: 	: 	: 	: 	: 	: 	: 	: 	: 	: 	: 	: 	: 	: 	: 	: 	: 	: 	: 	: 	: 	: 	: 	: 	: 	: 
FLIGHT,CAF_PAS_ARR,SK_LZIB_UK_EGNX	: 	: 	: 	: 	: 	: 	: 	: 	: 	: 	: 	: 	: 	: 	: 	: 	: 	: 	: 	: 	: 	: 	: 	: 	: 	: 	: 	: 	: 	: 	: 	: 	: 	: 	: 	: 	: 	: 	: 	: 	: 	: 	: 	: 	: 	: 	: 	: 	: 	: 	: 	: 	: 	: 	: 	: 	: 	: 	: 	: 	: 	: 	: 	: 	: 	: 	: 	: 	: 	: 	: 	: 	: 	: 	: 	: 	: 	: 	: 	: 	: 	: 	: 	: 	: 	: 	: 	: 	: 	: 	: 	: 	: 	: 	: 	: 	: 	: 	: 	: 	: 	: 	: 	: 	: 	: 	: 	: 	: 	: 	: 	: 	: 	: 	: 	: 	: 	: 	: 	: 	: 	: 	: 	: 	: 	: 	: 	: 	: 	5 	26 	48 	: 	: 	: 	: 	: 	5 	8 	9 	9 	16 	15 	17 	79 	51 	52 	53 	51 	16 	17 	18 	17 	18 	17 	19 	17 	17 	18 	17 	16 	207 	51 	53 	52 	19 	16 	17 	18 	17 	18 	18 	17 	17 	18 	17 	2 	: 	175 	: 	: 	: 	: 	: 	: 	: 	: 	: 	: 	: 	: 	: 	: 	: 	: 	: 	: 	: 	: 	: 	: 	: 	: 	: 	: 	: 	: 	: 	: 	: 	: 	: 	: 	: 	: 	: 	: 	: 	: 	: 	: 	: 	: 	: 	: 	: 	: 	: 	: 	: 	: 	: 	: 	: 	: 	: 	: 	: 
FLIGHT,CAF_PAS_ARR,SK_LZIB_UK_EGPH	26 	26 	13 	9 	8 	9 	9 	8 	9 	26 	32 	26 	4 	9 	8 	9 	9 	9 	14 	9 	9 	8 	4 	: 	: 	88 	7 	32 	27 	1 	: 	: 	7 	9 	9 	14 	9 	9 	9 	1 	: 	: 	67 	7 	33 	26 	: 	: 	: 	7 	9 	11 	13 	8 	9 	9 	: 	: 	: 	66 	16 	39 	39 	2 	: 	2 	14 	12 	14 	13 	13 	13 	13 	2 	: 	: 	96 	12 	27 	34 	26 	: 	: 	12 	13 	5 	9 	13 	13 	8 	8 	9 	9 	99 	30 	39 	38 	30 	7 	9 	14 	13 	13 	13 	13 	12 	13 	13 	8 	9 	137 	32 	53 	47 	26 	7 	8 	17 	18 	17 	18 	17 	17 	13 	10 	8 	8 	158 	32 	53 	49 	38 	7 	9 	16 	17 	18 	18 	17 	18 	14 	13 	11 	14 	172 	: 	: 	: 	: 	: 	: 	: 	: 	: 	: 	: 	: 	: 	: 	: 	: 	: 	: 	: 	: 	: 	: 	: 	: 	: 	: 	: 	: 	: 	: 	: 	: 	: 	: 	: 	: 	: 	: 	: 	: 	: 	: 	: 	: 	: 	: 	: 	: 	: 	: 	: 	: 	: 	: 	: 	: 	: 	: 	: 	: 	: 	: 	: 	: 	: 	: 	: 	: 	: 	: 	: 	: 	: 	: 	: 	: 	: 	: 	: 	: 	: 	: 	: 	: 	: 	: 	: 	: 	: 	: 	: 	: 	: 
FLIGHT,CAF_PAS_ARR,SK_LZIB_UK_EGSS	130 	134 	39 	43 	44 	43 	45 	42 	47 	153 	178 	182 	181 	47 	44 	62 	61 	55 	62 	60 	62 	60 	62 	58 	61 	694 	183 	174 	184 	181 	61 	60 	62 	60 	52 	62 	62 	62 	60 	62 	57 	62 	722 	179 	146 	157 	145 	62 	59 	58 	52 	44 	50 	52 	54 	51 	48 	45 	52 	627 	160 	153 	161 	142 	51 	48 	61 	59 	46 	48 	55 	55 	51 	51 	42 	49 	616 	166 	198 	162 	147 	49 	48 	69 	68 	66 	64 	61 	56 	45 	48 	46 	53 	673 	159 	184 	182 	174 	51 	46 	62 	61 	61 	62 	60 	62 	60 	62 	50 	62 	699 	177 	185 	169 	257 	59 	56 	62 	61 	62 	62 	60 	62 	47 	85 	82 	90 	788 	247 	191 	182 	178 	82 	86 	79 	67 	62 	62 	60 	62 	60 	62 	54 	62 	798 	176 	184 	182 	185 	56 	60 	60 	60 	62 	62 	60 	62 	60 	63 	59 	63 	727 	226 	327 	325 	282 	60 	60 	106 	106 	111 	110 	107 	111 	107 	101 	87 	94 	1160 	305 	328 	325 	289 	98 	95 	112 	107 	111 	110 	109 	111 	105 	105 	87 	97 	1247 	: 	: 	: 	: 	: 	: 	: 	: 	: 	: 	: 	: 	: 	: 	: 	: 	: 	: 	: 	: 	: 	: 	: 	: 	: 	: 	: 	: 	: 	: 	: 	: 	: 	: 	: 	: 	: 	: 	: 	: 	: 	: 
FLIGHT,CAF_PAS_ARR,SK_LZKZ_AT_LOWW	145 	114 	50 	50 	49 	46 	44 	32 	38 	137 	151 	151 	122 	40 	44 	53 	51 	55 	45 	48 	53 	50 	42 	39 	41 	561 	137 	160 	157 	128 	40 	44 	53 	53 	53 	54 	52 	54 	51 	47 	41 	40 	582 	134 	160 	157 	129 	40 	43 	51 	54 	54 	52 	52 	54 	51 	45 	41 	43 	580 	136 	161 	159 	128 	42 	42 	52 	52 	54 	55 	52 	53 	54 	43 	41 	44 	584 	128 	143 	162 	129 	38 	44 	46 	46 	48 	49 	75 	43 	44 	46 	43 	40 	562 	126 	131 	123 	123 	40 	42 	44 	44 	43 	44 	38 	45 	40 	44 	38 	41 	503 	117 	130 	115 	113 	37 	38 	42 	44 	45 	41 	40 	42 	33 	37 	37 	39 	475 	112 	120 	110 	117 	31 	39 	42 	40 	39 	41 	39 	36 	35 	41 	38 	38 	459 	122 	158 	155 	137 	31 	44 	47 	51 	52 	55 	52 	50 	53 	45 	46 	46 	572 	139 	159 	144 	138 	37 	49 	53 	50 	54 	55 	50 	50 	44 	48 	44 	46 	580 	133 	144 	140 	124 	38 	46 	49 	47 	49 	48 	50 	47 	43 	44 	39 	41 	541 	: 	: 	: 	: 	: 	: 	: 	: 	: 	: 	: 	: 	: 	: 	: 	: 	: 	: 	: 	: 	: 	: 	: 	: 	: 	: 	: 	: 	: 	: 	: 	: 	: 	: 	: 	: 	: 	: 	: 	: 	: 	243 
FLIGHT,CAF_PAS_ARR,SK_LZKZ_BG_LBBG	: 	: 	: 	: 	: 	: 	: 	: 	: 	: 	87 	11 	: 	: 	: 	: 	10 	38 	39 	11 	: 	: 	: 	: 	: 	98 	: 	75 	8 	: 	: 	: 	: 	9 	31 	35 	8 	: 	: 	: 	: 	: 	83 	: 	78 	11 	: 	: 	: 	: 	5 	37 	36 	11 	: 	: 	: 	: 	: 	89 	: 	76 	7 	: 	: 	: 	: 	6 	36 	34 	7 	: 	: 	: 	: 	: 	83 	: 	74 	9 	: 	: 	: 	: 	7 	35 	32 	9 	: 	: 	: 	: 	: 	83 	: 	57 	7 	: 	: 	: 	: 	5 	26 	26 	7 	: 	: 	: 	: 	: 	64 	: 	: 	: 	: 	: 	: 	: 	: 	: 	: 	: 	: 	: 	: 	: 	: 	: 	: 	: 	: 	: 	: 	: 	: 	: 	: 	: 	: 	: 	: 	: 	: 	: 	: 	: 	: 	: 	: 	: 	: 	: 	: 	: 	: 	: 	: 	: 	: 	: 	: 	: 	: 	: 	: 	: 	: 	: 	: 	: 	: 	: 	: 	: 	: 	: 	: 	: 	: 	: 	: 	: 	: 	: 	: 	: 	: 	: 	: 	: 	: 	: 	: 	: 	: 	: 	: 	: 	: 	: 	: 	: 	: 	: 	: 	: 	: 	: 	: 	: 	: 	: 	: 	: 	: 	: 	: 	: 	: 	: 	: 	: 	: 	: 	: 	: 	: 	: 	: 	: 	: 	: 	: 	: 	: 	: 	: 	: 
FLIGHT,CAF_PAS_ARR,SK_LZKZ_CZ_LKPR	133 	101 	50 	46 	47 	40 	33 	32 	36 	122 	150 	131 	94 	39 	41 	42 	51 	53 	46 	40 	43 	48 	40 	26 	28 	497 	120 	134 	138 	124 	37 	39 	44 	45 	41 	48 	44 	48 	46 	43 	40 	41 	516 	143 	172 	172 	165 	43 	47 	53 	62 	57 	53 	56 	58 	58 	55 	50 	60 	652 	197 	164 	167 	164 	84 	55 	58 	58 	53 	53 	51 	60 	56 	62 	52 	50 	692 	181 	167 	240 	225 	61 	60 	60 	56 	54 	57 	74 	82 	84 	72 	74 	79 	813 	282 	331 	339 	327 	85 	83 	114 	116 	107 	108 	112 	116 	111 	114 	104 	109 	1279 	339 	344 	333 	311 	110 	112 	117 	113 	116 	115 	114 	118 	101 	110 	97 	104 	1327 	330 	344 	319 	304 	108 	108 	114 	112 	115 	117 	111 	106 	102 	96 	98 	110 	1297 	339 	435 	450 	414 	105 	106 	128 	144 	145 	146 	148 	159 	143 	145 	123 	146 	1638 	399 	350 	338 	259 	136 	143 	120 	110 	121 	119 	110 	116 	112 	96 	79 	84 	1346 	259 	266 	262 	256 	85 	85 	89 	86 	91 	89 	88 	89 	85 	89 	80 	87 	1043 	: 	: 	: 	: 	: 	: 	: 	: 	: 	: 	: 	: 	: 	: 	: 	: 	: 	: 	: 	: 	: 	: 	: 	: 	: 	: 	: 	: 	: 	: 	: 	: 	: 	: 	: 	: 	: 	: 	: 	: 	: 	1183 
FLIGHT,CAF_PAS_ARR,SK_LZKZ_EG_HEGN	: 	: 	: 	: 	: 	: 	: 	: 	: 	: 	: 	: 	: 	: 	: 	: 	: 	: 	: 	: 	: 	: 	: 	: 	: 	: 	: 	: 	: 	: 	: 	: 	: 	: 	: 	: 	: 	: 	: 	: 	: 	: 	: 	: 	: 	: 	: 	: 	: 	: 	: 	: 	: 	: 	: 	: 	: 	: 	: 	: 	: 	: 	: 	: 	: 	: 	: 	: 	: 	: 	: 	: 	: 	: 	: 	: 	: 	: 	: 	: 	: 	: 	: 	: 	: 	: 	: 	: 	: 	: 	: 	: 	: 	: 	: 	: 	: 	: 	: 	: 	: 	: 	: 	: 	: 	: 	: 	: 	: 	: 	: 	4 	42 	14 	: 	: 	: 	4 	14 	13 	15 	12 	2 	: 	: 	: 	: 	60 	2 	43 	17 	: 	: 	: 	2 	14 	14 	15 	14 	3 	: 	: 	: 	: 	62 	5 	51 	19 	: 	: 	: 	5 	16 	17 	18 	16 	3 	: 	: 	: 	: 	75 	7 	33 	15 	: 	: 	: 	7 	9 	12 	12 	11 	4 	: 	: 	: 	: 	55 	: 	: 	: 	: 	: 	: 	: 	: 	: 	: 	: 	: 	: 	: 	: 	: 	: 	: 	: 	: 	: 	: 	: 	: 	: 	: 	: 	: 	: 	: 	: 	: 	: 	: 	: 	: 	: 	: 	: 	: 	: 	: 	: 	: 	: 	: 	: 	: 	: 	: 	: 	: 	: 	: 	: 	: 	: 	: 	: 
FLIGHT,CAF_PAS_ARR,SK_LZKZ_IE_EIDW	: 	: 	: 	: 	: 	: 	: 	: 	: 	: 	: 	: 	: 	: 	: 	: 	: 	: 	: 	: 	: 	: 	: 	: 	: 	: 	: 	: 	: 	: 	: 	: 	: 	: 	: 	: 	: 	: 	: 	: 	: 	: 	: 	: 	: 	: 	: 	: 	: 	: 	: 	: 	: 	: 	: 	: 	: 	: 	: 	: 	: 	: 	: 	: 	: 	: 	: 	: 	: 	: 	: 	: 	: 	: 	: 	: 	: 	: 	: 	: 	: 	: 	: 	: 	: 	: 	: 	: 	: 	: 	: 	: 	: 	: 	: 	: 	: 	: 	: 	: 	: 	: 	: 	: 	: 	: 	: 	: 	: 	: 	: 	: 	: 	: 	: 	: 	: 	: 	: 	: 	: 	: 	: 	: 	: 	: 	: 	: 	: 	: 	: 	: 	: 	: 	: 	: 	: 	: 	: 	: 	: 	: 	: 	: 	: 	12 	40 	39 	39 	: 	: 	12 	13 	13 	14 	12 	14 	13 	13 	12 	14 	130 	: 	: 	: 	: 	: 	: 	: 	: 	: 	: 	: 	: 	: 	: 	: 	: 	: 	: 	: 	: 	: 	: 	: 	: 	: 	: 	: 	: 	: 	: 	: 	: 	: 	: 	: 	: 	: 	: 	: 	: 	: 	: 	: 	: 	: 	: 	: 	: 	: 	: 	: 	: 	: 	: 	: 	: 	: 	: 	: 	: 	: 	: 	: 	: 	: 	: 	: 	: 	: 	: 	: 	: 	: 	: 	: 	: 
FLIGHT,CAF_PAS_ARR,SK_LZKZ_IT_LIME	: 	: 	: 	: 	: 	: 	: 	: 	: 	: 	: 	: 	: 	: 	: 	: 	: 	: 	: 	: 	: 	: 	: 	: 	: 	: 	26 	26 	8 	: 	7 	9 	10 	8 	9 	9 	8 	: 	: 	: 	: 	: 	60 	: 	: 	: 	: 	: 	: 	: 	: 	: 	: 	: 	: 	: 	: 	: 	: 	: 	: 	: 	: 	: 	: 	: 	: 	: 	: 	: 	: 	: 	: 	: 	: 	: 	: 	: 	: 	: 	: 	: 	: 	: 	: 	: 	: 	: 	: 	: 	: 	: 	: 	: 	: 	: 	: 	: 	: 	: 	: 	: 	: 	: 	: 	: 	: 	: 	: 	: 	: 	: 	: 	: 	: 	: 	: 	: 	: 	: 	: 	: 	: 	: 	: 	: 	: 	: 	: 	: 	: 	: 	: 	: 	: 	: 	: 	: 	: 	: 	: 	: 	: 	: 	: 	: 	: 	: 	: 	: 	: 	: 	: 	: 	: 	: 	: 	: 	: 	: 	: 	: 	: 	: 	: 	: 	: 	: 	: 	: 	: 	: 	: 	: 	: 	: 	: 	: 	: 	: 	: 	: 	: 	: 	: 	: 	: 	: 	: 	: 	: 	: 	: 	: 	: 	: 	: 	: 	: 	: 	: 	: 	: 	: 	: 	: 	: 	: 	: 	: 	: 	: 	: 	: 	: 	: 	: 	: 	: 	: 	: 	: 	: 	: 	: 	: 	: 	: 	: 	: 	: 	: 	: 	: 	: 	: 	: 	: 
FLIGHT,CAF_PAS_ARR,SK_LZKZ_PL_EPWA	: 	: 	: 	: 	: 	: 	: 	: 	: 	75 	75 	77 	4 	24 	26 	25 	26 	25 	24 	26 	26 	25 	3 	1 	: 	231 	: 	: 	: 	: 	: 	: 	: 	: 	: 	: 	: 	: 	: 	: 	: 	: 	: 	: 	: 	: 	: 	: 	: 	: 	: 	: 	: 	: 	: 	: 	: 	: 	: 	: 	: 	: 	: 	: 	: 	: 	: 	: 	: 	: 	: 	: 	: 	: 	: 	: 	: 	: 	: 	: 	: 	: 	: 	: 	: 	: 	: 	: 	: 	: 	: 	: 	: 	: 	: 	: 	: 	: 	: 	: 	: 	: 	: 	: 	: 	: 	: 	: 	: 	: 	: 	: 	: 	: 	: 	: 	: 	: 	: 	: 	: 	: 	: 	: 	: 	: 	: 	: 	: 	: 	: 	: 	: 	: 	: 	: 	: 	: 	: 	: 	: 	: 	: 	: 	: 	: 	: 	: 	: 	: 	: 	: 	: 	: 	: 	: 	: 	: 	: 	: 	: 	: 	: 	: 	: 	: 	: 	: 	: 	: 	: 	: 	: 	: 	: 	: 	: 	: 	: 	: 	: 	: 	: 	: 	: 	: 	: 	: 	: 	: 	: 	: 	: 	: 	: 	: 	: 	: 	: 	: 	: 	: 	: 	: 	: 	: 	: 	: 	: 	: 	: 	: 	: 	: 	: 	: 	: 	: 	: 	: 	: 	: 	: 	: 	: 	: 	: 	: 	: 	: 	: 	: 	: 	: 	: 	: 	: 	: 
FLIGHT,CAF_PAS_ARR,SK_LZKZ_SK_LZIB	103 	110 	28 	37 	34 	32 	46 	33 	31 	105 	99 	124 	101 	39 	37 	29 	37 	30 	32 	54 	36 	34 	39 	32 	30 	429 	103 	77 	91 	88 	35 	38 	30 	27 	21 	29 	37 	26 	28 	32 	29 	27 	359 	95 	88 	133 	91 	28 	30 	37 	39 	24 	25 	44 	41 	48 	27 	33 	31 	407 	44 	53 	137 	137 	9 	14 	21 	14 	21 	18 	42 	47 	48 	43 	49 	45 	371 	118 	161 	153 	125 	30 	35 	53 	45 	61 	55 	50 	54 	49 	51 	39 	35 	557 	141 	160 	187 	158 	42 	49 	50 	61 	50 	49 	58 	75 	54 	61 	50 	47 	646 	161 	192 	201 	199 	47 	51 	63 	61 	68 	63 	74 	68 	59 	73 	57 	69 	753 	220 	322 	396 	271 	75 	71 	74 	80 	118 	124 	131 	126 	139 	99 	81 	91 	1209 	263 	276 	318 	292 	82 	90 	91 	91 	94 	91 	103 	109 	106 	99 	95 	98 	1149 	293 	230 	234 	198 	90 	97 	106 	75 	82 	73 	77 	79 	78 	73 	61 	64 	955 	177 	190 	188 	179 	55 	62 	60 	62 	66 	62 	63 	69 	56 	68 	54 	57 	734 	: 	: 	: 	: 	: 	: 	: 	: 	: 	: 	: 	: 	: 	: 	: 	: 	: 	: 	: 	: 	: 	: 	: 	: 	: 	: 	: 	: 	: 	: 	: 	: 	: 	: 	: 	: 	: 	: 	: 	: 	: 	: 
FLIGHT,CAF_PAS_ARR,SK_LZKZ_TR_LTAI	: 	: 	: 	: 	: 	: 	: 	: 	: 	: 	47 	6 	: 	: 	: 	: 	11 	17 	19 	6 	: 	: 	: 	: 	: 	53 	: 	122 	36 	2 	: 	: 	: 	33 	43 	46 	36 	: 	: 	2 	: 	: 	160 	1 	106 	29 	: 	: 	: 	1 	31 	37 	38 	28 	1 	: 	: 	: 	: 	136 	: 	93 	24 	: 	: 	: 	: 	25 	33 	35 	24 	: 	: 	: 	: 	: 	117 	2 	80 	25 	: 	: 	: 	2 	24 	28 	28 	25 	: 	: 	: 	: 	: 	107 	1 	88 	27 	: 	: 	: 	1 	26 	29 	33 	27 	: 	: 	: 	: 	: 	116 	3 	59 	23 	: 	: 	: 	3 	14 	21 	24 	21 	2 	: 	: 	: 	: 	85 	: 	: 	: 	: 	: 	: 	: 	: 	: 	: 	: 	: 	: 	: 	: 	: 	: 	: 	: 	: 	: 	: 	: 	: 	: 	: 	: 	: 	: 	: 	: 	: 	: 	: 	: 	: 	: 	: 	: 	: 	: 	: 	: 	: 	: 	: 	: 	: 	: 	: 	: 	: 	: 	: 	: 	: 	: 	: 	: 	: 	: 	: 	: 	: 	: 	: 	: 	: 	: 	: 	: 	: 	: 	: 	: 	: 	: 	: 	: 	: 	: 	: 	: 	: 	: 	: 	: 	: 	: 	: 	: 	: 	: 	: 	: 	: 	: 	: 	: 	: 	: 	: 	: 	: 	: 	: 	: 	: 	: 	: 
FLIGHT,CAF_PAS_ARR,SK_LZKZ_UA_UKBB	: 	: 	: 	: 	: 	: 	: 	: 	: 	55 	45 	62 	51 	17 	19 	19 	17 	14 	14 	22 	22 	18 	17 	17 	17 	213 	: 	: 	: 	: 	: 	: 	: 	: 	: 	: 	: 	: 	: 	: 	: 	: 	: 	: 	: 	: 	: 	: 	: 	: 	: 	: 	: 	: 	: 	: 	: 	: 	: 	: 	: 	: 	: 	: 	: 	: 	: 	: 	: 	: 	: 	: 	: 	: 	: 	: 	: 	: 	: 	: 	: 	: 	: 	: 	: 	: 	: 	: 	: 	: 	: 	: 	: 	: 	: 	: 	: 	: 	: 	: 	: 	: 	: 	: 	: 	: 	: 	: 	: 	: 	: 	: 	: 	: 	: 	: 	: 	: 	: 	: 	: 	: 	: 	: 	: 	: 	: 	: 	: 	: 	: 	: 	: 	: 	: 	: 	: 	: 	: 	: 	: 	: 	: 	: 	: 	: 	: 	: 	: 	: 	: 	: 	: 	: 	: 	: 	: 	: 	: 	: 	: 	: 	: 	: 	: 	: 	: 	: 	: 	: 	: 	: 	: 	: 	: 	: 	: 	: 	: 	: 	: 	: 	: 	: 	: 	: 	: 	: 	: 	: 	: 	: 	: 	: 	: 	: 	: 	: 	: 	: 	: 	: 	: 	: 	: 	: 	: 	: 	: 	: 	: 	: 	: 	: 	: 	: 	: 	: 	: 	: 	: 	: 	: 	: 	: 	: 	: 	: 	: 	: 	: 	: 	: 	: 	: 	: 	: 	: 
FLIGHT,CAF_PAS_ARR,SK_LZKZ_UK_EGCN	31 	26 	13 	11 	9 	11 	8 	8 	10 	27 	37 	28 	26 	9 	9 	9 	11 	13 	13 	10 	9 	9 	9 	8 	9 	118 	26 	27 	7 	: 	9 	9 	8 	9 	9 	9 	7 	: 	: 	: 	: 	: 	60 	: 	: 	: 	: 	: 	: 	: 	: 	: 	: 	: 	: 	: 	: 	: 	: 	: 	: 	: 	: 	: 	: 	: 	: 	: 	: 	: 	: 	: 	: 	: 	: 	: 	: 	: 	: 	: 	: 	: 	: 	: 	: 	: 	: 	: 	: 	: 	: 	: 	: 	: 	: 	: 	: 	: 	: 	: 	: 	: 	: 	: 	: 	: 	: 	: 	: 	: 	: 	: 	: 	: 	: 	: 	: 	: 	: 	: 	: 	: 	: 	: 	: 	: 	: 	: 	: 	: 	: 	: 	: 	: 	: 	: 	: 	: 	: 	: 	: 	: 	: 	: 	: 	: 	: 	: 	: 	: 	: 	: 	: 	: 	: 	: 	: 	: 	: 	: 	: 	: 	: 	: 	: 	: 	: 	: 	: 	: 	: 	: 	: 	: 	: 	: 	: 	: 	: 	: 	: 	: 	: 	: 	: 	: 	: 	: 	: 	: 	: 	: 	: 	: 	: 	: 	: 	: 	: 	: 	: 	: 	: 	: 	: 	: 	: 	: 	: 	: 	: 	: 	: 	: 	: 	: 	: 	: 	: 	: 	: 	: 	: 	: 	: 	: 	: 	: 	: 	: 	: 	: 	: 	: 	: 	: 	: 	: 
FLIGHT,CAF_PAS_ARR,SK_LZKZ_UK_EGGD	: 	: 	: 	: 	: 	: 	: 	: 	: 	26 	27 	25 	17 	9 	8 	9 	9 	9 	9 	7 	9 	9 	6 	4 	7 	95 	: 	: 	: 	: 	: 	: 	: 	: 	: 	: 	: 	: 	: 	: 	: 	: 	: 	: 	: 	: 	: 	: 	: 	: 	: 	: 	: 	: 	: 	: 	: 	: 	: 	: 	: 	: 	: 	: 	: 	: 	: 	: 	: 	: 	: 	: 	: 	: 	: 	: 	: 	: 	: 	: 	: 	: 	: 	: 	: 	: 	: 	: 	: 	: 	: 	: 	: 	: 	: 	: 	: 	: 	: 	: 	: 	: 	: 	: 	: 	: 	: 	: 	: 	: 	: 	: 	: 	: 	: 	: 	: 	: 	: 	: 	: 	: 	: 	: 	: 	: 	: 	: 	: 	: 	: 	: 	: 	: 	: 	: 	: 	: 	: 	: 	: 	: 	: 	: 	: 	: 	: 	: 	: 	: 	: 	: 	: 	: 	: 	: 	: 	: 	: 	: 	: 	: 	: 	: 	: 	: 	: 	: 	: 	: 	: 	: 	: 	: 	: 	: 	: 	: 	: 	: 	: 	: 	: 	: 	: 	: 	: 	: 	: 	: 	: 	: 	: 	: 	: 	: 	: 	: 	: 	: 	: 	: 	: 	: 	: 	: 	: 	: 	: 	: 	: 	: 	: 	: 	: 	: 	: 	: 	: 	: 	: 	: 	: 	: 	: 	: 	: 	: 	: 	: 	: 	: 	: 	: 	: 	: 	: 	: 
FLIGHT,CAF_PAS_ARR,SK_LZKZ_UK_EGGW	106 	91 	30 	34 	35 	37 	32 	28 	31 	105 	116 	107 	92 	35 	34 	36 	36 	40 	40 	37 	36 	34 	34 	29 	29 	420 	90 	123 	103 	90 	29 	30 	31 	36 	44 	43 	42 	31 	30 	31 	29 	30 	406 	91 	124 	75 	67 	29 	31 	31 	36 	43 	45 	32 	22 	21 	22 	21 	24 	357 	: 	: 	: 	: 	: 	: 	: 	: 	: 	: 	: 	: 	: 	: 	: 	: 	: 	: 	: 	: 	: 	: 	: 	: 	: 	: 	: 	: 	: 	: 	: 	: 	: 	: 	: 	: 	: 	: 	: 	: 	: 	: 	: 	: 	: 	: 	: 	: 	: 	: 	: 	: 	: 	: 	: 	: 	: 	: 	: 	: 	: 	: 	: 	: 	: 	: 	: 	: 	: 	26 	37 	51 	: 	: 	: 	: 	14 	12 	12 	12 	13 	17 	15 	19 	114 	51 	52 	39 	39 	17 	17 	17 	17 	18 	17 	13 	13 	13 	13 	13 	13 	181 	: 	: 	: 	: 	: 	: 	: 	: 	: 	: 	: 	: 	: 	: 	: 	: 	: 	: 	: 	: 	: 	: 	: 	: 	: 	: 	: 	: 	: 	: 	: 	: 	: 	: 	: 	: 	: 	: 	: 	: 	: 	: 	: 	: 	: 	: 	: 	: 	: 	: 	: 	: 	: 	: 	: 	: 	: 	: 	: 	: 	: 	: 	: 	: 	: 	: 	: 	: 	: 	: 	: 	: 	: 	: 	: 	: 
FLIGHT,CAF_PAS_DEP,SK_LZ99_AT_LO99	: 	: 	: 	: 	: 	: 	: 	: 	: 	: 	: 	: 	: 	: 	: 	: 	: 	: 	: 	: 	: 	: 	: 	: 	: 	: 	: 	: 	: 	: 	: 	: 	: 	: 	: 	: 	: 	: 	: 	: 	: 	: 	: 	: 	: 	: 	: 	: 	: 	: 	: 	: 	: 	: 	: 	: 	: 	: 	: 	: 	: 	: 	: 	: 	: 	: 	: 	: 	: 	: 	: 	: 	: 	: 	: 	: 	: 	: 	: 	: 	: 	: 	: 	: 	: 	: 	: 	: 	: 	: 	: 	: 	: 	: 	: 	: 	: 	: 	: 	: 	: 	: 	: 	: 	: 	: 	: 	: 	: 	: 	: 	: 	: 	: 	: 	: 	: 	: 	: 	: 	: 	: 	: 	: 	: 	: 	: 	: 	: 	: 	: 	: 	: 	: 	: 	: 	: 	: 	: 	: 	: 	: 	: 	: 	: 	: 	: 	: 	: 	: 	: 	: 	: 	: 	: 	: 	: 	: 	: 	: 	: 	: 	: 	: 	: 	: 	: 	: 	: 	: 	: 	: 	: 	: 	: 	: 	: 	: 	: 	: 	: 	: 	: 	: 	: 	: 	: 	: 	: 	: 	: 	: 	: 	: 	: 	: 	146 	166 	159 	131 	43 	45 	58 	55 	57 	54 	54 	54 	51 	51 	37 	43 	602 	125 	137 	134 	108 	38 	44 	43 	44 	46 	47 	45 	48 	41 	504 	: 	: 	: 	: 	: 	: 	: 	: 	: 	: 	: 
FLIGHT,CAF_PAS_DEP,SK_LZ99_BE_EB99	: 	: 	: 	: 	: 	: 	: 	: 	: 	: 	: 	: 	: 	: 	: 	: 	: 	: 	: 	: 	: 	: 	: 	: 	: 	: 	: 	: 	: 	: 	: 	: 	: 	: 	: 	: 	: 	: 	: 	: 	: 	: 	: 	: 	: 	: 	: 	: 	: 	: 	: 	: 	: 	: 	: 	: 	: 	: 	: 	: 	: 	: 	: 	: 	: 	: 	: 	: 	: 	: 	: 	: 	: 	: 	: 	: 	: 	: 	: 	: 	: 	: 	: 	: 	: 	: 	: 	: 	: 	: 	: 	: 	: 	: 	: 	: 	: 	: 	: 	: 	: 	: 	: 	: 	: 	: 	: 	: 	: 	: 	: 	: 	: 	: 	: 	: 	: 	: 	: 	: 	: 	: 	: 	: 	: 	: 	: 	: 	: 	: 	: 	: 	: 	: 	: 	: 	: 	: 	: 	: 	: 	: 	: 	: 	: 	: 	: 	: 	: 	: 	: 	: 	: 	: 	: 	: 	: 	: 	: 	: 	: 	: 	: 	: 	: 	: 	: 	: 	: 	: 	: 	: 	: 	: 	: 	: 	: 	: 	: 	: 	: 	: 	: 	: 	: 	: 	: 	: 	: 	: 	: 	: 	: 	: 	: 	: 	111 	103 	126 	81 	35 	41 	35 	40 	31 	32 	41 	44 	41 	32 	28 	21 	421 	: 	: 	: 	: 	: 	: 	: 	: 	: 	: 	: 	: 	: 	: 	: 	: 	: 	: 	: 	: 	: 	: 	: 	: 	: 
FLIGHT,CAF_PAS_DEP,SK_LZ99_BG_LB99	: 	: 	: 	: 	: 	: 	: 	: 	: 	: 	: 	: 	: 	: 	: 	: 	: 	: 	: 	: 	: 	: 	: 	: 	: 	: 	: 	: 	: 	: 	: 	: 	: 	: 	: 	: 	: 	: 	: 	: 	: 	: 	: 	: 	: 	: 	: 	: 	: 	: 	: 	: 	: 	: 	: 	: 	: 	: 	: 	: 	: 	: 	: 	: 	: 	: 	: 	: 	: 	: 	: 	: 	: 	: 	: 	: 	: 	: 	: 	: 	: 	: 	: 	: 	: 	: 	: 	: 	: 	: 	: 	: 	: 	: 	: 	: 	: 	: 	: 	: 	: 	: 	: 	: 	: 	: 	: 	: 	: 	: 	: 	: 	: 	: 	: 	: 	: 	: 	: 	: 	: 	: 	: 	: 	: 	: 	: 	: 	: 	: 	: 	: 	: 	: 	: 	: 	: 	: 	: 	: 	: 	: 	: 	: 	: 	: 	: 	: 	: 	: 	: 	: 	: 	: 	: 	: 	: 	: 	: 	: 	: 	: 	: 	: 	: 	: 	: 	: 	: 	: 	: 	: 	: 	: 	: 	: 	: 	: 	: 	: 	: 	: 	: 	: 	: 	: 	: 	: 	: 	: 	: 	: 	: 	: 	: 	: 	11 	150 	23 	: 	11 	: 	: 	23 	66 	61 	23 	: 	: 	: 	: 	: 	184 	: 	124 	24 	3 	: 	: 	: 	14 	55 	55 	23 	1 	: 	151 	2 	103 	15 	2 	122 	3 	74 	11 	9 	97 	: 
FLIGHT,CAF_PAS_DEP,SK_LZ99_CZ_LK99	: 	: 	: 	: 	: 	: 	: 	: 	: 	: 	: 	: 	: 	: 	: 	: 	: 	: 	: 	: 	: 	: 	: 	: 	: 	: 	: 	: 	: 	: 	: 	: 	: 	: 	: 	: 	: 	: 	: 	: 	: 	: 	: 	: 	: 	: 	: 	: 	: 	: 	: 	: 	: 	: 	: 	: 	: 	: 	: 	: 	: 	: 	: 	: 	: 	: 	: 	: 	: 	: 	: 	: 	: 	: 	: 	: 	: 	: 	: 	: 	: 	: 	: 	: 	: 	: 	: 	: 	: 	: 	: 	: 	: 	: 	: 	: 	: 	: 	: 	: 	: 	: 	: 	: 	: 	: 	: 	: 	: 	: 	: 	: 	: 	: 	: 	: 	: 	: 	: 	: 	: 	: 	: 	: 	: 	: 	: 	: 	: 	: 	: 	: 	: 	: 	: 	: 	: 	: 	: 	: 	: 	: 	: 	: 	: 	: 	: 	: 	: 	: 	: 	: 	: 	: 	: 	: 	: 	: 	: 	: 	: 	: 	: 	: 	: 	: 	: 	: 	: 	: 	: 	: 	: 	: 	: 	: 	: 	: 	: 	: 	: 	: 	: 	: 	: 	: 	: 	: 	: 	: 	: 	: 	: 	: 	: 	: 	660 	736 	716 	662 	199 	212 	249 	249 	246 	241 	245 	244 	227 	238 	202 	222 	2774 	713 	731 	707 	686 	217 	249 	247 	244 	246 	241 	233 	245 	229 	2837 	671 	709 	667 	572 	2619 	576 	625 	566 	570 	2337 	: 
FLIGHT,CAF_PAS_DEP,SK_LZ99_DE_ED99	: 	: 	: 	: 	: 	: 	: 	: 	: 	: 	: 	: 	: 	: 	: 	: 	: 	: 	: 	: 	: 	: 	: 	: 	: 	: 	: 	: 	: 	: 	: 	: 	: 	: 	: 	: 	: 	: 	: 	: 	: 	: 	: 	: 	: 	: 	: 	: 	: 	: 	: 	: 	: 	: 	: 	: 	: 	: 	: 	: 	: 	: 	: 	: 	: 	: 	: 	: 	: 	: 	: 	: 	: 	: 	: 	: 	: 	: 	: 	: 	: 	: 	: 	: 	: 	: 	: 	: 	: 	: 	: 	: 	: 	: 	: 	: 	: 	: 	: 	: 	: 	: 	: 	: 	: 	: 	: 	: 	: 	: 	: 	: 	: 	: 	: 	: 	: 	: 	: 	: 	: 	: 	: 	: 	: 	: 	: 	: 	: 	: 	: 	: 	: 	: 	: 	: 	: 	: 	: 	: 	: 	: 	: 	: 	: 	: 	: 	: 	: 	: 	: 	: 	: 	: 	: 	: 	: 	: 	: 	: 	: 	: 	: 	: 	: 	: 	: 	: 	: 	: 	: 	: 	: 	: 	: 	: 	: 	: 	: 	: 	: 	: 	: 	: 	: 	: 	: 	: 	: 	: 	: 	: 	: 	: 	: 	: 	430 	403 	430 	395 	133 	154 	143 	134 	136 	133 	143 	139 	148 	149 	123 	123 	1658 	375 	318 	265 	170 	144 	119 	112 	107 	103 	108 	104 	107 	54 	1128 	: 	: 	: 	: 	: 	: 	: 	: 	: 	: 	: 
FLIGHT,CAF_PAS_DEP,SK_LZ99_EG_HE99	: 	: 	: 	: 	: 	: 	: 	: 	: 	: 	: 	: 	: 	: 	: 	: 	: 	: 	: 	: 	: 	: 	: 	: 	: 	: 	: 	: 	: 	: 	: 	: 	: 	: 	: 	: 	: 	: 	: 	: 	: 	: 	: 	: 	: 	: 	: 	: 	: 	: 	: 	: 	: 	: 	: 	: 	: 	: 	: 	: 	: 	: 	: 	: 	: 	: 	: 	: 	: 	: 	: 	: 	: 	: 	: 	: 	: 	: 	: 	: 	: 	: 	: 	: 	: 	: 	: 	: 	: 	: 	: 	: 	: 	: 	: 	: 	: 	: 	: 	: 	: 	: 	: 	: 	: 	: 	: 	: 	: 	: 	: 	: 	: 	: 	: 	: 	: 	: 	: 	: 	: 	: 	: 	: 	: 	: 	: 	: 	: 	: 	: 	: 	: 	: 	: 	: 	: 	: 	: 	: 	: 	: 	: 	: 	: 	: 	: 	: 	: 	: 	: 	: 	: 	: 	: 	: 	: 	: 	: 	: 	: 	: 	: 	: 	: 	: 	: 	: 	: 	: 	: 	: 	: 	: 	: 	: 	: 	: 	: 	: 	: 	: 	: 	: 	: 	: 	: 	: 	: 	: 	: 	: 	: 	: 	: 	: 	49 	165 	147 	21 	9 	9 	31 	45 	55 	65 	70 	58 	19 	11 	4 	6 	382 	101 	236 	146 	19 	13 	21 	67 	76 	80 	80 	82 	51 	13 	502 	70 	91 	35 	14 	210 	40 	62 	32 	1 	135 	: 
FLIGHT,CAF_PAS_DEP,SK_LZ99_EL_LG99	: 	: 	: 	: 	: 	: 	: 	: 	: 	: 	: 	: 	: 	: 	: 	: 	: 	: 	: 	: 	: 	: 	: 	: 	: 	: 	: 	: 	: 	: 	: 	: 	: 	: 	: 	: 	: 	: 	: 	: 	: 	: 	: 	: 	: 	: 	: 	: 	: 	: 	: 	: 	: 	: 	: 	: 	: 	: 	: 	: 	: 	: 	: 	: 	: 	: 	: 	: 	: 	: 	: 	: 	: 	: 	: 	: 	: 	: 	: 	: 	: 	: 	: 	: 	: 	: 	: 	: 	: 	: 	: 	: 	: 	: 	: 	: 	: 	: 	: 	: 	: 	: 	: 	: 	: 	: 	: 	: 	: 	: 	: 	: 	: 	: 	: 	: 	: 	: 	: 	: 	: 	: 	: 	: 	: 	: 	: 	: 	: 	: 	: 	: 	: 	: 	: 	: 	: 	: 	: 	: 	: 	: 	: 	: 	: 	: 	: 	: 	: 	: 	: 	: 	: 	: 	: 	: 	: 	: 	: 	: 	: 	: 	: 	: 	: 	: 	: 	: 	: 	: 	: 	: 	: 	: 	: 	: 	: 	: 	: 	: 	: 	: 	: 	: 	: 	: 	: 	: 	: 	: 	: 	: 	: 	: 	: 	: 	6 	370 	97 	1 	: 	: 	6 	104 	131 	135 	92 	5 	: 	: 	: 	1 	474 	10 	348 	94 	3 	3 	1 	6 	94 	131 	123 	89 	5 	: 	455 	11 	294 	73 	4 	382 	14 	221 	62 	: 	297 	: 
FLIGHT,CAF_PAS_DEP,SK_LZ99_ES_LE99	: 	: 	: 	: 	: 	: 	: 	: 	: 	: 	: 	: 	: 	: 	: 	: 	: 	: 	: 	: 	: 	: 	: 	: 	: 	: 	: 	: 	: 	: 	: 	: 	: 	: 	: 	: 	: 	: 	: 	: 	: 	: 	: 	: 	: 	: 	: 	: 	: 	: 	: 	: 	: 	: 	: 	: 	: 	: 	: 	: 	: 	: 	: 	: 	: 	: 	: 	: 	: 	: 	: 	: 	: 	: 	: 	: 	: 	: 	: 	: 	: 	: 	: 	: 	: 	: 	: 	: 	: 	: 	: 	: 	: 	: 	: 	: 	: 	: 	: 	: 	: 	: 	: 	: 	: 	: 	: 	: 	: 	: 	: 	: 	: 	: 	: 	: 	: 	: 	: 	: 	: 	: 	: 	: 	: 	: 	: 	: 	: 	: 	: 	: 	: 	: 	: 	: 	: 	: 	: 	: 	: 	: 	: 	: 	: 	: 	: 	: 	: 	: 	: 	: 	: 	: 	: 	: 	: 	: 	: 	: 	: 	: 	: 	: 	: 	: 	: 	: 	: 	: 	: 	: 	: 	: 	: 	: 	: 	: 	: 	: 	: 	: 	: 	: 	: 	: 	: 	: 	: 	: 	: 	: 	: 	: 	: 	: 	40 	106 	48 	27 	10 	14 	16 	31 	39 	36 	28 	11 	9 	10 	8 	9 	221 	27 	87 	41 	2 	8 	9 	10 	21 	33 	33 	24 	10 	7 	157 	: 	: 	: 	: 	: 	: 	: 	: 	: 	: 	: 
FLIGHT,CAF_PAS_DEP,SK_LZ99_FR_LF99	: 	: 	: 	: 	: 	: 	: 	: 	: 	: 	: 	: 	: 	: 	: 	: 	: 	: 	: 	: 	: 	: 	: 	: 	: 	: 	: 	: 	: 	: 	: 	: 	: 	: 	: 	: 	: 	: 	: 	: 	: 	: 	: 	: 	: 	: 	: 	: 	: 	: 	: 	: 	: 	: 	: 	: 	: 	: 	: 	: 	: 	: 	: 	: 	: 	: 	: 	: 	: 	: 	: 	: 	: 	: 	: 	: 	: 	: 	: 	: 	: 	: 	: 	: 	: 	: 	: 	: 	: 	: 	: 	: 	: 	: 	: 	: 	: 	: 	: 	: 	: 	: 	: 	: 	: 	: 	: 	: 	: 	: 	: 	: 	: 	: 	: 	: 	: 	: 	: 	: 	: 	: 	: 	: 	: 	: 	: 	: 	: 	: 	: 	: 	: 	: 	: 	: 	: 	: 	: 	: 	: 	: 	: 	: 	: 	: 	: 	: 	: 	: 	: 	: 	: 	: 	: 	: 	: 	: 	: 	: 	: 	: 	: 	: 	: 	: 	: 	: 	: 	: 	: 	: 	: 	: 	: 	: 	: 	: 	: 	: 	: 	: 	: 	: 	: 	: 	: 	: 	: 	: 	: 	: 	: 	: 	: 	: 	220 	167 	202 	113 	71 	77 	72 	63 	51 	53 	64 	76 	62 	41 	36 	36 	702 	196 	216 	191 	69 	47 	67 	82 	74 	69 	73 	75 	82 	34 	672 	83 	31 	10 	6 	130 	: 	: 	: 	: 	: 	: 
FLIGHT,CAF_PAS_DEP,SK_LZ99_HR_LD99	: 	: 	: 	: 	: 	: 	: 	: 	: 	: 	: 	: 	: 	: 	: 	: 	: 	: 	: 	: 	: 	: 	: 	: 	: 	: 	: 	: 	: 	: 	: 	: 	: 	: 	: 	: 	: 	: 	: 	: 	: 	: 	: 	: 	: 	: 	: 	: 	: 	: 	: 	: 	: 	: 	: 	: 	: 	: 	: 	: 	: 	: 	: 	: 	: 	: 	: 	: 	: 	: 	: 	: 	: 	: 	: 	: 	: 	: 	: 	: 	: 	: 	: 	: 	: 	: 	: 	: 	: 	: 	: 	: 	: 	: 	: 	: 	: 	: 	: 	: 	: 	: 	: 	: 	: 	: 	: 	: 	: 	: 	: 	: 	: 	: 	: 	: 	: 	: 	: 	: 	: 	: 	: 	: 	: 	: 	: 	: 	: 	: 	: 	: 	: 	: 	: 	: 	: 	: 	: 	: 	: 	: 	: 	: 	: 	: 	: 	: 	: 	: 	: 	: 	: 	: 	: 	: 	: 	: 	: 	: 	: 	: 	: 	: 	: 	: 	: 	: 	: 	: 	: 	: 	: 	: 	: 	: 	: 	: 	: 	: 	: 	: 	: 	: 	: 	: 	: 	: 	: 	: 	: 	: 	: 	: 	: 	: 	6 	134 	60 	1 	3 	2 	1 	30 	52 	52 	36 	24 	: 	: 	: 	1 	201 	: 	: 	: 	: 	: 	: 	: 	: 	: 	: 	: 	: 	: 	: 	: 	: 	: 	: 	: 	: 	: 	: 	: 	: 	: 
FLIGHT,CAF_PAS_DEP,SK_LZ99_IN_VI99	: 	: 	: 	: 	: 	: 	: 	: 	: 	: 	: 	: 	: 	: 	: 	: 	: 	: 	: 	: 	: 	: 	: 	: 	: 	: 	: 	: 	: 	: 	: 	: 	: 	: 	: 	: 	: 	: 	: 	: 	: 	: 	: 	: 	: 	: 	: 	: 	: 	: 	: 	: 	: 	: 	: 	: 	: 	: 	: 	: 	: 	: 	: 	: 	: 	: 	: 	: 	: 	: 	: 	: 	: 	: 	: 	: 	: 	: 	: 	: 	: 	: 	: 	: 	: 	: 	: 	: 	: 	: 	: 	: 	: 	: 	: 	: 	: 	: 	: 	: 	: 	: 	: 	: 	: 	: 	: 	: 	: 	: 	: 	: 	: 	: 	: 	: 	: 	: 	: 	: 	: 	: 	: 	: 	: 	: 	: 	: 	: 	: 	: 	: 	: 	: 	: 	: 	: 	: 	: 	: 	: 	: 	: 	: 	: 	: 	: 	: 	: 	: 	: 	: 	: 	: 	: 	: 	: 	: 	: 	: 	: 	: 	: 	: 	: 	: 	: 	: 	: 	: 	: 	: 	: 	: 	: 	: 	: 	: 	: 	: 	: 	: 	: 	: 	: 	: 	: 	: 	: 	: 	: 	: 	: 	: 	: 	: 	32 	36 	33 	46 	9 	10 	13 	9 	15 	12 	6 	8 	19 	20 	17 	9 	147 	: 	: 	: 	: 	: 	: 	: 	: 	: 	: 	: 	: 	: 	: 	: 	: 	: 	: 	: 	: 	: 	: 	: 	: 	: 
FLIGHT,CAF_PAS_DEP,SK_LZ99_IT_LI99	: 	: 	: 	: 	: 	: 	: 	: 	: 	: 	: 	: 	: 	: 	: 	: 	: 	: 	: 	: 	: 	: 	: 	: 	: 	: 	: 	: 	: 	: 	: 	: 	: 	: 	: 	: 	: 	: 	: 	: 	: 	: 	: 	: 	: 	: 	: 	: 	: 	: 	: 	: 	: 	: 	: 	: 	: 	: 	: 	: 	: 	: 	: 	: 	: 	: 	: 	: 	: 	: 	: 	: 	: 	: 	: 	: 	: 	: 	: 	: 	: 	: 	: 	: 	: 	: 	: 	: 	: 	: 	: 	: 	: 	: 	: 	: 	: 	: 	: 	: 	: 	: 	: 	: 	: 	: 	: 	: 	: 	: 	: 	: 	: 	: 	: 	: 	: 	: 	: 	: 	: 	: 	: 	: 	: 	: 	: 	: 	: 	: 	: 	: 	: 	: 	: 	: 	: 	: 	: 	: 	: 	: 	: 	: 	: 	: 	: 	: 	: 	: 	: 	: 	: 	: 	: 	: 	: 	: 	: 	: 	: 	: 	: 	: 	: 	: 	: 	: 	: 	: 	: 	: 	: 	: 	: 	: 	: 	: 	: 	: 	: 	: 	: 	: 	: 	: 	: 	: 	: 	: 	: 	: 	: 	: 	: 	: 	282 	227 	219 	226 	89 	94 	99 	76 	77 	74 	70 	75 	74 	83 	76 	67 	954 	242 	224 	260 	146 	63 	79 	100 	95 	65 	64 	84 	94 	82 	872 	: 	: 	: 	: 	: 	: 	: 	: 	: 	: 	: 
FLIGHT,CAF_PAS_DEP,SK_LZ99_NL_EH99	: 	: 	: 	: 	: 	: 	: 	: 	: 	: 	: 	: 	: 	: 	: 	: 	: 	: 	: 	: 	: 	: 	: 	: 	: 	: 	: 	: 	: 	: 	: 	: 	: 	: 	: 	: 	: 	: 	: 	: 	: 	: 	: 	: 	: 	: 	: 	: 	: 	: 	: 	: 	: 	: 	: 	: 	: 	: 	: 	: 	: 	: 	: 	: 	: 	: 	: 	: 	: 	: 	: 	: 	: 	: 	: 	: 	: 	: 	: 	: 	: 	: 	: 	: 	: 	: 	: 	: 	: 	: 	: 	: 	: 	: 	: 	: 	: 	: 	: 	: 	: 	: 	: 	: 	: 	: 	: 	: 	: 	: 	: 	: 	: 	: 	: 	: 	: 	: 	: 	: 	: 	: 	: 	: 	: 	: 	: 	: 	: 	: 	: 	: 	: 	: 	: 	: 	: 	: 	: 	: 	: 	: 	: 	: 	: 	: 	: 	: 	: 	: 	: 	: 	: 	: 	: 	: 	: 	: 	: 	: 	: 	: 	: 	: 	: 	: 	: 	: 	: 	: 	: 	: 	: 	: 	: 	: 	: 	: 	: 	: 	: 	: 	: 	: 	: 	: 	: 	: 	: 	: 	: 	: 	: 	: 	: 	: 	81 	82 	93 	62 	23 	26 	32 	28 	28 	26 	31 	31 	31 	23 	19 	20 	318 	61 	53 	53 	6 	22 	21 	18 	18 	18 	17 	18 	18 	17 	173 	: 	: 	: 	: 	: 	: 	: 	: 	: 	: 	: 
FLIGHT,CAF_PAS_DEP,SK_LZ99_RU_UU99	: 	: 	: 	: 	: 	: 	: 	: 	: 	: 	: 	: 	: 	: 	: 	: 	: 	: 	: 	: 	: 	: 	: 	: 	: 	: 	: 	: 	: 	: 	: 	: 	: 	: 	: 	: 	: 	: 	: 	: 	: 	: 	: 	: 	: 	: 	: 	: 	: 	: 	: 	: 	: 	: 	: 	: 	: 	: 	: 	: 	: 	: 	: 	: 	: 	: 	: 	: 	: 	: 	: 	: 	: 	: 	: 	: 	: 	: 	: 	: 	: 	: 	: 	: 	: 	: 	: 	: 	: 	: 	: 	: 	: 	: 	: 	: 	: 	: 	: 	: 	: 	: 	: 	: 	: 	: 	: 	: 	: 	: 	: 	: 	: 	: 	: 	: 	: 	: 	: 	: 	: 	: 	: 	: 	: 	: 	: 	: 	: 	: 	: 	: 	: 	: 	: 	: 	: 	: 	: 	: 	: 	: 	: 	: 	: 	: 	: 	: 	: 	: 	: 	: 	: 	: 	: 	: 	: 	: 	: 	: 	: 	: 	: 	: 	: 	: 	: 	: 	: 	: 	: 	: 	: 	: 	: 	: 	: 	: 	: 	: 	: 	: 	: 	: 	: 	: 	: 	: 	: 	: 	: 	: 	: 	: 	: 	: 	61 	56 	78 	51 	19 	18 	24 	18 	19 	19 	24 	27 	27 	17 	17 	17 	246 	53 	56 	56 	55 	16 	18 	19 	19 	19 	18 	18 	19 	19 	220 	51 	44 	40 	41 	176 	42 	45 	42 	45 	174 	: 
FLIGHT,CAF_PAS_DEP,SK_LZ99_SK_LZ99	: 	: 	: 	: 	: 	: 	: 	: 	: 	: 	: 	: 	: 	: 	: 	: 	: 	: 	: 	: 	: 	: 	: 	: 	: 	: 	: 	: 	: 	: 	: 	: 	: 	: 	: 	: 	: 	: 	: 	: 	: 	: 	: 	: 	: 	: 	: 	: 	: 	: 	: 	: 	: 	: 	: 	: 	: 	: 	: 	: 	: 	: 	: 	: 	: 	: 	: 	: 	: 	: 	: 	: 	: 	: 	: 	: 	: 	: 	: 	: 	: 	: 	: 	: 	: 	: 	: 	: 	: 	: 	: 	: 	: 	: 	: 	: 	: 	: 	: 	: 	: 	: 	: 	: 	: 	: 	: 	: 	: 	: 	: 	: 	: 	: 	: 	: 	: 	: 	: 	: 	: 	: 	: 	: 	: 	: 	: 	: 	: 	: 	: 	: 	: 	: 	: 	: 	: 	: 	: 	: 	: 	: 	: 	: 	: 	: 	: 	: 	: 	: 	: 	: 	: 	: 	: 	: 	: 	: 	: 	: 	: 	: 	: 	: 	: 	: 	: 	: 	: 	: 	: 	: 	: 	: 	: 	: 	: 	: 	: 	: 	: 	: 	: 	: 	: 	: 	: 	: 	: 	: 	: 	: 	: 	: 	: 	: 	419 	561 	585 	545 	109 	123 	187 	192 	190 	179 	198 	198 	189 	211 	182 	152 	2110 	436 	462 	463 	509 	130 	150 	156 	155 	153 	154 	161 	151 	151 	1870 	515 	469 	450 	339 	1773 	419 	368 	599 	397 	1783 	: 
FLIGHT,CAF_PAS_DEP,SK_LZ99_TN_DT99	: 	: 	: 	: 	: 	: 	: 	: 	: 	: 	: 	: 	: 	: 	: 	: 	: 	: 	: 	: 	: 	: 	: 	: 	: 	: 	: 	: 	: 	: 	: 	: 	: 	: 	: 	: 	: 	: 	: 	: 	: 	: 	: 	: 	: 	: 	: 	: 	: 	: 	: 	: 	: 	: 	: 	: 	: 	: 	: 	: 	: 	: 	: 	: 	: 	: 	: 	: 	: 	: 	: 	: 	: 	: 	: 	: 	: 	: 	: 	: 	: 	: 	: 	: 	: 	: 	: 	: 	: 	: 	: 	: 	: 	: 	: 	: 	: 	: 	: 	: 	: 	: 	: 	: 	: 	: 	: 	: 	: 	: 	: 	: 	: 	: 	: 	: 	: 	: 	: 	: 	: 	: 	: 	: 	: 	: 	: 	: 	: 	: 	: 	: 	: 	: 	: 	: 	: 	: 	: 	: 	: 	: 	: 	: 	: 	: 	: 	: 	: 	: 	: 	: 	: 	: 	: 	: 	: 	: 	: 	: 	: 	: 	: 	: 	: 	: 	: 	: 	: 	: 	: 	: 	: 	: 	: 	: 	: 	: 	: 	: 	: 	: 	: 	: 	: 	: 	: 	: 	: 	: 	: 	: 	: 	: 	: 	: 	11 	201 	70 	1 	: 	: 	11 	58 	72 	71 	56 	14 	: 	: 	: 	1 	283 	17 	167 	62 	: 	: 	: 	17 	47 	60 	60 	47 	15 	: 	246 	12 	102 	38 	: 	152 	8 	74 	32 	1 	115 	: 
FLIGHT,CAF_PAS_DEP,SK_LZ99_TR_LT99	: 	: 	: 	: 	: 	: 	: 	: 	: 	: 	: 	: 	: 	: 	: 	: 	: 	: 	: 	: 	: 	: 	: 	: 	: 	: 	: 	: 	: 	: 	: 	: 	: 	: 	: 	: 	: 	: 	: 	: 	: 	: 	: 	: 	: 	: 	: 	: 	: 	: 	: 	: 	: 	: 	: 	: 	: 	: 	: 	: 	: 	: 	: 	: 	: 	: 	: 	: 	: 	: 	: 	: 	: 	: 	: 	: 	: 	: 	: 	: 	: 	: 	: 	: 	: 	: 	: 	: 	: 	: 	: 	: 	: 	: 	: 	: 	: 	: 	: 	: 	: 	: 	: 	: 	: 	: 	: 	: 	: 	: 	: 	: 	: 	: 	: 	: 	: 	: 	: 	: 	: 	: 	: 	: 	: 	: 	: 	: 	: 	: 	: 	: 	: 	: 	: 	: 	: 	: 	: 	: 	: 	: 	: 	: 	: 	: 	: 	: 	: 	: 	: 	: 	: 	: 	: 	: 	: 	: 	: 	: 	: 	: 	: 	: 	: 	: 	: 	: 	: 	: 	: 	: 	: 	: 	: 	: 	: 	: 	: 	: 	: 	: 	: 	: 	: 	: 	: 	: 	: 	: 	: 	: 	: 	: 	: 	: 	2 	107 	37 	: 	: 	: 	2 	33 	35 	39 	36 	1 	: 	: 	: 	: 	146 	1 	131 	33 	1 	: 	: 	1 	37 	46 	48 	32 	: 	1 	166 	1 	72 	19 	: 	92 	3 	136 	36 	: 	175 	: 
FLIGHT,CAF_PAS_DEP,SK_LZ99_UK_EG99	: 	: 	: 	: 	: 	: 	: 	: 	: 	: 	: 	: 	: 	: 	: 	: 	: 	: 	: 	: 	: 	: 	: 	: 	: 	: 	: 	: 	: 	: 	: 	: 	: 	: 	: 	: 	: 	: 	: 	: 	: 	: 	: 	: 	: 	: 	: 	: 	: 	: 	: 	: 	: 	: 	: 	: 	: 	: 	: 	: 	: 	: 	: 	: 	: 	: 	: 	: 	: 	: 	: 	: 	: 	: 	: 	: 	: 	: 	: 	: 	: 	: 	: 	: 	: 	: 	: 	: 	: 	: 	: 	: 	: 	: 	: 	: 	: 	: 	: 	: 	: 	: 	: 	: 	: 	: 	: 	: 	: 	: 	: 	: 	: 	: 	: 	: 	: 	: 	: 	: 	: 	: 	: 	: 	: 	: 	: 	: 	: 	: 	: 	: 	: 	: 	: 	: 	: 	: 	: 	: 	: 	: 	: 	: 	: 	: 	: 	: 	: 	: 	: 	: 	: 	: 	: 	: 	: 	: 	: 	: 	: 	: 	: 	: 	: 	: 	: 	: 	: 	: 	: 	: 	: 	: 	: 	: 	: 	: 	: 	: 	: 	: 	: 	: 	: 	: 	: 	: 	: 	: 	: 	: 	: 	: 	: 	: 	410 	312 	271 	237 	145 	151 	114 	103 	105 	104 	89 	86 	96 	87 	72 	78 	1230 	203 	234 	188 	116 	63 	68 	72 	69 	87 	78 	68 	73 	47 	741 	106 	59 	2 	1 	168 	: 	: 	: 	: 	: 	: 
FLIGHT,CAF_PAS_DEP,SK_LZIB_AE_OMDB	41 	53 	13 	13 	14 	14 	17 	16 	20 	51 	47 	42 	42 	19 	18 	14 	17 	15 	15 	13 	14 	15 	13 	12 	17 	182 	39 	38 	42 	37 	13 	12 	14 	12 	13 	13 	14 	14 	14 	13 	12 	12 	156 	: 	: 	: 	: 	: 	: 	: 	: 	: 	: 	: 	: 	: 	: 	: 	: 	: 	: 	: 	: 	: 	: 	: 	: 	: 	: 	: 	: 	: 	: 	: 	: 	: 	: 	: 	: 	: 	: 	: 	: 	: 	: 	: 	: 	: 	: 	: 	: 	: 	: 	: 	: 	: 	: 	: 	: 	: 	: 	: 	: 	: 	: 	: 	: 	: 	: 	: 	: 	: 	: 	: 	: 	: 	: 	: 	: 	: 	: 	: 	: 	: 	: 	: 	: 	: 	: 	: 	: 	: 	: 	: 	: 	: 	: 	: 	: 	: 	: 	: 	: 	: 	: 	: 	: 	: 	: 	: 	: 	: 	: 	: 	: 	: 	: 	: 	: 	: 	: 	: 	: 	: 	: 	: 	: 	: 	: 	: 	: 	: 	: 	: 	: 	: 	: 	: 	: 	: 	: 	: 	: 	: 	: 	: 	: 	: 	: 	: 	: 	: 	: 	: 	: 	: 	: 	: 	: 	: 	: 	: 	: 	: 	: 	: 	: 	: 	: 	: 	: 	: 	: 	: 	: 	: 	: 	: 	: 	: 	: 	: 	: 	: 	: 	: 	: 	: 	: 	: 	: 	: 	: 	: 	: 	: 	: 	: 
FLIGHT,CAF_PAS_DEP,SK_LZIB_BE_EBBR	: 	: 	: 	: 	: 	: 	: 	: 	: 	35 	81 	72 	1 	: 	8 	27 	27 	27 	27 	27 	27 	18 	: 	1 	: 	189 	: 	: 	: 	: 	: 	: 	: 	: 	: 	: 	: 	: 	: 	: 	: 	: 	: 	: 	: 	: 	: 	: 	: 	: 	: 	: 	: 	: 	: 	: 	: 	: 	: 	: 	: 	: 	: 	: 	: 	: 	: 	: 	: 	: 	: 	: 	: 	: 	: 	: 	: 	: 	: 	: 	: 	: 	: 	: 	: 	: 	: 	: 	: 	: 	: 	: 	: 	: 	: 	: 	: 	: 	: 	: 	: 	: 	: 	: 	: 	: 	: 	: 	: 	: 	: 	: 	: 	: 	: 	: 	: 	: 	: 	: 	: 	: 	: 	: 	: 	: 	: 	: 	: 	: 	: 	: 	: 	: 	: 	: 	: 	: 	: 	: 	: 	: 	: 	: 	: 	: 	: 	: 	: 	: 	: 	: 	: 	: 	: 	: 	: 	: 	: 	: 	: 	: 	: 	: 	: 	: 	: 	: 	: 	: 	: 	: 	: 	: 	: 	: 	: 	: 	: 	94 	95 	116 	108 	26 	31 	37 	31 	31 	33 	39 	40 	37 	37 	33 	38 	413 	: 	: 	: 	: 	: 	: 	: 	: 	: 	: 	: 	: 	: 	: 	: 	: 	: 	: 	: 	: 	: 	: 	: 	: 	: 	: 	: 	: 	: 	: 	: 	: 	: 	: 	: 	: 	: 	: 	: 	: 	: 	: 
FLIGHT,CAF_PAS_DEP,SK_LZIB_BE_EBCI	52 	40 	18 	17 	18 	17 	15 	12 	13 	22 	: 	6 	61 	13 	9 	: 	: 	: 	: 	: 	: 	6 	18 	21 	22 	89 	55 	40 	38 	50 	19 	21 	15 	13 	13 	14 	13 	12 	13 	17 	16 	17 	183 	48 	39 	39 	50 	16 	17 	15 	13 	13 	13 	13 	13 	13 	17 	16 	17 	176 	51 	53 	52 	51 	17 	17 	17 	18 	17 	18 	17 	18 	17 	18 	16 	17 	207 	58 	50 	51 	52 	20 	17 	21 	21 	14 	15 	17 	17 	17 	16 	17 	19 	211 	55 	53 	51 	62 	20 	17 	18 	17 	18 	18 	17 	18 	16 	21 	19 	22 	221 	58 	51 	48 	53 	19 	21 	18 	16 	18 	17 	17 	18 	13 	19 	16 	18 	210 	52 	39 	39 	1 	20 	17 	15 	13 	13 	13 	13 	13 	13 	1 	: 	: 	131 	: 	: 	: 	: 	: 	: 	: 	: 	: 	: 	: 	: 	: 	: 	: 	: 	: 	: 	: 	: 	: 	: 	: 	: 	: 	: 	: 	: 	: 	: 	: 	: 	: 	: 	: 	: 	: 	: 	: 	: 	: 	: 	: 	: 	: 	: 	: 	: 	: 	: 	: 	: 	: 	: 	: 	: 	: 	: 	: 	: 	: 	: 	: 	: 	: 	: 	: 	: 	: 	: 	: 	: 	: 	: 	: 	: 	: 	: 	: 	: 	: 	: 	: 	: 	: 	: 	: 	: 	: 	: 	: 	: 	: 
FLIGHT,CAF_PAS_DEP,SK_LZIB_BG_LBBG	20 	: 	56 	20 	: 	: 	: 	: 	: 	: 	133 	22 	: 	: 	: 	: 	15 	57 	61 	22 	: 	: 	: 	: 	: 	155 	: 	114 	22 	: 	: 	: 	: 	10 	49 	55 	22 	: 	: 	: 	: 	: 	136 	: 	119 	21 	: 	: 	: 	: 	11 	54 	54 	21 	: 	: 	: 	: 	: 	140 	: 	134 	26 	: 	: 	: 	: 	13 	62 	59 	26 	: 	: 	: 	: 	: 	160 	: 	130 	25 	: 	: 	: 	: 	12 	60 	58 	25 	: 	: 	: 	: 	: 	155 	: 	142 	25 	: 	: 	: 	: 	13 	65 	64 	25 	: 	: 	: 	: 	: 	167 	: 	105 	17 	: 	: 	: 	: 	7 	51 	47 	17 	: 	: 	: 	: 	: 	122 	: 	114 	24 	: 	: 	: 	: 	10 	53 	51 	24 	: 	: 	: 	: 	: 	138 	: 	164 	35 	: 	: 	: 	: 	27 	67 	70 	35 	: 	: 	: 	: 	: 	199 	: 	136 	24 	: 	: 	: 	: 	22 	56 	58 	24 	: 	: 	: 	: 	: 	160 	: 	120 	18 	: 	: 	: 	: 	17 	53 	50 	18 	: 	: 	: 	: 	: 	138 	: 	: 	: 	: 	: 	: 	: 	: 	: 	: 	: 	: 	: 	: 	: 	: 	: 	: 	: 	: 	: 	: 	: 	: 	: 	: 	: 	: 	: 	: 	: 	: 	: 	: 	: 	: 	: 	: 	: 	: 	: 	: 
FLIGHT,CAF_PAS_DEP,SK_LZIB_BG_LBSF	: 	: 	: 	: 	: 	: 	: 	: 	: 	: 	: 	: 	: 	: 	: 	: 	: 	: 	: 	: 	: 	: 	: 	: 	: 	: 	: 	: 	: 	: 	: 	: 	: 	: 	: 	: 	: 	: 	: 	: 	: 	: 	: 	: 	: 	: 	: 	: 	: 	: 	: 	: 	: 	: 	: 	: 	: 	: 	: 	: 	: 	: 	: 	: 	: 	: 	: 	: 	: 	: 	: 	: 	: 	: 	: 	: 	: 	: 	: 	: 	: 	: 	: 	: 	: 	: 	: 	: 	: 	: 	: 	: 	: 	: 	: 	: 	: 	: 	: 	: 	: 	: 	: 	: 	: 	: 	: 	: 	: 	: 	: 	: 	: 	: 	: 	: 	: 	: 	: 	: 	: 	: 	: 	: 	: 	: 	: 	: 	: 	: 	: 	: 	: 	: 	: 	: 	: 	: 	: 	: 	: 	: 	: 	: 	: 	: 	: 	: 	: 	: 	: 	: 	: 	: 	: 	: 	: 	: 	: 	: 	: 	: 	: 	: 	: 	: 	: 	: 	: 	: 	: 	: 	: 	: 	: 	: 	: 	: 	: 	52 	58 	54 	46 	14 	18 	20 	22 	19 	17 	19 	18 	17 	18 	13 	15 	210 	: 	: 	: 	: 	: 	: 	: 	: 	: 	: 	: 	: 	: 	: 	: 	: 	: 	: 	: 	: 	: 	: 	: 	: 	: 	: 	: 	: 	: 	: 	: 	: 	: 	: 	: 	: 	: 	: 	: 	: 	: 	: 
FLIGHT,CAF_PAS_DEP,SK_LZIB_CZ_LKPR	: 	: 	: 	: 	: 	: 	: 	: 	: 	196 	145 	208 	173 	63 	80 	53 	59 	45 	41 	85 	65 	58 	68 	61 	44 	722 	: 	: 	: 	: 	: 	: 	: 	: 	: 	: 	: 	: 	: 	: 	: 	: 	: 	: 	: 	: 	: 	: 	: 	: 	: 	: 	: 	: 	: 	: 	: 	: 	: 	: 	: 	: 	: 	: 	: 	: 	: 	: 	: 	: 	: 	: 	: 	: 	: 	: 	: 	: 	: 	: 	: 	: 	: 	: 	: 	: 	: 	: 	: 	: 	: 	: 	: 	: 	69 	109 	260 	234 	28 	20 	21 	20 	19 	70 	78 	103 	79 	85 	68 	81 	672 	290 	378 	364 	355 	75 	81 	134 	128 	132 	118 	129 	129 	106 	127 	109 	119 	1387 	368 	384 	352 	369 	118 	123 	127 	131 	131 	122 	129 	111 	112 	132 	115 	122 	1473 	378 	386 	388 	510 	125 	122 	131 	130 	125 	131 	127 	130 	131 	168 	169 	173 	1662 	491 	397 	393 	383 	163 	180 	148 	134 	137 	126 	133 	137 	123 	131 	123 	129 	1664 	377 	393 	388 	366 	123 	125 	129 	134 	132 	127 	134 	135 	119 	132 	107 	127 	1524 	: 	: 	: 	: 	: 	: 	: 	: 	: 	: 	: 	: 	: 	: 	: 	: 	: 	: 	: 	: 	: 	: 	: 	: 	: 	: 	: 	: 	: 	: 	: 	: 	: 	: 	: 	: 	: 	: 	: 	: 	: 	1375 
FLIGHT,CAF_PAS_DEP,SK_LZIB_DE_EDDB	53 	45 	18 	18 	17 	18 	15 	14 	16 	60 	93 	92 	91 	16 	13 	31 	31 	31 	31 	31 	31 	30 	31 	29 	31 	336 	: 	: 	: 	: 	: 	: 	: 	: 	: 	: 	: 	: 	: 	: 	: 	: 	: 	: 	: 	: 	: 	: 	: 	: 	: 	: 	: 	: 	: 	: 	: 	: 	: 	: 	: 	: 	: 	: 	: 	: 	: 	: 	: 	: 	: 	: 	: 	: 	: 	: 	: 	: 	: 	: 	: 	: 	: 	: 	: 	: 	: 	: 	: 	: 	: 	: 	: 	: 	: 	: 	: 	: 	: 	: 	: 	: 	: 	: 	: 	: 	: 	: 	: 	: 	: 	: 	: 	: 	: 	: 	: 	: 	: 	: 	: 	: 	: 	: 	: 	: 	: 	: 	: 	: 	: 	: 	: 	: 	: 	: 	: 	: 	: 	: 	: 	: 	: 	: 	: 	: 	: 	: 	: 	: 	: 	: 	: 	: 	: 	: 	: 	: 	: 	: 	: 	: 	: 	: 	: 	: 	: 	: 	: 	: 	: 	: 	: 	: 	: 	: 	: 	: 	: 	: 	: 	: 	: 	: 	: 	: 	: 	: 	: 	: 	: 	: 	: 	: 	: 	: 	: 	: 	: 	: 	: 	: 	: 	: 	: 	: 	: 	: 	: 	: 	: 	: 	: 	: 	: 	: 	: 	: 	: 	: 	: 	: 	: 	: 	: 	: 	: 	: 	: 	: 	: 	: 	: 	: 	: 	: 	: 	: 
FLIGHT,CAF_PAS_DEP,SK_LZIB_DE_EDDK	: 	: 	: 	: 	: 	: 	: 	: 	: 	: 	: 	: 	: 	: 	: 	: 	: 	: 	: 	: 	: 	: 	: 	: 	: 	: 	: 	: 	: 	: 	: 	: 	: 	: 	: 	: 	: 	: 	: 	: 	: 	: 	: 	: 	: 	: 	: 	: 	: 	: 	: 	: 	: 	: 	: 	: 	: 	: 	: 	: 	: 	: 	: 	: 	: 	: 	: 	: 	: 	: 	: 	: 	: 	: 	: 	: 	: 	: 	: 	: 	: 	: 	: 	: 	: 	: 	: 	: 	: 	: 	: 	: 	: 	: 	: 	: 	: 	: 	: 	: 	: 	: 	: 	: 	: 	: 	: 	: 	: 	: 	: 	: 	: 	: 	: 	: 	: 	: 	: 	: 	: 	: 	: 	: 	: 	: 	: 	: 	: 	: 	: 	: 	: 	: 	: 	: 	: 	: 	: 	: 	: 	: 	: 	: 	: 	: 	: 	: 	: 	: 	: 	: 	: 	: 	: 	: 	: 	: 	: 	: 	: 	: 	: 	: 	: 	: 	: 	: 	: 	: 	: 	: 	: 	: 	: 	: 	: 	: 	: 	39 	40 	41 	44 	12 	12 	15 	14 	13 	13 	15 	14 	12 	15 	14 	15 	164 	: 	: 	: 	: 	: 	: 	: 	: 	: 	: 	: 	: 	: 	: 	: 	: 	: 	: 	: 	: 	: 	: 	: 	: 	: 	: 	: 	: 	: 	: 	: 	: 	: 	: 	: 	: 	: 	: 	: 	: 	: 	: 
FLIGHT,CAF_PAS_DEP,SK_LZIB_DE_EDDM	: 	: 	: 	: 	: 	: 	: 	: 	: 	: 	: 	: 	: 	: 	: 	: 	: 	: 	: 	: 	: 	: 	: 	: 	: 	: 	: 	: 	: 	: 	: 	: 	: 	: 	: 	: 	: 	: 	: 	: 	: 	: 	: 	: 	: 	: 	: 	: 	: 	: 	: 	: 	: 	: 	: 	: 	: 	: 	: 	: 	: 	: 	: 	: 	: 	: 	: 	: 	: 	: 	: 	: 	: 	: 	: 	: 	: 	: 	: 	: 	: 	: 	: 	: 	: 	: 	: 	: 	: 	: 	: 	: 	: 	: 	: 	: 	: 	: 	: 	: 	: 	: 	: 	: 	: 	: 	: 	: 	: 	: 	: 	: 	: 	: 	: 	: 	: 	: 	: 	: 	: 	: 	: 	: 	: 	: 	: 	: 	: 	: 	: 	: 	: 	: 	: 	: 	: 	: 	: 	: 	: 	: 	: 	: 	: 	230 	230 	243 	236 	66 	80 	84 	81 	73 	76 	82 	79 	82 	74 	81 	81 	939 	236 	232 	243 	229 	68 	82 	86 	81 	69 	82 	82 	84 	77 	84 	72 	73 	940 	236 	239 	237 	224 	71 	81 	84 	79 	77 	83 	80 	85 	72 	85 	70 	69 	936 	: 	: 	: 	: 	: 	: 	: 	: 	: 	: 	: 	: 	: 	: 	: 	: 	: 	: 	: 	: 	: 	: 	: 	: 	: 	: 	: 	: 	: 	: 	: 	: 	: 	: 	: 	: 	: 	: 	: 	: 	: 	: 
FLIGHT,CAF_PAS_DEP,SK_LZIB_DE_EDFH	: 	: 	: 	: 	: 	: 	: 	: 	: 	: 	: 	: 	: 	: 	: 	: 	: 	: 	: 	: 	: 	: 	: 	: 	: 	: 	: 	: 	: 	: 	: 	: 	: 	: 	: 	: 	: 	: 	: 	: 	: 	: 	: 	: 	: 	: 	: 	: 	: 	: 	: 	: 	: 	: 	: 	: 	: 	: 	: 	: 	: 	: 	: 	: 	: 	: 	: 	: 	: 	: 	: 	: 	: 	: 	: 	: 	: 	: 	: 	: 	: 	: 	: 	: 	: 	: 	: 	: 	: 	: 	: 	: 	: 	: 	: 	: 	: 	: 	: 	: 	: 	: 	: 	: 	: 	: 	: 	: 	: 	: 	: 	: 	: 	: 	: 	: 	: 	: 	: 	: 	: 	: 	: 	: 	: 	: 	: 	: 	38 	41 	39 	49 	12 	12 	14 	15 	13 	13 	13 	13 	13 	17 	15 	17 	167 	62 	93 	91 	80 	16 	17 	29 	30 	31 	32 	30 	31 	30 	30 	29 	21 	326 	71 	92 	91 	91 	21 	19 	31 	30 	31 	31 	30 	31 	30 	31 	30 	30 	345 	90 	92 	92 	88 	28 	31 	31 	30 	31 	31 	30 	32 	30 	31 	27 	30 	362 	: 	: 	: 	: 	: 	: 	: 	: 	: 	: 	: 	: 	: 	: 	: 	: 	: 	: 	: 	: 	: 	: 	: 	: 	: 	: 	: 	: 	: 	: 	: 	: 	: 	: 	: 	: 	: 	: 	: 	: 	: 	: 
FLIGHT,CAF_PAS_DEP,SK_LZIB_DK_EKCH	: 	: 	: 	: 	: 	: 	: 	: 	: 	: 	: 	: 	: 	: 	: 	: 	: 	: 	: 	: 	: 	: 	: 	: 	: 	: 	: 	: 	: 	: 	: 	: 	: 	: 	: 	: 	: 	: 	: 	: 	: 	: 	: 	: 	: 	: 	: 	: 	: 	: 	: 	: 	: 	: 	: 	: 	: 	: 	: 	: 	: 	: 	: 	: 	: 	: 	: 	: 	: 	: 	: 	: 	: 	: 	: 	: 	: 	: 	: 	: 	: 	: 	: 	: 	: 	: 	: 	: 	: 	: 	: 	: 	: 	: 	: 	: 	: 	: 	: 	: 	: 	: 	: 	: 	: 	: 	: 	: 	: 	: 	: 	: 	: 	: 	: 	: 	: 	: 	: 	: 	: 	: 	: 	: 	: 	: 	: 	: 	: 	: 	: 	: 	: 	: 	: 	: 	: 	: 	: 	: 	: 	: 	: 	: 	: 	: 	: 	: 	: 	: 	: 	: 	: 	: 	: 	: 	: 	: 	: 	: 	: 	: 	: 	: 	: 	: 	: 	: 	: 	: 	: 	: 	: 	: 	: 	: 	: 	: 	: 	27 	26 	28 	32 	9 	9 	9 	8 	9 	9 	9 	9 	10 	12 	10 	10 	113 	: 	: 	: 	: 	: 	: 	: 	: 	: 	: 	: 	: 	: 	: 	: 	: 	: 	: 	: 	: 	: 	: 	: 	: 	: 	: 	: 	: 	: 	: 	: 	: 	: 	: 	: 	: 	: 	: 	: 	: 	: 	: 
FLIGHT,CAF_PAS_DEP,SK_LZIB_EG_HEGN	44 	13 	40 	23 	17 	4 	5 	4 	4 	21 	71 	13 	: 	7 	4 	10 	24 	23 	24 	13 	: 	: 	: 	: 	: 	105 	10 	67 	39 	4 	: 	: 	10 	16 	25 	26 	21 	10 	8 	2 	: 	2 	120 	19 	67 	29 	: 	2 	4 	13 	19 	25 	23 	19 	8 	2 	: 	: 	: 	115 	7 	37 	39 	1 	: 	3 	4 	3 	11 	23 	23 	11 	5 	1 	: 	: 	84 	15 	71 	51 	4 	: 	4 	11 	20 	25 	26 	27 	16 	8 	3 	: 	1 	141 	35 	105 	56 	9 	3 	9 	23 	33 	36 	36 	29 	18 	9 	4 	1 	4 	205 	41 	128 	73 	17 	7 	9 	25 	39 	44 	45 	38 	25 	10 	6 	4 	7 	259 	45 	123 	86 	25 	8 	9 	28 	39 	43 	41 	42 	31 	13 	13 	6 	6 	279 	57 	160 	108 	38 	9 	15 	33 	51 	54 	55 	56 	34 	18 	17 	12 	9 	363 	53 	128 	86 	18 	10 	12 	31 	38 	45 	45 	43 	26 	17 	9 	4 	5 	285 	31 	80 	66 	19 	6 	5 	20 	22 	30 	28 	28 	24 	14 	10 	4 	5 	196 	: 	: 	: 	: 	: 	: 	: 	: 	: 	: 	: 	: 	: 	: 	: 	: 	: 	: 	: 	: 	: 	: 	: 	: 	: 	: 	: 	: 	: 	: 	: 	: 	: 	: 	: 	: 	: 	: 	: 	: 	: 	: 
FLIGHT,CAF_PAS_DEP,SK_LZIB_EL_LGAV	27 	25 	13 	9 	9 	9 	8 	8 	9 	36 	41 	39 	40 	14 	9 	13 	15 	13 	13 	13 	13 	13 	14 	12 	14 	156 	41 	48 	41 	1 	15 	12 	14 	13 	18 	17 	15 	13 	13 	: 	: 	1 	131 	: 	: 	: 	: 	: 	: 	: 	: 	: 	: 	: 	: 	: 	: 	: 	: 	: 	: 	: 	: 	: 	: 	: 	: 	: 	: 	: 	: 	: 	: 	: 	: 	: 	: 	: 	: 	: 	: 	: 	: 	: 	: 	: 	: 	: 	: 	: 	: 	: 	: 	: 	: 	: 	: 	: 	: 	: 	: 	: 	: 	: 	: 	: 	: 	: 	: 	: 	: 	: 	: 	: 	: 	: 	: 	: 	: 	: 	: 	: 	: 	: 	: 	: 	: 	: 	: 	: 	: 	: 	: 	: 	: 	: 	: 	: 	: 	: 	: 	: 	: 	: 	: 	: 	: 	: 	: 	: 	: 	: 	: 	: 	: 	: 	: 	: 	: 	: 	: 	: 	: 	: 	: 	: 	: 	: 	: 	: 	: 	: 	: 	: 	: 	: 	: 	: 	: 	: 	: 	: 	: 	: 	: 	: 	: 	: 	: 	: 	: 	: 	: 	: 	: 	: 	: 	: 	: 	: 	: 	: 	: 	: 	: 	: 	: 	: 	: 	: 	: 	: 	: 	: 	: 	: 	: 	: 	: 	: 	: 	: 	: 	: 	: 	: 	: 	: 	: 	: 	: 	: 	: 	: 	: 	: 	: 	: 
FLIGHT,CAF_PAS_DEP,SK_LZIB_EL_LGIR	: 	: 	: 	: 	: 	: 	: 	: 	: 	1 	111 	30 	: 	: 	: 	1 	31 	39 	41 	30 	: 	: 	: 	: 	: 	142 	: 	85 	21 	: 	: 	: 	: 	24 	31 	30 	20 	1 	: 	: 	: 	: 	106 	3 	62 	15 	1 	2 	: 	1 	17 	23 	22 	15 	: 	: 	1 	: 	: 	81 	: 	51 	15 	: 	: 	: 	: 	14 	19 	18 	15 	: 	: 	: 	: 	: 	66 	: 	: 	: 	: 	: 	: 	: 	: 	: 	: 	: 	: 	: 	: 	: 	: 	: 	: 	60 	19 	: 	: 	: 	: 	16 	21 	23 	19 	: 	: 	: 	: 	: 	79 	: 	54 	15 	1 	: 	: 	: 	14 	19 	21 	15 	: 	: 	1 	: 	: 	70 	: 	: 	: 	: 	: 	: 	: 	: 	: 	: 	: 	: 	: 	: 	: 	: 	: 	3 	97 	29 	: 	: 	2 	1 	30 	33 	34 	26 	2 	1 	: 	: 	: 	129 	1 	66 	22 	: 	: 	: 	1 	17 	24 	25 	20 	2 	: 	: 	: 	: 	89 	2 	101 	26 	: 	1 	: 	1 	26 	36 	39 	24 	2 	: 	: 	: 	: 	129 	: 	: 	: 	: 	: 	: 	: 	: 	: 	: 	: 	: 	: 	: 	: 	: 	: 	: 	: 	: 	: 	: 	: 	: 	: 	: 	: 	: 	: 	: 	: 	: 	: 	: 	: 	: 	: 	: 	: 	: 	: 	: 
FLIGHT,CAF_PAS_DEP,SK_LZIB_EL_LGKR	: 	: 	: 	: 	: 	: 	: 	: 	: 	5 	58 	20 	: 	: 	: 	5 	17 	21 	20 	15 	4 	1 	: 	: 	: 	83 	: 	: 	: 	: 	: 	: 	: 	: 	: 	: 	: 	: 	: 	: 	: 	: 	: 	: 	: 	: 	: 	: 	: 	: 	: 	: 	: 	: 	: 	: 	: 	: 	: 	: 	: 	: 	: 	: 	: 	: 	: 	: 	: 	: 	: 	: 	: 	: 	: 	: 	: 	: 	: 	: 	: 	: 	: 	: 	: 	: 	: 	: 	: 	: 	: 	: 	: 	: 	: 	: 	: 	: 	: 	: 	: 	: 	: 	: 	: 	: 	: 	: 	: 	: 	: 	: 	: 	: 	: 	: 	: 	: 	: 	: 	: 	: 	: 	: 	: 	: 	: 	: 	: 	: 	: 	: 	: 	: 	: 	: 	: 	: 	: 	: 	: 	: 	: 	: 	: 	: 	: 	: 	: 	: 	: 	: 	: 	: 	: 	: 	: 	: 	: 	: 	: 	: 	: 	: 	: 	: 	: 	: 	: 	: 	: 	: 	: 	: 	: 	: 	: 	: 	: 	: 	: 	: 	: 	: 	: 	: 	: 	: 	: 	: 	: 	: 	: 	: 	: 	: 	: 	: 	: 	: 	: 	: 	: 	: 	: 	: 	: 	: 	: 	: 	: 	: 	: 	: 	: 	: 	: 	: 	: 	: 	: 	: 	: 	: 	: 	: 	: 	: 	: 	: 	: 	: 	: 	: 	: 	: 	: 	: 
FLIGHT,CAF_PAS_DEP,SK_LZIB_EL_LGRP	: 	: 	: 	: 	: 	: 	: 	: 	: 	: 	97 	25 	: 	: 	: 	: 	29 	34 	34 	25 	: 	: 	: 	: 	: 	122 	: 	90 	26 	: 	: 	: 	: 	24 	33 	33 	26 	: 	: 	: 	: 	: 	116 	1 	91 	26 	: 	: 	: 	1 	26 	32 	33 	26 	: 	: 	: 	: 	: 	118 	: 	61 	19 	: 	: 	: 	: 	18 	21 	22 	19 	: 	: 	: 	: 	: 	80 	1 	62 	16 	: 	: 	: 	1 	17 	21 	24 	16 	: 	: 	: 	: 	: 	79 	: 	76 	26 	: 	: 	: 	: 	20 	27 	29 	25 	1 	: 	: 	: 	: 	102 	: 	69 	18 	: 	: 	: 	: 	21 	25 	23 	18 	: 	: 	: 	: 	: 	87 	: 	83 	25 	: 	: 	: 	: 	23 	31 	29 	25 	: 	: 	: 	: 	: 	108 	2 	103 	29 	: 	: 	: 	2 	33 	34 	36 	28 	1 	: 	: 	: 	: 	134 	2 	109 	36 	: 	: 	: 	2 	31 	38 	40 	36 	: 	: 	: 	: 	: 	147 	7 	135 	40 	: 	: 	: 	7 	39 	46 	50 	39 	1 	: 	: 	: 	: 	182 	: 	: 	: 	: 	: 	: 	: 	: 	: 	: 	: 	: 	: 	: 	: 	: 	: 	: 	: 	: 	: 	: 	: 	: 	: 	: 	: 	: 	: 	: 	: 	: 	: 	: 	: 	: 	: 	: 	: 	: 	: 	: 
FLIGHT,CAF_PAS_DEP,SK_LZIB_ES_GCLP	: 	: 	: 	: 	: 	: 	: 	: 	: 	: 	: 	: 	: 	: 	: 	: 	: 	: 	: 	: 	: 	: 	: 	: 	: 	: 	: 	: 	: 	: 	: 	: 	: 	: 	: 	: 	: 	: 	: 	: 	: 	: 	: 	: 	: 	: 	: 	: 	: 	: 	: 	: 	: 	: 	: 	: 	: 	: 	: 	: 	: 	: 	: 	: 	: 	: 	: 	: 	: 	: 	: 	: 	: 	: 	: 	: 	: 	: 	: 	: 	: 	: 	: 	: 	: 	: 	: 	: 	: 	: 	: 	: 	: 	: 	26 	35 	27 	12 	9 	8 	9 	11 	12 	12 	9 	9 	9 	8 	4 	: 	100 	: 	: 	: 	: 	: 	: 	: 	: 	: 	: 	: 	: 	: 	: 	: 	: 	: 	: 	: 	: 	: 	: 	: 	: 	: 	: 	: 	: 	: 	: 	: 	: 	: 	: 	: 	: 	: 	: 	: 	: 	: 	: 	: 	: 	: 	: 	: 	: 	: 	: 	: 	: 	: 	: 	: 	: 	: 	: 	: 	: 	: 	: 	: 	: 	: 	: 	: 	: 	: 	: 	: 	: 	: 	: 	: 	: 	: 	: 	: 	: 	: 	: 	: 	: 	: 	: 	: 	: 	: 	: 	: 	: 	: 	: 	: 	: 	: 	: 	: 	: 	: 	: 	: 	: 	: 	: 	: 	: 	: 	: 	: 	: 	: 	: 	: 	: 	: 	: 	: 	: 	: 	: 	: 	: 	: 	: 	: 
FLIGHT,CAF_PAS_DEP,SK_LZIB_ES_LEAL	: 	: 	: 	: 	: 	: 	: 	: 	: 	: 	: 	: 	: 	: 	: 	: 	: 	: 	: 	: 	: 	: 	: 	: 	: 	: 	: 	: 	: 	: 	: 	: 	: 	: 	: 	: 	: 	: 	: 	: 	: 	: 	: 	: 	: 	: 	: 	: 	: 	: 	: 	: 	: 	: 	: 	: 	: 	: 	: 	: 	: 	: 	: 	: 	: 	: 	: 	: 	: 	: 	: 	: 	: 	: 	: 	: 	: 	: 	: 	: 	: 	: 	: 	: 	: 	: 	: 	: 	: 	: 	: 	: 	: 	: 	12 	39 	39 	27 	: 	: 	12 	13 	13 	13 	13 	14 	12 	11 	8 	8 	117 	23 	28 	25 	26 	6 	9 	8 	9 	10 	9 	8 	9 	8 	9 	8 	9 	102 	26 	33 	8 	: 	7 	9 	10 	8 	16 	9 	8 	: 	: 	: 	: 	: 	67 	: 	: 	: 	: 	: 	: 	: 	: 	: 	: 	: 	: 	: 	: 	: 	: 	: 	: 	: 	: 	: 	: 	: 	: 	: 	: 	: 	: 	: 	: 	: 	: 	: 	: 	: 	: 	: 	: 	: 	: 	: 	: 	: 	: 	: 	: 	: 	: 	: 	: 	: 	: 	: 	: 	: 	: 	: 	: 	: 	: 	: 	: 	: 	: 	: 	: 	: 	: 	: 	: 	: 	: 	: 	: 	: 	: 	: 	: 	: 	: 	: 	: 	: 	: 	: 	: 	: 	: 	: 	: 	: 	: 	: 
FLIGHT,CAF_PAS_DEP,SK_LZIB_ES_LEBL	: 	: 	: 	: 	: 	: 	: 	: 	: 	: 	: 	: 	: 	: 	: 	: 	: 	: 	: 	: 	: 	: 	: 	: 	: 	: 	: 	: 	: 	: 	: 	: 	: 	: 	: 	: 	: 	: 	: 	: 	: 	: 	: 	: 	: 	: 	: 	: 	: 	: 	: 	: 	: 	: 	: 	: 	: 	: 	: 	: 	: 	: 	: 	: 	: 	: 	: 	: 	: 	: 	: 	: 	: 	: 	: 	: 	: 	: 	: 	: 	: 	: 	: 	: 	: 	: 	: 	: 	: 	: 	: 	: 	: 	: 	: 	: 	: 	: 	: 	: 	: 	: 	: 	: 	: 	: 	: 	: 	: 	: 	: 	: 	: 	: 	: 	: 	: 	: 	: 	: 	: 	: 	: 	: 	: 	: 	: 	: 	: 	: 	: 	: 	: 	: 	: 	: 	: 	: 	: 	: 	: 	: 	: 	: 	: 	: 	: 	: 	: 	: 	: 	: 	: 	: 	: 	: 	: 	: 	: 	: 	: 	: 	27 	53 	43 	28 	4 	4 	19 	18 	17 	18 	17 	14 	12 	10 	9 	9 	151 	31 	68 	45 	27 	9 	8 	14 	22 	23 	23 	20 	13 	12 	8 	8 	11 	171 	: 	: 	: 	: 	: 	: 	: 	: 	: 	: 	: 	: 	: 	: 	: 	: 	: 	: 	: 	: 	: 	: 	: 	: 	: 	: 	: 	: 	: 	: 	: 	: 	: 	: 	: 	: 	: 	: 	: 	: 	: 	: 
FLIGHT,CAF_PAS_DEP,SK_LZIB_ES_LEGE	26 	26 	14 	9 	9 	8 	9 	8 	9 	26 	37 	26 	25 	9 	8 	9 	9 	19 	9 	8 	9 	9 	7 	9 	9 	114 	25 	35 	26 	26 	7 	9 	9 	8 	18 	9 	9 	9 	8 	10 	8 	8 	112 	26 	35 	26 	: 	9 	8 	9 	8 	14 	13 	9 	8 	9 	: 	: 	: 	87 	10 	26 	25 	5 	: 	1 	9 	9 	8 	9 	9 	9 	7 	5 	: 	: 	66 	11 	30 	26 	2 	: 	: 	11 	12 	9 	9 	8 	9 	9 	2 	: 	: 	69 	8 	26 	27 	14 	: 	: 	8 	9 	8 	9 	10 	9 	8 	14 	: 	: 	75 	12 	40 	37 	39 	: 	: 	12 	13 	14 	13 	13 	13 	11 	14 	12 	13 	128 	35 	27 	26 	1 	13 	12 	10 	9 	9 	9 	8 	9 	9 	1 	: 	: 	89 	14 	60 	54 	53 	: 	: 	14 	19 	21 	20 	20 	17 	17 	18 	17 	18 	181 	: 	: 	: 	: 	: 	: 	: 	: 	: 	: 	: 	: 	: 	: 	: 	: 	: 	: 	: 	: 	: 	: 	: 	: 	: 	: 	: 	: 	: 	: 	: 	: 	: 	: 	: 	: 	: 	: 	: 	: 	: 	: 	: 	: 	: 	: 	: 	: 	: 	: 	: 	: 	: 	: 	: 	: 	: 	: 	: 	: 	: 	: 	: 	: 	: 	: 	: 	: 	: 	: 	: 	: 	: 	: 	: 	: 
FLIGHT,CAF_PAS_DEP,SK_LZIB_ES_LEMD	28 	30 	9 	9 	9 	10 	9 	11 	10 	32 	40 	39 	40 	11 	8 	13 	13 	14 	13 	13 	13 	13 	13 	13 	14 	151 	43 	40 	40 	1 	14 	16 	13 	13 	13 	14 	14 	13 	13 	1 	: 	: 	124 	: 	: 	: 	: 	: 	: 	: 	: 	: 	: 	: 	: 	: 	: 	: 	: 	: 	: 	: 	: 	: 	: 	: 	: 	: 	: 	: 	: 	: 	: 	: 	: 	: 	: 	: 	: 	: 	: 	: 	: 	: 	: 	: 	: 	: 	: 	: 	: 	: 	: 	: 	: 	: 	: 	: 	: 	: 	: 	: 	: 	: 	: 	: 	: 	: 	: 	: 	: 	: 	: 	: 	: 	: 	: 	: 	: 	: 	: 	: 	: 	: 	: 	: 	: 	: 	: 	: 	: 	: 	: 	: 	: 	: 	: 	: 	: 	: 	: 	: 	: 	: 	: 	: 	: 	: 	: 	: 	: 	: 	: 	: 	: 	: 	: 	: 	: 	: 	: 	: 	: 	: 	: 	: 	: 	: 	: 	: 	: 	: 	: 	: 	: 	: 	: 	: 	: 	: 	: 	: 	: 	: 	: 	: 	: 	: 	: 	: 	: 	: 	: 	: 	: 	: 	: 	: 	: 	: 	: 	: 	: 	: 	: 	: 	: 	: 	: 	: 	: 	: 	: 	: 	: 	: 	: 	: 	: 	: 	: 	: 	: 	: 	: 	: 	: 	: 	: 	: 	: 	: 	: 	: 	: 	: 	: 	: 
FLIGHT,CAF_PAS_DEP,SK_LZIB_ES_LEMG	: 	: 	: 	: 	: 	: 	: 	: 	: 	8 	40 	31 	5 	: 	: 	8 	12 	15 	13 	11 	9 	11 	4 	1 	: 	84 	13 	44 	29 	2 	: 	3 	10 	12 	14 	18 	11 	10 	8 	1 	1 	: 	88 	11 	40 	29 	2 	: 	2 	9 	11 	15 	14 	11 	9 	9 	1 	1 	: 	82 	10 	39 	31 	2 	: 	1 	9 	12 	13 	14 	14 	9 	8 	2 	: 	: 	82 	11 	61 	49 	3 	: 	: 	11 	21 	21 	19 	21 	15 	13 	3 	: 	: 	124 	8 	34 	28 	27 	: 	: 	8 	9 	12 	13 	11 	9 	8 	10 	8 	9 	97 	: 	: 	: 	: 	: 	: 	: 	: 	: 	: 	: 	: 	: 	: 	: 	: 	: 	: 	: 	: 	: 	: 	: 	: 	: 	: 	: 	: 	: 	: 	: 	: 	: 	: 	: 	: 	: 	: 	: 	: 	: 	: 	: 	: 	: 	: 	: 	: 	: 	: 	: 	: 	: 	: 	: 	: 	: 	: 	: 	: 	: 	: 	: 	: 	: 	: 	: 	: 	: 	: 	: 	: 	: 	: 	: 	: 	: 	: 	: 	: 	: 	: 	: 	: 	: 	: 	: 	: 	: 	: 	: 	: 	: 	: 	: 	: 	: 	: 	: 	: 	: 	: 	: 	: 	: 	: 	: 	: 	: 	: 	: 	: 	: 	: 	: 	: 	: 	: 	: 	: 	: 	: 	: 	: 	: 	: 	: 
FLIGHT,CAF_PAS_DEP,SK_LZIB_ES_LEPA	: 	: 	: 	: 	: 	: 	: 	: 	: 	9 	62 	37 	: 	: 	: 	9 	16 	22 	24 	19 	9 	9 	: 	: 	: 	108 	10 	52 	32 	1 	: 	1 	9 	15 	19 	18 	15 	9 	8 	1 	: 	: 	95 	7 	51 	26 	: 	: 	2 	5 	15 	17 	19 	13 	9 	4 	: 	: 	: 	84 	11 	73 	37 	3 	: 	2 	9 	22 	25 	26 	20 	8 	9 	2 	1 	: 	124 	8 	68 	37 	2 	: 	: 	8 	18 	28 	22 	20 	9 	8 	2 	: 	: 	115 	17 	102 	68 	2 	: 	: 	17 	26 	37 	39 	31 	18 	19 	2 	: 	: 	189 	19 	82 	40 	: 	: 	: 	19 	23 	29 	30 	25 	15 	: 	: 	: 	: 	141 	: 	: 	: 	: 	: 	: 	: 	: 	: 	: 	: 	: 	: 	: 	: 	: 	: 	: 	: 	: 	: 	: 	: 	: 	: 	: 	: 	: 	: 	: 	: 	: 	: 	: 	: 	: 	: 	: 	: 	: 	: 	: 	: 	: 	: 	: 	: 	: 	: 	: 	: 	: 	: 	: 	: 	: 	: 	: 	: 	: 	: 	: 	: 	: 	: 	: 	: 	: 	: 	: 	: 	: 	: 	: 	: 	: 	: 	: 	: 	: 	: 	: 	: 	: 	: 	: 	: 	: 	: 	: 	: 	: 	: 	: 	: 	: 	: 	: 	: 	: 	: 	: 	: 	: 	: 	: 	: 	: 	: 	: 
FLIGHT,CAF_PAS_DEP,SK_LZIB_FR_LFMN	: 	: 	: 	: 	: 	: 	: 	: 	: 	: 	: 	: 	: 	: 	: 	: 	: 	: 	: 	: 	: 	: 	: 	: 	: 	: 	: 	: 	: 	: 	: 	: 	: 	: 	: 	: 	: 	: 	: 	: 	: 	: 	: 	: 	: 	: 	: 	: 	: 	: 	: 	: 	: 	: 	: 	: 	: 	: 	: 	: 	: 	: 	: 	: 	: 	: 	: 	: 	: 	: 	: 	: 	: 	: 	: 	: 	: 	: 	: 	: 	: 	: 	: 	: 	: 	: 	: 	: 	: 	: 	: 	: 	: 	: 	: 	: 	: 	: 	: 	: 	: 	: 	: 	: 	: 	: 	: 	: 	: 	: 	: 	: 	: 	: 	: 	: 	: 	: 	: 	: 	: 	: 	: 	: 	: 	: 	: 	: 	: 	: 	: 	: 	: 	: 	: 	: 	: 	: 	: 	: 	: 	: 	: 	: 	: 	: 	: 	: 	: 	: 	: 	: 	: 	: 	: 	: 	: 	: 	: 	: 	: 	: 	: 	: 	: 	: 	: 	: 	: 	: 	: 	: 	: 	: 	: 	: 	: 	: 	: 	17 	61 	63 	40 	: 	: 	17 	23 	20 	18 	19 	25 	19 	16 	11 	13 	181 	: 	: 	: 	: 	: 	: 	: 	: 	: 	: 	: 	: 	: 	: 	: 	: 	: 	: 	: 	: 	: 	: 	: 	: 	: 	: 	: 	: 	: 	: 	: 	: 	: 	: 	: 	: 	: 	: 	: 	: 	: 	: 
FLIGHT,CAF_PAS_DEP,SK_LZIB_FR_LFOB	: 	: 	: 	: 	: 	: 	: 	: 	: 	16 	37 	33 	: 	: 	3 	13 	12 	13 	12 	9 	11 	13 	: 	: 	: 	86 	15 	39 	38 	1 	: 	1 	14 	13 	13 	13 	13 	13 	12 	1 	: 	: 	93 	7 	39 	36 	1 	: 	: 	7 	12 	14 	13 	10 	13 	13 	1 	: 	: 	83 	11 	39 	38 	1 	: 	: 	11 	13 	13 	13 	12 	14 	12 	1 	: 	: 	89 	15 	51 	52 	37 	: 	: 	15 	15 	18 	18 	17 	17 	18 	11 	13 	13 	155 	42 	53 	52 	39 	13 	12 	17 	17 	18 	18 	17 	18 	17 	14 	12 	13 	186 	44 	50 	48 	52 	14 	13 	17 	16 	18 	16 	17 	18 	13 	18 	16 	18 	194 	: 	: 	: 	: 	: 	: 	: 	: 	: 	: 	: 	: 	: 	: 	: 	: 	: 	: 	: 	: 	: 	: 	: 	: 	: 	: 	: 	: 	: 	: 	: 	: 	: 	: 	: 	: 	: 	: 	: 	: 	: 	: 	: 	: 	: 	: 	: 	: 	: 	: 	: 	: 	: 	: 	: 	: 	: 	: 	: 	: 	: 	: 	: 	: 	: 	: 	: 	: 	: 	: 	: 	: 	: 	: 	: 	: 	: 	: 	: 	: 	: 	: 	: 	: 	: 	: 	: 	: 	: 	: 	: 	: 	: 	: 	: 	: 	: 	: 	: 	: 	: 	: 	: 	: 	: 	: 	: 	: 	: 	: 
FLIGHT,CAF_PAS_DEP,SK_LZIB_FR_LFPO	: 	: 	: 	: 	: 	: 	: 	: 	: 	: 	: 	: 	: 	: 	: 	: 	: 	: 	: 	: 	: 	: 	: 	: 	: 	: 	: 	: 	: 	: 	: 	: 	: 	: 	: 	: 	: 	: 	: 	: 	: 	: 	: 	: 	: 	: 	: 	: 	: 	: 	: 	: 	: 	: 	: 	: 	: 	: 	: 	: 	: 	: 	: 	: 	: 	: 	: 	: 	: 	: 	: 	: 	: 	: 	: 	: 	: 	: 	: 	: 	: 	: 	: 	: 	: 	: 	: 	: 	: 	: 	: 	: 	: 	: 	: 	: 	: 	: 	: 	: 	: 	: 	: 	: 	: 	: 	: 	: 	: 	: 	: 	: 	: 	: 	: 	: 	: 	: 	: 	: 	: 	: 	: 	: 	: 	: 	: 	: 	: 	63 	135 	128 	: 	: 	: 	: 	36 	27 	33 	49 	53 	46 	37 	45 	326 	159 	88 	149 	148 	53 	55 	51 	35 	26 	27 	36 	57 	56 	54 	45 	49 	544 	139 	83 	129 	114 	46 	48 	45 	29 	27 	27 	35 	48 	46 	46 	36 	32 	465 	137 	103 	145 	130 	42 	43 	52 	41 	31 	31 	42 	54 	49 	50 	40 	40 	515 	: 	: 	: 	: 	: 	: 	: 	: 	: 	: 	: 	: 	: 	: 	: 	: 	: 	: 	: 	: 	: 	: 	: 	: 	: 	: 	: 	: 	: 	: 	: 	: 	: 	: 	: 	: 	: 	: 	: 	: 	: 	: 
FLIGHT,CAF_PAS_DEP,SK_LZIB_FR_LFSB	: 	: 	: 	: 	: 	: 	: 	: 	: 	: 	: 	: 	: 	: 	: 	: 	: 	: 	: 	: 	: 	: 	: 	: 	: 	: 	: 	: 	: 	: 	: 	: 	: 	: 	: 	: 	: 	: 	: 	: 	: 	: 	: 	: 	: 	: 	: 	: 	: 	: 	: 	: 	: 	: 	: 	: 	: 	: 	: 	: 	: 	: 	: 	: 	: 	: 	: 	: 	: 	: 	: 	: 	: 	: 	: 	: 	: 	: 	: 	: 	: 	: 	: 	: 	: 	: 	: 	: 	: 	: 	: 	: 	: 	: 	: 	: 	: 	: 	: 	: 	: 	: 	: 	: 	: 	: 	: 	: 	: 	: 	: 	: 	: 	: 	: 	: 	: 	: 	: 	: 	: 	: 	: 	: 	: 	: 	: 	: 	: 	: 	: 	: 	: 	: 	: 	: 	: 	: 	: 	: 	: 	: 	: 	: 	: 	: 	: 	: 	: 	: 	: 	: 	: 	: 	: 	: 	: 	: 	: 	: 	: 	: 	15 	53 	53 	49 	: 	: 	15 	17 	18 	18 	17 	18 	18 	17 	16 	16 	170 	51 	52 	52 	43 	16 	17 	18 	17 	17 	18 	17 	18 	17 	17 	11 	15 	198 	: 	: 	: 	: 	: 	: 	: 	: 	: 	: 	: 	: 	: 	: 	: 	: 	: 	: 	: 	: 	: 	: 	: 	: 	: 	: 	: 	: 	: 	: 	: 	: 	: 	: 	: 	: 	: 	: 	: 	: 	: 	: 
FLIGHT,CAF_PAS_DEP,SK_LZIB_IE_EICK	: 	: 	: 	: 	: 	: 	: 	: 	: 	: 	: 	: 	: 	: 	: 	: 	: 	: 	: 	: 	: 	: 	: 	: 	: 	: 	: 	: 	: 	: 	: 	: 	: 	: 	: 	: 	: 	: 	: 	: 	: 	: 	: 	: 	: 	: 	: 	: 	: 	: 	: 	: 	: 	: 	: 	: 	: 	: 	: 	: 	: 	: 	: 	: 	: 	: 	: 	: 	: 	: 	: 	: 	: 	: 	: 	: 	: 	: 	: 	: 	: 	: 	: 	: 	: 	: 	: 	: 	: 	: 	: 	: 	: 	: 	: 	: 	: 	: 	: 	: 	: 	: 	: 	: 	: 	: 	: 	: 	: 	: 	: 	: 	: 	: 	: 	: 	: 	: 	: 	: 	: 	: 	: 	: 	: 	: 	: 	: 	: 	: 	: 	: 	: 	: 	: 	: 	: 	: 	: 	: 	: 	: 	: 	: 	: 	7 	40 	39 	39 	: 	: 	7 	13 	13 	14 	12 	14 	13 	13 	12 	14 	125 	: 	: 	: 	: 	: 	: 	: 	: 	: 	: 	: 	: 	: 	: 	: 	: 	: 	: 	: 	: 	: 	: 	: 	: 	: 	: 	: 	: 	: 	: 	: 	: 	: 	: 	: 	: 	: 	: 	: 	: 	: 	: 	: 	: 	: 	: 	: 	: 	: 	: 	: 	: 	: 	: 	: 	: 	: 	: 	: 	: 	: 	: 	: 	: 	: 	: 	: 	: 	: 	: 	: 	: 	: 	: 	: 	: 
FLIGHT,CAF_PAS_DEP,SK_LZIB_IE_EIDW	93 	92 	31 	30 	31 	32 	32 	28 	32 	99 	95 	90 	92 	32 	36 	31 	33 	31 	31 	29 	31 	30 	32 	29 	31 	376 	91 	96 	92 	91 	30 	30 	31 	31 	32 	33 	30 	31 	31 	31 	29 	31 	370 	90 	79 	69 	68 	32 	31 	27 	26 	26 	27 	26 	22 	21 	23 	20 	25 	306 	76 	79 	78 	62 	27 	22 	27 	26 	26 	27 	25 	26 	27 	23 	18 	21 	295 	61 	70 	76 	59 	23 	19 	19 	20 	26 	24 	23 	27 	26 	20 	18 	21 	266 	56 	69 	65 	70 	21 	17 	18 	24 	23 	22 	22 	22 	21 	22 	22 	26 	260 	71 	75 	61 	51 	22 	22 	27 	22 	27 	26 	24 	20 	17 	18 	16 	17 	258 	58 	57 	52 	39 	19 	18 	21 	21 	18 	18 	17 	18 	17 	14 	12 	13 	206 	87 	175 	144 	145 	18 	26 	43 	51 	62 	62 	48 	48 	48 	49 	47 	49 	551 	134 	97 	95 	92 	49 	47 	38 	35 	31 	31 	30 	36 	29 	33 	28 	31 	418 	94 	80 	77 	39 	34 	32 	28 	25 	29 	26 	26 	26 	25 	13 	11 	15 	290 	: 	: 	: 	: 	: 	: 	: 	: 	: 	: 	: 	: 	: 	: 	: 	: 	: 	: 	: 	: 	: 	: 	: 	: 	: 	: 	: 	: 	: 	: 	: 	: 	: 	: 	: 	: 	: 	: 	: 	: 	: 	: 
FLIGHT,CAF_PAS_DEP,SK_LZIB_IN_VIAR	: 	: 	: 	: 	: 	: 	: 	: 	: 	: 	: 	: 	: 	: 	: 	: 	: 	: 	: 	: 	: 	: 	: 	: 	: 	: 	: 	: 	: 	: 	: 	: 	: 	: 	: 	: 	: 	: 	: 	: 	: 	: 	: 	: 	: 	: 	: 	: 	: 	: 	: 	: 	: 	: 	: 	: 	: 	: 	: 	: 	: 	: 	: 	: 	: 	: 	: 	: 	: 	: 	: 	: 	: 	: 	: 	: 	: 	: 	: 	: 	: 	: 	: 	: 	: 	: 	: 	: 	: 	: 	: 	: 	: 	: 	: 	: 	: 	: 	: 	: 	: 	: 	: 	: 	: 	: 	: 	: 	: 	: 	: 	: 	: 	: 	: 	: 	: 	: 	: 	: 	: 	: 	: 	: 	: 	: 	: 	: 	: 	: 	: 	: 	: 	: 	: 	: 	: 	: 	: 	: 	: 	: 	: 	: 	: 	19 	: 	13 	39 	9 	7 	3 	: 	: 	: 	1 	2 	10 	13 	13 	13 	71 	: 	: 	: 	: 	: 	: 	: 	: 	: 	: 	: 	: 	: 	: 	: 	: 	: 	: 	: 	: 	: 	: 	: 	: 	: 	: 	: 	: 	: 	: 	: 	: 	: 	: 	: 	: 	: 	: 	: 	: 	: 	: 	: 	: 	: 	: 	: 	: 	: 	: 	: 	: 	: 	: 	: 	: 	: 	: 	: 	: 	: 	: 	: 	: 	: 	: 	: 	: 	: 	: 	: 	: 	: 	: 	: 	: 
FLIGHT,CAF_PAS_DEP,SK_LZIB_IT_LICT	: 	: 	: 	: 	: 	: 	: 	: 	: 	8 	26 	26 	: 	: 	: 	8 	9 	8 	9 	9 	9 	8 	: 	: 	: 	60 	: 	: 	: 	: 	: 	: 	: 	: 	: 	: 	: 	: 	: 	: 	: 	: 	: 	10 	26 	26 	: 	: 	1 	9 	8 	9 	9 	9 	8 	9 	: 	: 	: 	62 	: 	: 	: 	: 	: 	: 	: 	: 	: 	: 	: 	: 	: 	: 	: 	: 	: 	: 	: 	: 	: 	: 	: 	: 	: 	: 	: 	: 	: 	: 	: 	: 	: 	: 	: 	: 	: 	: 	: 	: 	: 	: 	: 	: 	: 	: 	: 	: 	: 	: 	: 	: 	: 	: 	: 	: 	: 	: 	: 	: 	: 	: 	: 	: 	: 	: 	: 	: 	: 	: 	: 	: 	: 	: 	: 	: 	: 	: 	: 	: 	: 	: 	: 	: 	: 	: 	: 	: 	: 	: 	: 	: 	: 	: 	: 	: 	: 	: 	: 	: 	: 	: 	: 	: 	: 	: 	: 	: 	: 	: 	: 	: 	: 	: 	: 	: 	: 	: 	: 	: 	: 	: 	: 	: 	: 	: 	: 	: 	: 	: 	: 	: 	: 	: 	: 	: 	: 	: 	: 	: 	: 	: 	: 	: 	: 	: 	: 	: 	: 	: 	: 	: 	: 	: 	: 	: 	: 	: 	: 	: 	: 	: 	: 	: 	: 	: 	: 	: 	: 	: 	: 	: 	: 	: 	: 	: 	: 	: 
FLIGHT,CAF_PAS_DEP,SK_LZIB_IT_LIEA	: 	: 	: 	: 	: 	: 	: 	: 	: 	9 	26 	26 	27 	: 	: 	9 	8 	9 	9 	8 	9 	9 	9 	8 	10 	88 	25 	26 	26 	26 	11 	7 	7 	9 	9 	8 	9 	9 	8 	9 	8 	9 	103 	29 	31 	26 	26 	9 	9 	11 	14 	8 	9 	9 	9 	8 	9 	8 	9 	112 	26 	27 	26 	2 	9 	8 	9 	9 	9 	9 	8 	9 	9 	2 	: 	: 	81 	: 	: 	: 	: 	: 	: 	: 	: 	: 	: 	: 	: 	: 	: 	: 	: 	: 	: 	: 	: 	: 	: 	: 	: 	: 	: 	: 	: 	: 	: 	: 	: 	: 	: 	: 	: 	: 	: 	: 	: 	: 	: 	: 	: 	: 	: 	: 	: 	: 	: 	: 	: 	: 	: 	: 	: 	: 	: 	: 	: 	: 	: 	: 	: 	: 	: 	: 	: 	: 	: 	: 	: 	: 	: 	: 	: 	: 	: 	: 	: 	: 	: 	: 	: 	: 	: 	: 	: 	: 	: 	: 	: 	: 	: 	: 	: 	: 	: 	: 	: 	: 	: 	: 	: 	: 	: 	: 	: 	: 	: 	: 	: 	: 	: 	: 	: 	: 	: 	: 	: 	: 	: 	: 	: 	: 	: 	: 	: 	: 	: 	: 	: 	: 	: 	: 	: 	: 	: 	: 	: 	: 	: 	: 	: 	: 	: 	: 	: 	: 	: 	: 	: 	: 	: 	: 	: 	: 	: 	: 	: 	: 
FLIGHT,CAF_PAS_DEP,SK_LZIB_IT_LIME	52 	52 	18 	17 	18 	17 	17 	16 	19 	55 	53 	51 	54 	18 	18 	19 	17 	18 	18 	16 	18 	17 	17 	17 	20 	213 	55 	53 	53 	51 	20 	18 	17 	17 	18 	18 	18 	18 	17 	18 	16 	17 	212 	53 	53 	40 	64 	18 	17 	18 	18 	17 	18 	16 	7 	17 	22 	20 	22 	210 	65 	66 	65 	65 	21 	22 	22 	21 	23 	22 	21 	22 	22 	22 	19 	24 	261 	70 	73 	58 	66 	22 	21 	27 	25 	25 	23 	21 	21 	16 	22 	20 	24 	267 	66 	67 	65 	90 	24 	21 	21 	23 	22 	22 	21 	22 	22 	29 	28 	33 	288 	85 	72 	59 	101 	32 	30 	23 	21 	23 	28 	20 	21 	18 	30 	35 	36 	317 	105 	106 	100 	151 	35 	35 	35 	35 	35 	36 	33 	33 	34 	53 	48 	50 	462 	136 	92 	99 	108 	50 	51 	35 	30 	31 	31 	32 	33 	34 	37 	38 	33 	435 	90 	107 	111 	200 	28 	27 	35 	34 	37 	36 	34 	37 	40 	63 	64 	73 	508 	204 	205 	203 	221 	70 	63 	71 	69 	68 	68 	65 	69 	69 	79 	70 	72 	833 	: 	: 	: 	: 	: 	: 	: 	: 	: 	: 	: 	: 	: 	: 	: 	: 	: 	: 	: 	: 	: 	: 	: 	: 	: 	: 	: 	: 	: 	: 	: 	: 	: 	: 	: 	: 	: 	: 	: 	: 	: 	: 
FLIGHT,CAF_PAS_DEP,SK_LZIB_IT_LIPE	: 	: 	: 	: 	: 	: 	: 	: 	: 	: 	: 	: 	: 	: 	: 	: 	: 	: 	: 	: 	: 	: 	: 	: 	: 	: 	: 	: 	: 	: 	: 	: 	: 	: 	: 	: 	: 	: 	: 	: 	: 	: 	: 	: 	: 	: 	: 	: 	: 	: 	: 	: 	: 	: 	: 	: 	: 	: 	: 	: 	: 	: 	: 	: 	: 	: 	: 	: 	: 	: 	: 	: 	: 	: 	: 	: 	: 	: 	: 	: 	: 	: 	: 	: 	: 	: 	: 	: 	: 	: 	: 	: 	: 	: 	: 	: 	: 	: 	: 	: 	: 	: 	: 	: 	: 	: 	: 	: 	: 	: 	: 	14 	47 	49 	75 	1 	: 	13 	14 	15 	18 	17 	17 	15 	24 	25 	26 	185 	: 	: 	: 	: 	: 	: 	: 	: 	: 	: 	: 	: 	: 	: 	: 	: 	: 	: 	: 	: 	: 	: 	: 	: 	: 	: 	: 	: 	: 	: 	: 	: 	: 	: 	: 	: 	: 	: 	: 	: 	: 	: 	: 	: 	: 	: 	: 	: 	: 	: 	: 	: 	: 	: 	: 	: 	: 	: 	: 	: 	: 	: 	: 	: 	: 	: 	: 	: 	: 	: 	: 	: 	: 	: 	: 	: 	: 	: 	: 	: 	: 	: 	: 	: 	: 	: 	: 	: 	: 	: 	: 	: 	: 	: 	: 	: 	: 	: 	: 	: 	: 	: 	: 	: 	: 	: 	: 	: 	: 	: 
FLIGHT,CAF_PAS_DEP,SK_LZIB_IT_LIRA	41 	40 	13 	14 	15 	12 	14 	12 	14 	31 	40 	38 	40 	12 	13 	6 	13 	14 	13 	12 	13 	13 	14 	12 	14 	149 	43 	55 	53 	39 	14 	11 	18 	19 	18 	18 	17 	18 	18 	14 	11 	14 	190 	43 	52 	56 	29 	12 	14 	17 	17 	18 	17 	19 	19 	18 	12 	9 	8 	180 	34 	40 	40 	26 	9 	10 	15 	14 	13 	13 	14 	14 	12 	9 	9 	8 	140 	31 	37 	40 	41 	7 	8 	16 	10 	14 	13 	13 	13 	14 	16 	11 	14 	149 	41 	46 	42 	42 	14 	14 	13 	14 	17 	15 	14 	15 	13 	16 	13 	13 	171 	45 	40 	36 	39 	14 	15 	16 	13 	13 	14 	13 	13 	10 	14 	12 	13 	160 	: 	: 	: 	: 	: 	: 	: 	: 	: 	: 	: 	: 	: 	: 	: 	: 	: 	: 	: 	: 	: 	: 	: 	: 	: 	: 	: 	: 	: 	: 	: 	: 	: 	: 	: 	: 	: 	: 	: 	: 	: 	: 	: 	: 	: 	: 	: 	: 	: 	: 	: 	: 	: 	: 	: 	: 	: 	: 	: 	: 	: 	: 	: 	: 	: 	: 	: 	: 	: 	: 	: 	: 	: 	: 	: 	: 	: 	: 	: 	: 	: 	: 	: 	: 	: 	: 	: 	: 	: 	: 	: 	: 	: 	: 	: 	: 	: 	: 	: 	: 	: 	: 	: 	: 	: 	: 	: 	: 	: 	: 
FLIGHT,CAF_PAS_DEP,SK_LZIB_IT_LIRF	: 	: 	: 	: 	: 	: 	: 	: 	: 	: 	: 	: 	: 	: 	: 	: 	: 	: 	: 	: 	: 	: 	: 	: 	: 	: 	: 	: 	: 	: 	: 	: 	: 	: 	: 	: 	: 	: 	: 	: 	: 	: 	: 	: 	: 	: 	: 	: 	: 	: 	: 	: 	: 	: 	: 	: 	: 	: 	: 	: 	: 	: 	: 	: 	: 	: 	: 	: 	: 	: 	: 	: 	: 	: 	: 	: 	: 	: 	: 	: 	: 	: 	: 	: 	: 	: 	: 	: 	: 	: 	: 	: 	: 	: 	: 	: 	: 	: 	: 	: 	: 	: 	: 	: 	: 	: 	: 	: 	: 	: 	: 	: 	: 	: 	: 	: 	: 	: 	: 	: 	: 	: 	: 	: 	: 	: 	: 	: 	51 	42 	79 	77 	16 	18 	17 	7 	17 	18 	20 	29 	30 	31 	24 	22 	249 	91 	56 	83 	89 	30 	30 	31 	21 	18 	17 	22 	31 	30 	31 	29 	29 	319 	84 	57 	74 	63 	30 	27 	27 	21 	18 	18 	22 	26 	26 	27 	16 	20 	278 	75 	68 	76 	55 	25 	24 	26 	24 	21 	23 	24 	26 	26 	23 	16 	16 	274 	: 	: 	: 	: 	: 	: 	: 	: 	: 	: 	: 	: 	: 	: 	: 	: 	: 	: 	: 	: 	: 	: 	: 	: 	: 	: 	: 	: 	: 	: 	: 	: 	: 	: 	: 	: 	: 	: 	: 	: 	: 	: 
FLIGHT,CAF_PAS_DEP,SK_LZIB_IT_LIRP	: 	: 	: 	: 	: 	: 	: 	: 	: 	: 	: 	: 	: 	: 	: 	: 	: 	: 	: 	: 	: 	: 	: 	: 	: 	: 	: 	: 	: 	: 	: 	: 	: 	: 	: 	: 	: 	: 	: 	: 	: 	: 	: 	: 	: 	: 	: 	: 	: 	: 	: 	: 	: 	: 	: 	: 	: 	: 	: 	: 	: 	: 	: 	: 	: 	: 	: 	: 	: 	: 	: 	: 	: 	: 	: 	: 	: 	: 	: 	: 	: 	: 	: 	: 	: 	: 	: 	: 	: 	: 	: 	: 	: 	: 	: 	: 	: 	: 	: 	: 	: 	: 	: 	: 	: 	: 	: 	: 	: 	: 	: 	9 	27 	24 	26 	1 	: 	8 	9 	9 	9 	8 	8 	8 	8 	8 	10 	86 	: 	: 	: 	: 	: 	: 	: 	: 	: 	: 	: 	: 	: 	: 	: 	: 	: 	: 	: 	: 	: 	: 	: 	: 	: 	: 	: 	: 	: 	: 	: 	: 	: 	: 	: 	: 	: 	: 	: 	: 	: 	: 	: 	: 	: 	: 	: 	: 	: 	: 	: 	: 	: 	: 	: 	: 	: 	: 	: 	: 	: 	: 	: 	: 	: 	: 	: 	: 	: 	: 	: 	: 	: 	: 	: 	: 	: 	: 	: 	: 	: 	: 	: 	: 	: 	: 	: 	: 	: 	: 	: 	: 	: 	: 	: 	: 	: 	: 	: 	: 	: 	: 	: 	: 	: 	: 	: 	: 	: 	: 
FLIGHT,CAF_PAS_DEP,SK_LZIB_MK_LWSK	26 	26 	14 	9 	9 	8 	10 	7 	9 	25 	27 	26 	1 	8 	8 	9 	9 	9 	9 	8 	9 	9 	1 	: 	: 	79 	: 	: 	: 	: 	: 	: 	: 	: 	: 	: 	: 	: 	: 	: 	: 	: 	: 	: 	: 	: 	: 	: 	: 	: 	: 	: 	: 	: 	: 	: 	: 	: 	: 	: 	: 	: 	: 	: 	: 	: 	: 	: 	: 	: 	: 	: 	: 	: 	: 	: 	: 	: 	: 	: 	: 	: 	: 	: 	: 	: 	: 	: 	: 	: 	: 	: 	: 	: 	: 	: 	: 	: 	: 	: 	: 	: 	: 	: 	: 	: 	: 	: 	: 	: 	: 	: 	: 	: 	: 	: 	: 	: 	: 	: 	: 	: 	: 	: 	: 	: 	: 	: 	: 	: 	: 	: 	: 	: 	: 	: 	: 	: 	: 	: 	: 	: 	: 	: 	: 	: 	: 	: 	: 	: 	: 	: 	: 	: 	: 	: 	: 	: 	: 	: 	: 	: 	: 	: 	: 	: 	: 	: 	: 	: 	: 	: 	: 	: 	: 	: 	: 	: 	: 	: 	: 	: 	: 	: 	: 	: 	: 	: 	: 	: 	: 	: 	: 	: 	: 	: 	: 	: 	: 	: 	: 	: 	: 	: 	: 	: 	: 	: 	: 	: 	: 	: 	: 	: 	: 	: 	: 	: 	: 	: 	: 	: 	: 	: 	: 	: 	: 	: 	: 	: 	: 	: 	: 	: 	: 	: 	: 	: 
FLIGHT,CAF_PAS_DEP,SK_LZIB_NL_EHAM	: 	: 	: 	: 	: 	: 	: 	: 	: 	: 	: 	: 	: 	: 	: 	: 	: 	: 	: 	: 	: 	: 	: 	: 	: 	: 	: 	: 	: 	: 	: 	: 	: 	: 	: 	: 	: 	: 	: 	: 	: 	: 	: 	: 	: 	: 	: 	: 	: 	: 	: 	: 	: 	: 	: 	: 	: 	: 	: 	: 	: 	: 	: 	: 	: 	: 	: 	: 	: 	: 	: 	: 	: 	: 	: 	: 	: 	: 	: 	: 	: 	: 	: 	: 	: 	: 	: 	: 	: 	: 	: 	: 	: 	: 	: 	: 	: 	: 	: 	: 	: 	: 	: 	: 	: 	: 	: 	: 	: 	: 	: 	: 	: 	: 	: 	: 	: 	: 	: 	: 	: 	: 	: 	: 	: 	: 	: 	: 	: 	: 	: 	: 	: 	: 	: 	: 	: 	: 	: 	: 	: 	: 	: 	: 	: 	: 	: 	: 	: 	: 	: 	: 	: 	: 	: 	: 	: 	: 	: 	: 	: 	: 	27 	57 	84 	79 	: 	: 	27 	21 	18 	18 	22 	31 	31 	28 	24 	27 	247 	76 	81 	91 	72 	24 	22 	30 	28 	27 	26 	30 	31 	30 	27 	21 	24 	320 	: 	: 	: 	: 	: 	: 	: 	: 	: 	: 	: 	: 	: 	: 	: 	: 	: 	: 	: 	: 	: 	: 	: 	: 	: 	: 	: 	: 	: 	: 	: 	: 	: 	: 	: 	: 	: 	: 	: 	: 	: 	: 
FLIGHT,CAF_PAS_DEP,SK_LZIB_RO_LRBS	: 	: 	: 	: 	: 	: 	: 	: 	: 	: 	: 	: 	: 	: 	: 	: 	: 	: 	: 	: 	: 	: 	: 	: 	: 	: 	: 	: 	: 	: 	: 	: 	: 	: 	: 	: 	: 	: 	: 	: 	: 	: 	: 	: 	: 	: 	: 	: 	: 	: 	: 	: 	: 	: 	: 	: 	: 	: 	: 	: 	: 	: 	: 	: 	: 	: 	: 	: 	: 	: 	: 	: 	: 	: 	: 	: 	: 	: 	: 	: 	: 	: 	: 	: 	: 	: 	: 	: 	: 	: 	: 	: 	: 	: 	: 	: 	: 	: 	: 	: 	: 	: 	: 	: 	: 	: 	: 	: 	: 	: 	: 	: 	: 	: 	: 	: 	: 	: 	: 	: 	: 	: 	: 	: 	: 	: 	: 	: 	: 	: 	: 	: 	: 	: 	: 	: 	: 	: 	: 	: 	: 	: 	: 	: 	: 	: 	: 	: 	: 	: 	: 	: 	: 	: 	: 	: 	: 	: 	: 	: 	: 	: 	: 	: 	: 	: 	: 	: 	: 	: 	: 	: 	: 	: 	: 	: 	: 	: 	: 	47 	58 	53 	43 	15 	14 	18 	22 	18 	18 	17 	18 	18 	18 	13 	12 	201 	: 	: 	: 	: 	: 	: 	: 	: 	: 	: 	: 	: 	: 	: 	: 	: 	: 	: 	: 	: 	: 	: 	: 	: 	: 	: 	: 	: 	: 	: 	: 	: 	: 	: 	: 	: 	: 	: 	: 	: 	: 	: 
FLIGHT,CAF_PAS_DEP,SK_LZIB_RU_UUEE	: 	: 	: 	: 	: 	: 	: 	: 	: 	: 	: 	: 	: 	: 	: 	: 	: 	: 	: 	: 	: 	: 	: 	: 	: 	: 	: 	: 	: 	: 	: 	: 	: 	: 	: 	: 	: 	: 	: 	: 	: 	: 	: 	: 	: 	: 	: 	: 	: 	: 	: 	: 	: 	: 	: 	: 	: 	: 	: 	: 	: 	: 	: 	: 	: 	: 	: 	: 	: 	: 	: 	: 	: 	: 	: 	: 	: 	: 	: 	: 	: 	: 	: 	: 	: 	: 	: 	: 	: 	: 	: 	: 	: 	: 	: 	: 	: 	: 	: 	: 	: 	: 	: 	: 	: 	: 	: 	: 	: 	: 	: 	: 	: 	: 	: 	: 	: 	: 	: 	: 	: 	: 	: 	: 	: 	: 	: 	: 	: 	: 	: 	: 	: 	: 	: 	: 	: 	: 	: 	: 	: 	: 	: 	: 	: 	: 	: 	: 	: 	: 	: 	: 	: 	: 	: 	: 	: 	: 	: 	: 	: 	: 	: 	: 	: 	: 	: 	: 	: 	: 	: 	: 	: 	: 	: 	: 	: 	: 	: 	51 	52 	52 	51 	16 	17 	18 	17 	17 	18 	18 	18 	16 	17 	15 	19 	206 	: 	: 	: 	: 	: 	: 	: 	: 	: 	: 	: 	: 	: 	: 	: 	: 	: 	: 	: 	: 	: 	: 	: 	: 	: 	: 	: 	: 	: 	: 	: 	: 	: 	: 	: 	: 	: 	: 	: 	: 	: 	213 
FLIGHT,CAF_PAS_DEP,SK_LZIB_RU_UUWW	58 	61 	19 	20 	19 	19 	22 	16 	23 	67 	46 	75 	95 	21 	21 	25 	19 	14 	13 	15 	30 	30 	31 	32 	32 	283 	: 	: 	: 	: 	: 	: 	: 	: 	: 	: 	: 	: 	: 	: 	: 	: 	: 	: 	: 	: 	: 	: 	: 	: 	: 	: 	: 	: 	: 	: 	: 	: 	: 	: 	: 	: 	: 	: 	: 	: 	: 	: 	: 	: 	: 	: 	: 	: 	: 	: 	: 	69 	91 	84 	84 	20 	20 	29 	31 	29 	31 	28 	27 	29 	28 	29 	27 	328 	: 	: 	: 	: 	: 	: 	: 	: 	: 	: 	: 	: 	: 	: 	: 	: 	: 	: 	: 	: 	: 	: 	: 	: 	: 	: 	: 	: 	: 	: 	: 	: 	: 	: 	: 	: 	: 	: 	: 	: 	: 	: 	: 	: 	: 	: 	: 	: 	: 	: 	: 	: 	: 	: 	: 	: 	: 	: 	: 	: 	: 	: 	: 	: 	: 	: 	: 	: 	: 	: 	: 	: 	: 	: 	: 	: 	: 	: 	: 	: 	: 	: 	: 	: 	: 	: 	: 	: 	: 	: 	: 	: 	: 	: 	: 	: 	: 	: 	: 	: 	: 	: 	: 	: 	: 	: 	: 	: 	: 	: 	: 	: 	: 	: 	: 	: 	: 	: 	: 	: 	: 	: 	: 	: 	: 	: 	: 	: 	: 	: 	: 	: 	: 	: 	: 	: 	: 	: 	: 	: 	: 	: 	: 	: 
FLIGHT,CAF_PAS_DEP,SK_LZIB_SE_ESKN	: 	: 	: 	: 	: 	: 	: 	: 	: 	: 	: 	: 	: 	: 	: 	: 	: 	: 	: 	: 	: 	: 	: 	: 	: 	: 	: 	: 	: 	: 	: 	: 	: 	: 	: 	: 	: 	: 	: 	: 	: 	: 	: 	: 	: 	: 	: 	: 	: 	: 	: 	: 	: 	: 	: 	: 	: 	: 	: 	: 	: 	: 	: 	: 	: 	: 	: 	: 	: 	: 	: 	: 	: 	: 	: 	: 	: 	: 	: 	: 	: 	: 	: 	: 	: 	: 	: 	: 	: 	: 	: 	: 	: 	: 	: 	: 	: 	: 	: 	: 	: 	: 	: 	: 	: 	: 	: 	: 	: 	: 	: 	29 	40 	38 	38 	7 	9 	13 	13 	13 	14 	14 	13 	11 	13 	12 	13 	145 	36 	39 	39 	39 	14 	9 	13 	13 	13 	13 	13 	13 	13 	13 	12 	14 	153 	52 	74 	79 	65 	12 	13 	27 	30 	22 	22 	22 	31 	26 	22 	21 	22 	270 	: 	: 	: 	: 	: 	: 	: 	: 	: 	: 	: 	: 	: 	: 	: 	: 	: 	: 	: 	: 	: 	: 	: 	: 	: 	: 	: 	: 	: 	: 	: 	: 	: 	: 	: 	: 	: 	: 	: 	: 	: 	: 	: 	: 	: 	: 	: 	: 	: 	: 	: 	: 	: 	: 	: 	: 	: 	: 	: 	: 	: 	: 	: 	: 	: 	: 	: 	: 	: 	: 	: 	: 	: 	: 	: 	: 
FLIGHT,CAF_PAS_DEP,SK_LZIB_SK_LZKZ	: 	: 	: 	: 	: 	: 	: 	: 	: 	121 	99 	142 	118 	40 	47 	34 	37 	32 	30 	56 	43 	43 	48 	37 	33 	480 	126 	93 	114 	95 	44 	46 	36 	38 	27 	28 	42 	35 	37 	35 	34 	26 	428 	: 	: 	: 	: 	: 	: 	: 	: 	: 	: 	: 	: 	: 	: 	: 	: 	: 	: 	: 	: 	: 	: 	: 	: 	: 	: 	: 	: 	: 	: 	: 	: 	: 	: 	111 	146 	142 	125 	27 	33 	51 	45 	52 	49 	45 	51 	46 	50 	41 	34 	524 	136 	147 	169 	149 	41 	46 	49 	50 	50 	47 	54 	65 	50 	56 	48 	45 	601 	147 	182 	175 	188 	44 	47 	56 	58 	63 	61 	64 	58 	53 	69 	56 	63 	692 	206 	292 	378 	252 	70 	67 	69 	69 	107 	116 	123 	122 	133 	90 	75 	87 	1128 	254 	266 	296 	286 	78 	88 	88 	87 	89 	90 	92 	104 	100 	98 	92 	96 	1102 	279 	188 	217 	183 	85 	94 	100 	64 	62 	62 	68 	76 	73 	67 	55 	61 	867 	170 	178 	176 	174 	53 	58 	59 	57 	62 	59 	60 	62 	54 	63 	54 	57 	698 	: 	: 	: 	: 	: 	: 	: 	: 	: 	: 	: 	: 	: 	: 	: 	: 	: 	: 	: 	: 	: 	: 	: 	: 	: 	: 	: 	: 	: 	: 	: 	: 	: 	: 	: 	: 	: 	: 	: 	: 	: 	458 
FLIGHT,CAF_PAS_DEP,SK_LZIB_TN_DTMB	: 	: 	: 	: 	: 	: 	: 	: 	: 	: 	: 	: 	: 	: 	: 	: 	: 	: 	: 	: 	: 	: 	: 	: 	: 	: 	: 	: 	: 	: 	: 	: 	: 	: 	: 	: 	: 	: 	: 	: 	: 	: 	: 	: 	81 	20 	: 	: 	: 	: 	21 	29 	31 	19 	1 	: 	: 	: 	: 	101 	: 	80 	24 	: 	: 	: 	: 	17 	32 	31 	23 	1 	: 	: 	: 	: 	104 	: 	87 	28 	: 	: 	: 	: 	14 	37 	36 	27 	1 	: 	: 	: 	: 	115 	1 	69 	10 	: 	: 	: 	1 	19 	27 	23 	10 	: 	: 	: 	: 	: 	80 	2 	79 	25 	: 	: 	: 	2 	21 	27 	31 	20 	5 	: 	: 	: 	: 	106 	3 	86 	32 	: 	: 	: 	3 	25 	29 	32 	26 	6 	: 	: 	: 	: 	121 	1 	122 	43 	: 	: 	: 	1 	36 	42 	44 	34 	9 	: 	: 	: 	: 	166 	9 	93 	36 	: 	: 	: 	9 	26 	31 	36 	28 	7 	1 	: 	: 	: 	138 	6 	79 	30 	: 	: 	: 	6 	25 	27 	27 	25 	5 	: 	: 	: 	: 	115 	: 	: 	: 	: 	: 	: 	: 	: 	: 	: 	: 	: 	: 	: 	: 	: 	: 	: 	: 	: 	: 	: 	: 	: 	: 	: 	: 	: 	: 	: 	: 	: 	: 	: 	: 	: 	: 	: 	: 	: 	: 	82 
FLIGHT,CAF_PAS_DEP,SK_LZIB_TR_LTAI	42 	2 	74 	40 	2 	: 	: 	: 	2 	1 	118 	21 	1 	: 	1 	: 	29 	38 	51 	20 	1 	: 	: 	: 	1 	141 	3 	333 	102 	2 	: 	1 	2 	80 	123 	130 	95 	7 	: 	2 	: 	: 	440 	6 	268 	82 	: 	1 	1 	4 	69 	99 	100 	73 	9 	: 	: 	: 	: 	356 	9 	291 	93 	4 	: 	1 	8 	75 	106 	110 	87 	5 	1 	3 	1 	: 	397 	8 	234 	83 	: 	: 	1 	7 	65 	82 	87 	76 	7 	: 	: 	: 	: 	325 	15 	278 	105 	4 	: 	1 	14 	79 	97 	102 	89 	11 	5 	4 	: 	: 	402 	14 	177 	79 	: 	: 	4 	10 	47 	66 	64 	66 	12 	1 	: 	: 	: 	270 	8 	178 	63 	: 	: 	: 	8 	52 	65 	61 	54 	7 	2 	: 	: 	: 	249 	2 	173 	54 	1 	: 	: 	2 	48 	62 	63 	54 	: 	: 	: 	: 	1 	230 	4 	110 	34 	: 	: 	2 	2 	32 	39 	39 	34 	: 	: 	: 	: 	: 	148 	4 	73 	18 	3 	2 	: 	2 	18 	28 	27 	18 	: 	: 	3 	: 	: 	98 	: 	: 	: 	: 	: 	: 	: 	: 	: 	: 	: 	: 	: 	: 	: 	: 	: 	: 	: 	: 	: 	: 	: 	: 	: 	: 	: 	: 	: 	: 	: 	: 	: 	: 	: 	: 	: 	: 	: 	: 	: 	65 
FLIGHT,CAF_PAS_DEP,SK_LZIB_UK_EGBB	39 	39 	13 	13 	13 	13 	13 	12 	14 	40 	41 	39 	45 	14 	13 	13 	13 	15 	13 	13 	13 	13 	14 	15 	16 	165 	40 	39 	39 	39 	15 	11 	14 	13 	13 	13 	13 	13 	13 	13 	12 	14 	157 	35 	36 	40 	29 	12 	13 	10 	9 	13 	14 	12 	15 	13 	9 	9 	11 	140 	33 	39 	39 	24 	10 	9 	14 	12 	14 	13 	13 	13 	13 	8 	8 	8 	135 	29 	39 	39 	39 	10 	7 	12 	13 	13 	13 	13 	14 	12 	14 	12 	13 	146 	40 	39 	39 	40 	14 	13 	13 	13 	13 	13 	13 	13 	13 	14 	12 	14 	158 	40 	41 	37 	38 	13 	14 	13 	13 	14 	14 	14 	13 	10 	13 	12 	13 	156 	41 	38 	44 	16 	14 	13 	14 	13 	13 	12 	13 	14 	17 	5 	4 	7 	139 	49 	91 	62 	75 	17 	18 	14 	29 	31 	31 	19 	19 	24 	27 	23 	25 	277 	: 	: 	: 	: 	: 	: 	: 	: 	: 	: 	: 	: 	: 	: 	: 	: 	: 	: 	: 	: 	: 	: 	: 	: 	: 	: 	: 	: 	: 	: 	: 	: 	: 	: 	: 	: 	: 	: 	: 	: 	: 	: 	: 	: 	: 	: 	: 	: 	: 	: 	: 	: 	: 	: 	: 	: 	: 	: 	: 	: 	: 	: 	: 	: 	: 	: 	: 	: 	: 	: 	: 	: 	: 	: 	: 	: 
FLIGHT,CAF_PAS_DEP,SK_LZIB_UK_EGCC	39 	40 	13 	13 	13 	13 	13 	12 	15 	40 	40 	39 	: 	14 	13 	13 	13 	13 	14 	13 	13 	13 	: 	: 	: 	119 	: 	: 	: 	: 	: 	: 	: 	: 	: 	: 	: 	: 	: 	: 	: 	: 	: 	: 	: 	: 	: 	: 	: 	: 	: 	: 	: 	: 	: 	: 	: 	: 	: 	: 	: 	: 	: 	: 	: 	: 	: 	: 	: 	: 	: 	: 	: 	: 	: 	: 	: 	: 	: 	: 	: 	: 	: 	: 	: 	: 	: 	: 	: 	: 	: 	: 	: 	: 	: 	: 	: 	: 	: 	: 	: 	: 	: 	: 	: 	: 	: 	: 	: 	: 	: 	: 	: 	: 	: 	: 	: 	: 	: 	: 	: 	: 	: 	: 	: 	: 	: 	: 	10 	44 	75 	85 	8 	2 	: 	: 	21 	23 	23 	26 	26 	32 	26 	27 	214 	87 	92 	92 	91 	30 	26 	31 	30 	31 	31 	30 	31 	31 	31 	29 	31 	362 	77 	54 	52 	43 	30 	27 	20 	18 	18 	18 	18 	17 	17 	14 	12 	17 	226 	44 	53 	52 	39 	14 	13 	17 	18 	17 	18 	17 	18 	17 	14 	12 	13 	188 	: 	: 	: 	: 	: 	: 	: 	: 	: 	: 	: 	: 	: 	: 	: 	: 	: 	: 	: 	: 	: 	: 	: 	: 	: 	: 	: 	: 	: 	: 	: 	: 	: 	: 	: 	: 	: 	: 	: 	: 	: 	: 
FLIGHT,CAF_PAS_DEP,SK_LZIB_UK_EGGD	: 	: 	: 	: 	: 	: 	: 	: 	: 	: 	: 	: 	: 	: 	: 	: 	: 	: 	: 	: 	: 	: 	: 	: 	: 	: 	: 	: 	: 	: 	: 	: 	: 	: 	: 	: 	: 	: 	: 	: 	: 	: 	: 	: 	: 	: 	: 	: 	: 	: 	: 	: 	: 	: 	: 	: 	: 	: 	: 	: 	10 	26 	26 	3 	: 	1 	9 	9 	9 	8 	9 	9 	8 	3 	: 	: 	65 	9 	27 	26 	26 	: 	2 	7 	9 	9 	9 	8 	9 	9 	8 	9 	9 	88 	: 	: 	: 	: 	: 	: 	: 	: 	: 	: 	: 	: 	: 	: 	: 	: 	: 	29 	26 	23 	25 	11 	8 	10 	8 	9 	9 	8 	8 	7 	8 	8 	9 	103 	27 	26 	26 	25 	9 	9 	9 	8 	9 	9 	9 	9 	8 	9 	7 	9 	104 	29 	26 	33 	39 	7 	9 	13 	9 	8 	9 	9 	11 	13 	13 	12 	14 	127 	: 	: 	: 	: 	: 	: 	: 	: 	: 	: 	: 	: 	: 	: 	: 	: 	: 	: 	: 	: 	: 	: 	: 	: 	: 	: 	: 	: 	: 	: 	: 	: 	: 	: 	: 	: 	: 	: 	: 	: 	: 	: 	: 	: 	: 	: 	: 	: 	: 	: 	: 	: 	: 	: 	: 	: 	: 	: 	: 	: 	: 	: 	: 	: 	: 	: 	: 	: 	: 	: 	: 	: 	: 	: 	: 	: 
FLIGHT,CAF_PAS_DEP,SK_LZIB_UK_EGGP	: 	: 	: 	: 	: 	: 	: 	: 	: 	: 	: 	: 	: 	: 	: 	: 	: 	: 	: 	: 	: 	: 	: 	: 	: 	: 	41 	39 	39 	39 	15 	12 	14 	13 	13 	13 	13 	13 	13 	13 	12 	14 	158 	38 	33 	31 	27 	12 	13 	13 	9 	10 	14 	8 	10 	13 	9 	8 	10 	129 	33 	39 	39 	30 	10 	9 	14 	13 	14 	12 	13 	13 	13 	12 	8 	10 	141 	31 	40 	39 	39 	10 	8 	13 	14 	13 	13 	13 	14 	12 	14 	12 	13 	149 	36 	26 	26 	27 	14 	13 	9 	8 	9 	9 	8 	9 	9 	9 	8 	10 	115 	32 	40 	36 	37 	10 	9 	13 	13 	13 	14 	13 	13 	10 	13 	12 	12 	145 	: 	: 	: 	: 	: 	: 	: 	: 	: 	: 	: 	: 	: 	: 	: 	: 	: 	: 	: 	: 	: 	: 	: 	: 	: 	: 	: 	: 	: 	: 	: 	: 	: 	: 	: 	: 	: 	: 	: 	: 	: 	: 	: 	: 	: 	: 	: 	: 	: 	: 	: 	: 	: 	: 	: 	: 	: 	: 	: 	: 	: 	: 	: 	: 	: 	: 	: 	: 	: 	: 	: 	: 	: 	: 	: 	: 	: 	: 	: 	: 	: 	: 	: 	: 	: 	: 	: 	: 	: 	: 	: 	: 	: 	: 	: 	: 	: 	: 	: 	: 	: 	: 	: 	: 	: 	: 	: 	: 	: 	: 
FLIGHT,CAF_PAS_DEP,SK_LZIB_UK_EGGW	: 	: 	: 	: 	: 	: 	: 	: 	: 	19 	53 	53 	52 	: 	1 	18 	17 	18 	18 	17 	18 	18 	16 	17 	19 	177 	53 	59 	64 	52 	18 	17 	18 	17 	20 	22 	19 	24 	21 	18 	16 	18 	228 	55 	57 	53 	53 	16 	17 	22 	21 	18 	18 	19 	17 	17 	20 	16 	17 	218 	54 	54 	56 	42 	20 	17 	17 	19 	17 	18 	20 	18 	18 	14 	12 	16 	206 	54 	69 	68 	47 	15 	16 	23 	22 	23 	24 	22 	23 	23 	18 	13 	16 	238 	64 	97 	92 	94 	18 	14 	32 	32 	32 	33 	31 	31 	30 	32 	29 	33 	347 	94 	95 	88 	5 	32 	30 	32 	31 	33 	31 	32 	31 	25 	5 	: 	: 	282 	5 	53 	90 	112 	2 	: 	3 	1 	25 	27 	26 	32 	32 	39 	33 	40 	260 	169 	201 	183 	157 	51 	57 	61 	66 	65 	70 	58 	65 	60 	56 	48 	53 	710 	: 	: 	: 	: 	: 	: 	: 	: 	: 	: 	: 	: 	: 	: 	: 	: 	: 	3 	77 	89 	89 	1 	: 	2 	29 	26 	22 	32 	28 	29 	31 	27 	31 	258 	: 	: 	: 	: 	: 	: 	: 	: 	: 	: 	: 	: 	: 	: 	: 	: 	: 	: 	: 	: 	: 	: 	: 	: 	: 	: 	: 	: 	: 	: 	: 	: 	: 	: 	: 	: 	: 	: 	: 	: 	: 	: 
FLIGHT,CAF_PAS_DEP,SK_LZIB_UK_EGNM	27 	26 	10 	9 	9 	9 	9 	8 	9 	: 	: 	: 	: 	: 	: 	: 	: 	: 	: 	: 	: 	: 	: 	: 	: 	: 	: 	: 	: 	: 	: 	: 	: 	: 	: 	: 	: 	: 	: 	: 	: 	: 	: 	: 	: 	: 	: 	: 	: 	: 	: 	: 	: 	: 	: 	: 	: 	: 	: 	: 	: 	: 	: 	: 	: 	: 	: 	: 	: 	: 	: 	: 	: 	: 	: 	: 	: 	: 	: 	: 	: 	: 	: 	: 	: 	: 	: 	: 	: 	: 	: 	: 	: 	: 	: 	: 	: 	: 	: 	: 	: 	: 	: 	: 	: 	: 	: 	: 	: 	: 	: 	: 	: 	: 	: 	: 	: 	: 	: 	: 	: 	: 	: 	: 	: 	: 	: 	: 	: 	: 	: 	: 	: 	: 	: 	: 	: 	: 	: 	: 	: 	: 	: 	: 	: 	: 	: 	: 	: 	: 	: 	: 	: 	: 	: 	: 	: 	: 	: 	: 	: 	: 	: 	: 	: 	: 	: 	: 	: 	: 	: 	: 	: 	: 	: 	: 	: 	: 	: 	: 	: 	: 	: 	: 	: 	: 	: 	: 	: 	: 	: 	: 	: 	: 	: 	: 	: 	: 	: 	: 	: 	: 	: 	: 	: 	: 	: 	: 	: 	: 	: 	: 	: 	: 	: 	: 	: 	: 	: 	: 	: 	: 	: 	: 	: 	: 	: 	: 	: 	: 	: 	: 	: 	: 	: 	: 	: 	: 
FLIGHT,CAF_PAS_DEP,SK_LZIB_UK_EGNX	: 	: 	: 	: 	: 	: 	: 	: 	: 	: 	: 	: 	: 	: 	: 	: 	: 	: 	: 	: 	: 	: 	: 	: 	: 	: 	: 	: 	: 	: 	: 	: 	: 	: 	: 	: 	: 	: 	: 	: 	: 	: 	: 	: 	: 	: 	: 	: 	: 	: 	: 	: 	: 	: 	: 	: 	: 	: 	: 	: 	: 	: 	: 	: 	: 	: 	: 	: 	: 	: 	: 	: 	: 	: 	: 	: 	: 	: 	: 	: 	: 	: 	: 	: 	: 	: 	: 	: 	: 	: 	: 	: 	: 	: 	: 	: 	: 	: 	: 	: 	: 	: 	: 	: 	: 	: 	: 	: 	: 	: 	: 	: 	: 	: 	: 	: 	: 	: 	: 	: 	: 	: 	: 	: 	: 	: 	: 	: 	: 	5 	26 	48 	: 	: 	: 	: 	: 	5 	8 	9 	9 	16 	15 	17 	79 	51 	52 	52 	51 	16 	17 	18 	17 	18 	17 	18 	17 	17 	18 	17 	16 	206 	51 	53 	52 	19 	16 	17 	18 	17 	18 	18 	17 	17 	18 	17 	2 	: 	175 	: 	: 	: 	: 	: 	: 	: 	: 	: 	: 	: 	: 	: 	: 	: 	: 	: 	: 	: 	: 	: 	: 	: 	: 	: 	: 	: 	: 	: 	: 	: 	: 	: 	: 	: 	: 	: 	: 	: 	: 	: 	: 	: 	: 	: 	: 	: 	: 	: 	: 	: 	: 	: 	: 	: 	: 	: 	: 	: 
FLIGHT,CAF_PAS_DEP,SK_LZIB_UK_EGPH	26 	26 	13 	9 	8 	9 	9 	8 	9 	26 	31 	26 	4 	9 	8 	9 	8 	9 	14 	9 	9 	8 	4 	: 	: 	87 	6 	32 	26 	1 	: 	: 	6 	9 	9 	14 	8 	9 	9 	1 	: 	: 	65 	7 	33 	26 	: 	: 	: 	7 	9 	10 	14 	8 	9 	9 	: 	: 	: 	66 	16 	40 	39 	2 	: 	2 	14 	12 	15 	13 	13 	13 	13 	2 	: 	: 	97 	12 	27 	34 	26 	: 	: 	12 	13 	5 	9 	13 	13 	8 	8 	9 	9 	99 	30 	39 	38 	30 	7 	9 	14 	13 	13 	13 	13 	12 	13 	13 	8 	9 	137 	33 	53 	48 	27 	7 	9 	17 	18 	17 	18 	17 	17 	14 	10 	8 	9 	161 	32 	53 	49 	37 	7 	9 	16 	17 	18 	18 	17 	18 	14 	13 	11 	13 	171 	: 	: 	: 	: 	: 	: 	: 	: 	: 	: 	: 	: 	: 	: 	: 	: 	: 	: 	: 	: 	: 	: 	: 	: 	: 	: 	: 	: 	: 	: 	: 	: 	: 	: 	: 	: 	: 	: 	: 	: 	: 	: 	: 	: 	: 	: 	: 	: 	: 	: 	: 	: 	: 	: 	: 	: 	: 	: 	: 	: 	: 	: 	: 	: 	: 	: 	: 	: 	: 	: 	: 	: 	: 	: 	: 	: 	: 	: 	: 	: 	: 	: 	: 	: 	: 	: 	: 	: 	: 	: 	: 	: 	: 
FLIGHT,CAF_PAS_DEP,SK_LZIB_UK_EGSS	131 	133 	39 	43 	44 	44 	45 	41 	47 	153 	177 	183 	182 	47 	44 	62 	60 	54 	63 	61 	62 	60 	62 	58 	62 	695 	184 	175 	183 	180 	61 	61 	62 	60 	53 	62 	61 	62 	60 	62 	56 	62 	722 	180 	146 	156 	145 	61 	61 	58 	52 	44 	50 	51 	54 	51 	48 	45 	52 	627 	159 	153 	160 	141 	51 	47 	61 	59 	45 	49 	55 	54 	51 	50 	42 	49 	613 	165 	199 	161 	147 	48 	48 	69 	68 	66 	65 	60 	56 	45 	48 	46 	53 	672 	160 	185 	183 	174 	51 	47 	62 	61 	62 	62 	61 	62 	60 	62 	50 	62 	702 	177 	184 	168 	258 	58 	56 	63 	60 	62 	62 	60 	62 	46 	86 	82 	90 	787 	246 	191 	182 	178 	81 	86 	79 	67 	62 	62 	60 	62 	60 	62 	54 	62 	797 	176 	184 	182 	185 	56 	60 	60 	60 	62 	62 	60 	62 	60 	63 	58 	64 	727 	224 	327 	324 	282 	57 	62 	105 	106 	111 	110 	107 	111 	106 	101 	87 	94 	1157 	304 	328 	325 	289 	97 	95 	112 	107 	111 	110 	109 	111 	105 	105 	87 	97 	1246 	: 	: 	: 	: 	: 	: 	: 	: 	: 	: 	: 	: 	: 	: 	: 	: 	: 	: 	: 	: 	: 	: 	: 	: 	: 	: 	: 	: 	: 	: 	: 	: 	: 	: 	: 	: 	: 	: 	: 	: 	: 	: 
FLIGHT,CAF_PAS_DEP,SK_LZKZ_AT_LOWW	145 	110 	50 	50 	50 	45 	42 	32 	36 	138 	160 	153 	124 	41 	44 	53 	51 	59 	50 	47 	54 	52 	42 	40 	42 	575 	136 	159 	156 	129 	41 	42 	53 	53 	53 	53 	52 	54 	50 	46 	43 	40 	580 	136 	162 	157 	126 	43 	41 	52 	54 	54 	54 	52 	54 	51 	43 	41 	42 	581 	139 	160 	160 	127 	43 	43 	53 	50 	54 	56 	53 	54 	53 	44 	41 	42 	586 	131 	138 	99 	127 	40 	44 	47 	45 	46 	47 	13 	43 	43 	46 	42 	39 	495 	127 	131 	121 	122 	39 	45 	43 	45 	43 	43 	36 	45 	40 	44 	38 	40 	501 	120 	127 	117 	113 	37 	40 	43 	41 	45 	41 	41 	42 	34 	38 	35 	40 	477 	112 	120 	108 	113 	31 	39 	42 	40 	40 	40 	38 	36 	34 	39 	37 	37 	453 	121 	159 	153 	134 	32 	42 	47 	52 	53 	54 	51 	50 	52 	44 	46 	44 	567 	141 	160 	145 	138 	39 	49 	53 	51 	55 	54 	52 	50 	43 	49 	45 	44 	584 	134 	147 	138 	122 	39 	46 	49 	47 	51 	49 	48 	48 	42 	44 	39 	39 	541 	: 	: 	: 	: 	: 	: 	: 	: 	: 	: 	: 	: 	: 	: 	: 	: 	: 	: 	: 	: 	: 	: 	: 	: 	: 	: 	: 	: 	: 	: 	: 	: 	: 	: 	: 	: 	: 	: 	: 	: 	: 	240 
FLIGHT,CAF_PAS_DEP,SK_LZKZ_BG_LBBG	: 	: 	: 	: 	: 	: 	: 	: 	: 	: 	85 	12 	: 	: 	: 	: 	8 	38 	39 	12 	: 	: 	: 	: 	: 	97 	: 	74 	9 	: 	: 	: 	: 	8 	31 	35 	9 	: 	: 	: 	: 	: 	83 	: 	78 	10 	: 	: 	: 	: 	5 	37 	36 	10 	: 	: 	: 	: 	: 	88 	: 	71 	8 	: 	: 	: 	: 	3 	34 	34 	8 	: 	: 	: 	: 	: 	79 	: 	69 	10 	: 	: 	: 	: 	3 	34 	32 	10 	: 	: 	: 	: 	: 	79 	: 	58 	8 	: 	: 	: 	: 	6 	26 	26 	8 	: 	: 	: 	: 	: 	66 	: 	: 	: 	: 	: 	: 	: 	: 	: 	: 	: 	: 	: 	: 	: 	: 	: 	: 	: 	: 	: 	: 	: 	: 	: 	: 	: 	: 	: 	: 	: 	: 	: 	: 	: 	: 	: 	: 	: 	: 	: 	: 	: 	: 	: 	: 	: 	: 	: 	: 	: 	: 	: 	: 	: 	: 	: 	: 	: 	: 	: 	: 	: 	: 	: 	: 	: 	: 	: 	: 	: 	: 	: 	: 	: 	: 	: 	: 	: 	: 	: 	: 	: 	: 	: 	: 	: 	: 	: 	: 	: 	: 	: 	: 	: 	: 	: 	: 	: 	: 	: 	: 	: 	: 	: 	: 	: 	: 	: 	: 	: 	: 	: 	: 	: 	: 	: 	: 	: 	: 	: 	: 	: 	: 	: 	: 	: 
FLIGHT,CAF_PAS_DEP,SK_LZKZ_CZ_LKPR	136 	102 	48 	47 	46 	43 	33 	34 	35 	121 	142 	129 	93 	40 	41 	40 	52 	49 	41 	39 	41 	49 	40 	26 	27 	485 	117 	137 	133 	124 	38 	34 	45 	46 	43 	48 	44 	44 	45 	42 	41 	41 	511 	142 	175 	169 	163 	44 	46 	52 	62 	59 	54 	53 	58 	58 	55 	50 	58 	649 	197 	165 	167 	163 	83 	56 	58 	58 	54 	53 	51 	60 	56 	61 	51 	51 	692 	181 	168 	240 	226 	61 	60 	60 	56 	54 	58 	74 	82 	84 	73 	74 	79 	815 	282 	330 	343 	326 	86 	84 	112 	115 	109 	106 	116 	116 	111 	115 	102 	109 	1281 	335 	344 	330 	313 	108 	113 	114 	112 	116 	116 	112 	119 	99 	111 	98 	104 	1322 	330 	345 	319 	306 	109 	108 	113 	114 	114 	117 	112 	106 	101 	97 	101 	108 	1300 	339 	436 	449 	412 	105 	105 	129 	144 	146 	146 	148 	158 	143 	145 	123 	144 	1636 	401 	348 	340 	261 	136 	144 	121 	110 	121 	117 	110 	117 	113 	96 	80 	85 	1350 	258 	267 	264 	257 	86 	85 	87 	87 	91 	89 	88 	91 	85 	89 	81 	87 	1046 	: 	: 	: 	: 	: 	: 	: 	: 	: 	: 	: 	: 	: 	: 	: 	: 	: 	: 	: 	: 	: 	: 	: 	: 	: 	: 	: 	: 	: 	: 	: 	: 	: 	: 	: 	: 	: 	: 	: 	: 	: 	1182 
FLIGHT,CAF_PAS_DEP,SK_LZKZ_EG_HEGN	: 	: 	: 	: 	: 	: 	: 	: 	: 	: 	: 	: 	: 	: 	: 	: 	: 	: 	: 	: 	: 	: 	: 	: 	: 	: 	: 	: 	: 	: 	: 	: 	: 	: 	: 	: 	: 	: 	: 	: 	: 	: 	: 	: 	: 	: 	: 	: 	: 	: 	: 	: 	: 	: 	: 	: 	: 	: 	: 	: 	: 	: 	: 	: 	: 	: 	: 	: 	: 	: 	: 	: 	: 	: 	: 	: 	: 	: 	: 	: 	: 	: 	: 	: 	: 	: 	: 	: 	: 	: 	: 	: 	: 	: 	: 	: 	: 	: 	: 	: 	: 	: 	: 	: 	: 	: 	: 	: 	: 	: 	: 	3 	36 	17 	: 	: 	: 	3 	12 	10 	14 	14 	3 	: 	: 	: 	: 	56 	2 	42 	14 	: 	: 	: 	2 	13 	14 	15 	14 	: 	: 	: 	: 	: 	58 	4 	51 	19 	: 	: 	: 	4 	16 	17 	18 	15 	4 	: 	: 	: 	: 	74 	5 	33 	15 	: 	: 	: 	5 	9 	12 	12 	11 	4 	: 	: 	: 	: 	53 	: 	: 	: 	: 	: 	: 	: 	: 	: 	: 	: 	: 	: 	: 	: 	: 	: 	: 	: 	: 	: 	: 	: 	: 	: 	: 	: 	: 	: 	: 	: 	: 	: 	: 	: 	: 	: 	: 	: 	: 	: 	: 	: 	: 	: 	: 	: 	: 	: 	: 	: 	: 	: 	: 	: 	: 	: 	: 	: 
FLIGHT,CAF_PAS_DEP,SK_LZKZ_IE_EIDW	: 	: 	: 	: 	: 	: 	: 	: 	: 	: 	: 	: 	: 	: 	: 	: 	: 	: 	: 	: 	: 	: 	: 	: 	: 	: 	: 	: 	: 	: 	: 	: 	: 	: 	: 	: 	: 	: 	: 	: 	: 	: 	: 	: 	: 	: 	: 	: 	: 	: 	: 	: 	: 	: 	: 	: 	: 	: 	: 	: 	: 	: 	: 	: 	: 	: 	: 	: 	: 	: 	: 	: 	: 	: 	: 	: 	: 	: 	: 	: 	: 	: 	: 	: 	: 	: 	: 	: 	: 	: 	: 	: 	: 	: 	: 	: 	: 	: 	: 	: 	: 	: 	: 	: 	: 	: 	: 	: 	: 	: 	: 	: 	: 	: 	: 	: 	: 	: 	: 	: 	: 	: 	: 	: 	: 	: 	: 	: 	: 	: 	: 	: 	: 	: 	: 	: 	: 	: 	: 	: 	: 	: 	: 	: 	: 	11 	40 	39 	38 	: 	: 	11 	13 	13 	14 	12 	14 	13 	13 	12 	13 	128 	: 	: 	: 	: 	: 	: 	: 	: 	: 	: 	: 	: 	: 	: 	: 	: 	: 	: 	: 	: 	: 	: 	: 	: 	: 	: 	: 	: 	: 	: 	: 	: 	: 	: 	: 	: 	: 	: 	: 	: 	: 	: 	: 	: 	: 	: 	: 	: 	: 	: 	: 	: 	: 	: 	: 	: 	: 	: 	: 	: 	: 	: 	: 	: 	: 	: 	: 	: 	: 	: 	: 	: 	: 	: 	: 	: 
FLIGHT,CAF_PAS_DEP,SK_LZKZ_IT_LIME	: 	: 	: 	: 	: 	: 	: 	: 	: 	: 	: 	: 	: 	: 	: 	: 	: 	: 	: 	: 	: 	: 	: 	: 	: 	: 	25 	26 	8 	: 	7 	9 	9 	8 	9 	9 	8 	: 	: 	: 	: 	: 	59 	: 	: 	: 	: 	: 	: 	: 	: 	: 	: 	: 	: 	: 	: 	: 	: 	: 	: 	: 	: 	: 	: 	: 	: 	: 	: 	: 	: 	: 	: 	: 	: 	: 	: 	: 	: 	: 	: 	: 	: 	: 	: 	: 	: 	: 	: 	: 	: 	: 	: 	: 	: 	: 	: 	: 	: 	: 	: 	: 	: 	: 	: 	: 	: 	: 	: 	: 	: 	: 	: 	: 	: 	: 	: 	: 	: 	: 	: 	: 	: 	: 	: 	: 	: 	: 	: 	: 	: 	: 	: 	: 	: 	: 	: 	: 	: 	: 	: 	: 	: 	: 	: 	: 	: 	: 	: 	: 	: 	: 	: 	: 	: 	: 	: 	: 	: 	: 	: 	: 	: 	: 	: 	: 	: 	: 	: 	: 	: 	: 	: 	: 	: 	: 	: 	: 	: 	: 	: 	: 	: 	: 	: 	: 	: 	: 	: 	: 	: 	: 	: 	: 	: 	: 	: 	: 	: 	: 	: 	: 	: 	: 	: 	: 	: 	: 	: 	: 	: 	: 	: 	: 	: 	: 	: 	: 	: 	: 	: 	: 	: 	: 	: 	: 	: 	: 	: 	: 	: 	: 	: 	: 	: 	: 	: 	: 
FLIGHT,CAF_PAS_DEP,SK_LZKZ_PL_EPWA	: 	: 	: 	: 	: 	: 	: 	: 	: 	76 	75 	77 	2 	25 	26 	25 	26 	25 	24 	26 	25 	26 	2 	: 	: 	230 	: 	: 	: 	: 	: 	: 	: 	: 	: 	: 	: 	: 	: 	: 	: 	: 	: 	: 	: 	: 	: 	: 	: 	: 	: 	: 	: 	: 	: 	: 	: 	: 	: 	: 	: 	: 	: 	: 	: 	: 	: 	: 	: 	: 	: 	: 	: 	: 	: 	: 	: 	: 	: 	: 	: 	: 	: 	: 	: 	: 	: 	: 	: 	: 	: 	: 	: 	: 	: 	: 	: 	: 	: 	: 	: 	: 	: 	: 	: 	: 	: 	: 	: 	: 	: 	: 	: 	: 	: 	: 	: 	: 	: 	: 	: 	: 	: 	: 	: 	: 	: 	: 	: 	: 	: 	: 	: 	: 	: 	: 	: 	: 	: 	: 	: 	: 	: 	: 	: 	: 	: 	: 	: 	: 	: 	: 	: 	: 	: 	: 	: 	: 	: 	: 	: 	: 	: 	: 	: 	: 	: 	: 	: 	: 	: 	: 	: 	: 	: 	: 	: 	: 	: 	: 	: 	: 	: 	: 	: 	: 	: 	: 	: 	: 	: 	: 	: 	: 	: 	: 	: 	: 	: 	: 	: 	: 	: 	: 	: 	: 	: 	: 	: 	: 	: 	: 	: 	: 	: 	: 	: 	: 	: 	: 	: 	: 	: 	: 	: 	: 	: 	: 	: 	: 	: 	: 	: 	: 	: 	: 	: 	: 
FLIGHT,CAF_PAS_DEP,SK_LZKZ_SK_LZIB	103 	109 	27 	36 	33 	34 	45 	32 	32 	105 	83 	119 	103 	38 	38 	29 	34 	25 	24 	49 	36 	34 	40 	33 	30 	410 	105 	84 	85 	88 	35 	38 	32 	32 	20 	32 	32 	25 	28 	34 	27 	27 	362 	96 	101 	134 	94 	26 	31 	39 	44 	28 	29 	45 	41 	48 	31 	31 	32 	425 	47 	49 	138 	133 	8 	15 	24 	13 	23 	13 	45 	46 	47 	42 	50 	41 	367 	119 	162 	153 	129 	30 	34 	55 	50 	56 	56 	52 	53 	48 	50 	40 	39 	563 	142 	170 	185 	159 	44 	47 	51 	59 	54 	57 	57 	72 	56 	59 	52 	48 	656 	167 	207 	197 	202 	48 	53 	66 	69 	72 	66 	73 	64 	60 	72 	58 	72 	773 	218 	330 	390 	271 	76 	68 	74 	79 	122 	129 	125 	124 	141 	95 	81 	95 	1209 	269 	284 	310 	298 	82 	92 	95 	96 	94 	94 	96 	109 	105 	102 	94 	102 	1161 	298 	222 	227 	196 	92 	97 	109 	76 	78 	68 	73 	80 	74 	73 	59 	64 	943 	178 	187 	192 	179 	54 	62 	62 	59 	64 	64 	65 	70 	57 	65 	56 	58 	736 	: 	: 	: 	: 	: 	: 	: 	: 	: 	: 	: 	: 	: 	: 	: 	: 	: 	: 	: 	: 	: 	: 	: 	: 	: 	: 	: 	: 	: 	: 	: 	: 	: 	: 	: 	: 	: 	: 	: 	: 	: 	: 
FLIGHT,CAF_PAS_DEP,SK_LZKZ_TR_LTAI	: 	: 	: 	: 	: 	: 	: 	: 	: 	: 	47 	6 	: 	: 	: 	: 	11 	17 	19 	6 	: 	: 	: 	: 	: 	53 	: 	121 	37 	1 	: 	: 	: 	32 	44 	45 	37 	: 	: 	1 	: 	: 	159 	1 	106 	31 	: 	: 	: 	1 	31 	37 	38 	31 	: 	: 	: 	: 	: 	138 	: 	92 	25 	: 	: 	: 	: 	24 	33 	35 	25 	: 	: 	: 	: 	: 	117 	2 	80 	26 	: 	: 	: 	2 	25 	27 	28 	26 	: 	: 	: 	: 	: 	108 	1 	86 	29 	: 	: 	: 	1 	25 	29 	32 	27 	2 	: 	: 	: 	: 	116 	3 	56 	25 	: 	: 	: 	3 	14 	19 	23 	23 	2 	: 	: 	: 	: 	84 	: 	: 	: 	: 	: 	: 	: 	: 	: 	: 	: 	: 	: 	: 	: 	: 	: 	: 	: 	: 	: 	: 	: 	: 	: 	: 	: 	: 	: 	: 	: 	: 	: 	: 	: 	: 	: 	: 	: 	: 	: 	: 	: 	: 	: 	: 	: 	: 	: 	: 	: 	: 	: 	: 	: 	: 	: 	: 	: 	: 	: 	: 	: 	: 	: 	: 	: 	: 	: 	: 	: 	: 	: 	: 	: 	: 	: 	: 	: 	: 	: 	: 	: 	: 	: 	: 	: 	: 	: 	: 	: 	: 	: 	: 	: 	: 	: 	: 	: 	: 	: 	: 	: 	: 	: 	: 	: 	: 	: 	: 
FLIGHT,CAF_PAS_DEP,SK_LZKZ_UA_UKBB	: 	: 	: 	: 	: 	: 	: 	: 	: 	54 	45 	61 	52 	17 	18 	19 	18 	13 	14 	22 	22 	17 	17 	17 	18 	212 	: 	: 	: 	: 	: 	: 	: 	: 	: 	: 	: 	: 	: 	: 	: 	: 	: 	: 	: 	: 	: 	: 	: 	: 	: 	: 	: 	: 	: 	: 	: 	: 	: 	: 	: 	: 	: 	: 	: 	: 	: 	: 	: 	: 	: 	: 	: 	: 	: 	: 	: 	: 	: 	: 	: 	: 	: 	: 	: 	: 	: 	: 	: 	: 	: 	: 	: 	: 	: 	: 	: 	: 	: 	: 	: 	: 	: 	: 	: 	: 	: 	: 	: 	: 	: 	: 	: 	: 	: 	: 	: 	: 	: 	: 	: 	: 	: 	: 	: 	: 	: 	: 	: 	: 	: 	: 	: 	: 	: 	: 	: 	: 	: 	: 	: 	: 	: 	: 	: 	: 	: 	: 	: 	: 	: 	: 	: 	: 	: 	: 	: 	: 	: 	: 	: 	: 	: 	: 	: 	: 	: 	: 	: 	: 	: 	: 	: 	: 	: 	: 	: 	: 	: 	: 	: 	: 	: 	: 	: 	: 	: 	: 	: 	: 	: 	: 	: 	: 	: 	: 	: 	: 	: 	: 	: 	: 	: 	: 	: 	: 	: 	: 	: 	: 	: 	: 	: 	: 	: 	: 	: 	: 	: 	: 	: 	: 	: 	: 	: 	: 	: 	: 	: 	: 	: 	: 	: 	: 	: 	: 	: 	: 
FLIGHT,CAF_PAS_DEP,SK_LZKZ_UK_EGCN	31 	26 	13 	11 	9 	11 	8 	8 	10 	27 	37 	28 	25 	9 	9 	9 	11 	13 	13 	10 	9 	9 	10 	8 	7 	117 	26 	26 	7 	: 	9 	9 	8 	9 	9 	8 	7 	: 	: 	: 	: 	: 	59 	: 	: 	: 	: 	: 	: 	: 	: 	: 	: 	: 	: 	: 	: 	: 	: 	: 	: 	: 	: 	: 	: 	: 	: 	: 	: 	: 	: 	: 	: 	: 	: 	: 	: 	: 	: 	: 	: 	: 	: 	: 	: 	: 	: 	: 	: 	: 	: 	: 	: 	: 	: 	: 	: 	: 	: 	: 	: 	: 	: 	: 	: 	: 	: 	: 	: 	: 	: 	: 	: 	: 	: 	: 	: 	: 	: 	: 	: 	: 	: 	: 	: 	: 	: 	: 	: 	: 	: 	: 	: 	: 	: 	: 	: 	: 	: 	: 	: 	: 	: 	: 	: 	: 	: 	: 	: 	: 	: 	: 	: 	: 	: 	: 	: 	: 	: 	: 	: 	: 	: 	: 	: 	: 	: 	: 	: 	: 	: 	: 	: 	: 	: 	: 	: 	: 	: 	: 	: 	: 	: 	: 	: 	: 	: 	: 	: 	: 	: 	: 	: 	: 	: 	: 	: 	: 	: 	: 	: 	: 	: 	: 	: 	: 	: 	: 	: 	: 	: 	: 	: 	: 	: 	: 	: 	: 	: 	: 	: 	: 	: 	: 	: 	: 	: 	: 	: 	: 	: 	: 	: 	: 	: 	: 	: 	: 
FLIGHT,CAF_PAS_DEP,SK_LZKZ_UK_EGGD	: 	: 	: 	: 	: 	: 	: 	: 	: 	26 	27 	25 	18 	9 	8 	9 	9 	9 	9 	7 	9 	9 	6 	4 	8 	96 	: 	: 	: 	: 	: 	: 	: 	: 	: 	: 	: 	: 	: 	: 	: 	: 	: 	: 	: 	: 	: 	: 	: 	: 	: 	: 	: 	: 	: 	: 	: 	: 	: 	: 	: 	: 	: 	: 	: 	: 	: 	: 	: 	: 	: 	: 	: 	: 	: 	: 	: 	: 	: 	: 	: 	: 	: 	: 	: 	: 	: 	: 	: 	: 	: 	: 	: 	: 	: 	: 	: 	: 	: 	: 	: 	: 	: 	: 	: 	: 	: 	: 	: 	: 	: 	: 	: 	: 	: 	: 	: 	: 	: 	: 	: 	: 	: 	: 	: 	: 	: 	: 	: 	: 	: 	: 	: 	: 	: 	: 	: 	: 	: 	: 	: 	: 	: 	: 	: 	: 	: 	: 	: 	: 	: 	: 	: 	: 	: 	: 	: 	: 	: 	: 	: 	: 	: 	: 	: 	: 	: 	: 	: 	: 	: 	: 	: 	: 	: 	: 	: 	: 	: 	: 	: 	: 	: 	: 	: 	: 	: 	: 	: 	: 	: 	: 	: 	: 	: 	: 	: 	: 	: 	: 	: 	: 	: 	: 	: 	: 	: 	: 	: 	: 	: 	: 	: 	: 	: 	: 	: 	: 	: 	: 	: 	: 	: 	: 	: 	: 	: 	: 	: 	: 	: 	: 	: 	: 	: 	: 	: 	: 
FLIGHT,CAF_PAS_DEP,SK_LZKZ_UK_EGGW	106 	92 	31 	34 	35 	37 	32 	29 	31 	106 	116 	107 	93 	36 	34 	36 	36 	40 	40 	37 	36 	34 	34 	29 	30 	422 	90 	124 	103 	89 	29 	30 	31 	36 	44 	44 	42 	31 	30 	31 	28 	30 	406 	91 	124 	75 	66 	29 	31 	31 	36 	43 	45 	32 	22 	21 	22 	20 	24 	356 	: 	: 	: 	: 	: 	: 	: 	: 	: 	: 	: 	: 	: 	: 	: 	: 	: 	: 	: 	: 	: 	: 	: 	: 	: 	: 	: 	: 	: 	: 	: 	: 	: 	: 	: 	: 	: 	: 	: 	: 	: 	: 	: 	: 	: 	: 	: 	: 	: 	: 	: 	: 	: 	: 	: 	: 	: 	: 	: 	: 	: 	: 	: 	: 	: 	: 	: 	: 	1 	26 	37 	53 	: 	1 	: 	: 	14 	12 	12 	12 	13 	17 	17 	19 	117 	52 	52 	40 	39 	17 	17 	18 	17 	18 	17 	13 	14 	13 	13 	13 	13 	183 	: 	: 	: 	: 	: 	: 	: 	: 	: 	: 	: 	: 	: 	: 	: 	: 	: 	: 	: 	: 	: 	: 	: 	: 	: 	: 	: 	: 	: 	: 	: 	: 	: 	: 	: 	: 	: 	: 	: 	: 	: 	: 	: 	: 	: 	: 	: 	: 	: 	: 	: 	: 	: 	: 	: 	: 	: 	: 	: 	: 	: 	: 	: 	: 	: 	: 	: 	: 	: 	: 	: 	: 	: 	: 	: 	: 
PAS,PAS_BRD,SK_LZ99_AT_LO99	: 	: 	: 	: 	: 	: 	: 	: 	: 	: 	: 	: 	: 	: 	: 	: 	: 	: 	: 	: 	: 	: 	: 	: 	: 	: 	: 	: 	: 	: 	: 	: 	: 	: 	: 	: 	: 	: 	: 	: 	: 	: 	: 	: 	: 	: 	: 	: 	: 	: 	: 	: 	: 	: 	: 	: 	: 	: 	: 	: 	: 	: 	: 	: 	: 	: 	: 	: 	: 	: 	: 	: 	: 	: 	: 	: 	: 	: 	: 	: 	: 	: 	: 	: 	: 	: 	: 	: 	: 	: 	: 	: 	: 	: 	: 	: 	: 	: 	: 	: 	: 	: 	: 	: 	: 	: 	: 	: 	: 	: 	: 	: 	: 	: 	: 	: 	: 	: 	: 	: 	: 	: 	: 	: 	: 	: 	: 	: 	: 	: 	: 	: 	: 	: 	: 	: 	: 	: 	: 	: 	: 	: 	: 	: 	: 	: 	: 	: 	: 	: 	: 	: 	: 	: 	: 	: 	: 	: 	: 	: 	: 	: 	: 	: 	: 	: 	: 	: 	: 	: 	: 	: 	: 	: 	: 	: 	: 	: 	: 	: 	: 	: 	: 	: 	: 	: 	: 	: 	: 	: 	: 	: 	: 	: 	: 	: 	7216 	7703 	7405 	5306 	2503 	2245 	2468 	2810 	2251 	2642 	2916 	2340 	2149 	2038 	1535 	1733 	27630 	5525 	5642 	5722 	4123 	1783 	1758 	1984 	2232 	1683 	1727 	2061 	1814 	1847 	21012 	: 	: 	: 	: 	: 	: 	: 	: 	: 	: 	: 
PAS,PAS_BRD,SK_LZ99_BE_EB99	: 	: 	: 	: 	: 	: 	: 	: 	: 	: 	: 	: 	: 	: 	: 	: 	: 	: 	: 	: 	: 	: 	: 	: 	: 	: 	: 	: 	: 	: 	: 	: 	: 	: 	: 	: 	: 	: 	: 	: 	: 	: 	: 	: 	: 	: 	: 	: 	: 	: 	: 	: 	: 	: 	: 	: 	: 	: 	: 	: 	: 	: 	: 	: 	: 	: 	: 	: 	: 	: 	: 	: 	: 	: 	: 	: 	: 	: 	: 	: 	: 	: 	: 	: 	: 	: 	: 	: 	: 	: 	: 	: 	: 	: 	: 	: 	: 	: 	: 	: 	: 	: 	: 	: 	: 	: 	: 	: 	: 	: 	: 	: 	: 	: 	: 	: 	: 	: 	: 	: 	: 	: 	: 	: 	: 	: 	: 	: 	: 	: 	: 	: 	: 	: 	: 	: 	: 	: 	: 	: 	: 	: 	: 	: 	: 	: 	: 	: 	: 	: 	: 	: 	: 	: 	: 	: 	: 	: 	: 	: 	: 	: 	: 	: 	: 	: 	: 	: 	: 	: 	: 	: 	: 	: 	: 	: 	: 	: 	: 	: 	: 	: 	: 	: 	: 	: 	: 	: 	: 	: 	: 	: 	: 	: 	: 	: 	9072 	5911 	7969 	5198 	2798 	3281 	2993 	2782 	1308 	1821 	2576 	2844 	2549 	1916 	1994 	1288 	28150 	: 	: 	: 	: 	: 	: 	: 	: 	: 	: 	: 	: 	: 	: 	: 	: 	: 	: 	: 	: 	: 	: 	: 	: 	: 
PAS,PAS_BRD,SK_LZ99_BG_LB99	: 	: 	: 	: 	: 	: 	: 	: 	: 	: 	: 	: 	: 	: 	: 	: 	: 	: 	: 	: 	: 	: 	: 	: 	: 	: 	: 	: 	: 	: 	: 	: 	: 	: 	: 	: 	: 	: 	: 	: 	: 	: 	: 	: 	: 	: 	: 	: 	: 	: 	: 	: 	: 	: 	: 	: 	: 	: 	: 	: 	: 	: 	: 	: 	: 	: 	: 	: 	: 	: 	: 	: 	: 	: 	: 	: 	: 	: 	: 	: 	: 	: 	: 	: 	: 	: 	: 	: 	: 	: 	: 	: 	: 	: 	: 	: 	: 	: 	: 	: 	: 	: 	: 	: 	: 	: 	: 	: 	: 	: 	: 	: 	: 	: 	: 	: 	: 	: 	: 	: 	: 	: 	: 	: 	: 	: 	: 	: 	: 	: 	: 	: 	: 	: 	: 	: 	: 	: 	: 	: 	: 	: 	: 	: 	: 	: 	: 	: 	: 	: 	: 	: 	: 	: 	: 	: 	: 	: 	: 	: 	: 	: 	: 	: 	: 	: 	: 	: 	: 	: 	: 	: 	: 	: 	: 	: 	: 	: 	: 	: 	: 	: 	: 	: 	: 	: 	: 	: 	: 	: 	: 	: 	: 	: 	: 	: 	1180 	41260 	4407 	0 	1180 	: 	: 	4704 	19127 	17429 	4407 	: 	: 	0 	: 	: 	46847 	6 	30974 	4612 	169 	: 	6 	: 	2423 	13697 	14854 	4610 	2 	: 	35761 	139 	26124 	2491 	49 	28803 	190 	16514 	1722 	2263 	20689 	: 
PAS,PAS_BRD,SK_LZ99_CZ_LK99	: 	: 	: 	: 	: 	: 	: 	: 	: 	: 	: 	: 	: 	: 	: 	: 	: 	: 	: 	: 	: 	: 	: 	: 	: 	: 	: 	: 	: 	: 	: 	: 	: 	: 	: 	: 	: 	: 	: 	: 	: 	: 	: 	: 	: 	: 	: 	: 	: 	: 	: 	: 	: 	: 	: 	: 	: 	: 	: 	: 	: 	: 	: 	: 	: 	: 	: 	: 	: 	: 	: 	: 	: 	: 	: 	: 	: 	: 	: 	: 	: 	: 	: 	: 	: 	: 	: 	: 	: 	: 	: 	: 	: 	: 	: 	: 	: 	: 	: 	: 	: 	: 	: 	: 	: 	: 	: 	: 	: 	: 	: 	: 	: 	: 	: 	: 	: 	: 	: 	: 	: 	: 	: 	: 	: 	: 	: 	: 	: 	: 	: 	: 	: 	: 	: 	: 	: 	: 	: 	: 	: 	: 	: 	: 	: 	: 	: 	: 	: 	: 	: 	: 	: 	: 	: 	: 	: 	: 	: 	: 	: 	: 	: 	: 	: 	: 	: 	: 	: 	: 	: 	: 	: 	: 	: 	: 	: 	: 	: 	: 	: 	: 	: 	: 	: 	: 	: 	: 	: 	: 	: 	: 	: 	: 	: 	: 	45902 	55370 	50809 	42221 	14479 	14371 	17052 	19185 	17747 	18438 	19441 	15837 	15531 	15329 	12485 	14407 	194302 	47333 	52292 	49232 	38935 	15097 	15169 	17067 	18507 	16823 	16962 	17815 	15980 	15437 	187792 	42359 	47581 	42663 	32180 	164783 	39936 	45998 	37443 	33430 	156807 	: 
PAS,PAS_BRD,SK_LZ99_DE_ED99	: 	: 	: 	: 	: 	: 	: 	: 	: 	: 	: 	: 	: 	: 	: 	: 	: 	: 	: 	: 	: 	: 	: 	: 	: 	: 	: 	: 	: 	: 	: 	: 	: 	: 	: 	: 	: 	: 	: 	: 	: 	: 	: 	: 	: 	: 	: 	: 	: 	: 	: 	: 	: 	: 	: 	: 	: 	: 	: 	: 	: 	: 	: 	: 	: 	: 	: 	: 	: 	: 	: 	: 	: 	: 	: 	: 	: 	: 	: 	: 	: 	: 	: 	: 	: 	: 	: 	: 	: 	: 	: 	: 	: 	: 	: 	: 	: 	: 	: 	: 	: 	: 	: 	: 	: 	: 	: 	: 	: 	: 	: 	: 	: 	: 	: 	: 	: 	: 	: 	: 	: 	: 	: 	: 	: 	: 	: 	: 	: 	: 	: 	: 	: 	: 	: 	: 	: 	: 	: 	: 	: 	: 	: 	: 	: 	: 	: 	: 	: 	: 	: 	: 	: 	: 	: 	: 	: 	: 	: 	: 	: 	: 	: 	: 	: 	: 	: 	: 	: 	: 	: 	: 	: 	: 	: 	: 	: 	: 	: 	: 	: 	: 	: 	: 	: 	: 	: 	: 	: 	: 	: 	: 	: 	: 	: 	: 	36266 	20889 	22379 	23343 	13653 	14628 	7985 	8263 	6134 	6492 	8126 	6409 	7844 	9833 	6770 	6740 	102877 	18229 	14757 	10149 	4759 	8227 	5059 	4943 	5547 	4578 	4632 	4232 	3932 	1985 	47894 	: 	: 	: 	: 	: 	: 	: 	: 	: 	: 	: 
PAS,PAS_BRD,SK_LZ99_EG_HE99	: 	: 	: 	: 	: 	: 	: 	: 	: 	: 	: 	: 	: 	: 	: 	: 	: 	: 	: 	: 	: 	: 	: 	: 	: 	: 	: 	: 	: 	: 	: 	: 	: 	: 	: 	: 	: 	: 	: 	: 	: 	: 	: 	: 	: 	: 	: 	: 	: 	: 	: 	: 	: 	: 	: 	: 	: 	: 	: 	: 	: 	: 	: 	: 	: 	: 	: 	: 	: 	: 	: 	: 	: 	: 	: 	: 	: 	: 	: 	: 	: 	: 	: 	: 	: 	: 	: 	: 	: 	: 	: 	: 	: 	: 	: 	: 	: 	: 	: 	: 	: 	: 	: 	: 	: 	: 	: 	: 	: 	: 	: 	: 	: 	: 	: 	: 	: 	: 	: 	: 	: 	: 	: 	: 	: 	: 	: 	: 	: 	: 	: 	: 	: 	: 	: 	: 	: 	: 	: 	: 	: 	: 	: 	: 	: 	: 	: 	: 	: 	: 	: 	: 	: 	: 	: 	: 	: 	: 	: 	: 	: 	: 	: 	: 	: 	: 	: 	: 	: 	: 	: 	: 	: 	: 	: 	: 	: 	: 	: 	: 	: 	: 	: 	: 	: 	: 	: 	: 	: 	: 	: 	: 	: 	: 	: 	: 	11871 	46796 	33265 	4800 	1782 	2193 	7896 	11774 	15769 	19253 	15925 	12632 	4708 	2476 	1053 	1271 	96732 	24158 	64084 	35430 	5767 	2828 	4587 	16743 	19796 	21602 	22686 	20686 	11311 	3433 	129439 	15987 	27171 	7870 	3295 	54323 	9711 	16263 	8104 	153 	34231 	: 
PAS,PAS_BRD,SK_LZ99_EL_LG99	: 	: 	: 	: 	: 	: 	: 	: 	: 	: 	: 	: 	: 	: 	: 	: 	: 	: 	: 	: 	: 	: 	: 	: 	: 	: 	: 	: 	: 	: 	: 	: 	: 	: 	: 	: 	: 	: 	: 	: 	: 	: 	: 	: 	: 	: 	: 	: 	: 	: 	: 	: 	: 	: 	: 	: 	: 	: 	: 	: 	: 	: 	: 	: 	: 	: 	: 	: 	: 	: 	: 	: 	: 	: 	: 	: 	: 	: 	: 	: 	: 	: 	: 	: 	: 	: 	: 	: 	: 	: 	: 	: 	: 	: 	: 	: 	: 	: 	: 	: 	: 	: 	: 	: 	: 	: 	: 	: 	: 	: 	: 	: 	: 	: 	: 	: 	: 	: 	: 	: 	: 	: 	: 	: 	: 	: 	: 	: 	: 	: 	: 	: 	: 	: 	: 	: 	: 	: 	: 	: 	: 	: 	: 	: 	: 	: 	: 	: 	: 	: 	: 	: 	: 	: 	: 	: 	: 	: 	: 	: 	: 	: 	: 	: 	: 	: 	: 	: 	: 	: 	: 	: 	: 	: 	: 	: 	: 	: 	: 	: 	: 	: 	: 	: 	: 	: 	: 	: 	: 	: 	: 	: 	: 	: 	: 	: 	1049 	94568 	19407 	175 	4 	: 	1045 	23609 	35523 	35436 	18719 	688 	: 	: 	: 	175 	115199 	1487 	82036 	17957 	381 	390 	162 	935 	19102 	31784 	31150 	16926 	1031 	: 	101861 	1006 	75056 	16074 	237 	92373 	2405 	58729 	14303 	: 	75437 	: 
PAS,PAS_BRD,SK_LZ99_ES_LE99	: 	: 	: 	: 	: 	: 	: 	: 	: 	: 	: 	: 	: 	: 	: 	: 	: 	: 	: 	: 	: 	: 	: 	: 	: 	: 	: 	: 	: 	: 	: 	: 	: 	: 	: 	: 	: 	: 	: 	: 	: 	: 	: 	: 	: 	: 	: 	: 	: 	: 	: 	: 	: 	: 	: 	: 	: 	: 	: 	: 	: 	: 	: 	: 	: 	: 	: 	: 	: 	: 	: 	: 	: 	: 	: 	: 	: 	: 	: 	: 	: 	: 	: 	: 	: 	: 	: 	: 	: 	: 	: 	: 	: 	: 	: 	: 	: 	: 	: 	: 	: 	: 	: 	: 	: 	: 	: 	: 	: 	: 	: 	: 	: 	: 	: 	: 	: 	: 	: 	: 	: 	: 	: 	: 	: 	: 	: 	: 	: 	: 	: 	: 	: 	: 	: 	: 	: 	: 	: 	: 	: 	: 	: 	: 	: 	: 	: 	: 	: 	: 	: 	: 	: 	: 	: 	: 	: 	: 	: 	: 	: 	: 	: 	: 	: 	: 	: 	: 	: 	: 	: 	: 	: 	: 	: 	: 	: 	: 	: 	: 	: 	: 	: 	: 	: 	: 	: 	: 	: 	: 	: 	: 	: 	: 	: 	: 	6639 	25533 	9926 	4157 	1538 	2442 	2659 	6763 	9761 	9009 	5886 	2176 	1864 	1793 	1121 	1243 	46255 	4557 	20577 	7212 	376 	1411 	1242 	1904 	4422 	8066 	8089 	4302 	1713 	1197 	32722 	: 	: 	: 	: 	: 	: 	: 	: 	: 	: 	: 
PAS,PAS_BRD,SK_LZ99_FR_LF99	: 	: 	: 	: 	: 	: 	: 	: 	: 	: 	: 	: 	: 	: 	: 	: 	: 	: 	: 	: 	: 	: 	: 	: 	: 	: 	: 	: 	: 	: 	: 	: 	: 	: 	: 	: 	: 	: 	: 	: 	: 	: 	: 	: 	: 	: 	: 	: 	: 	: 	: 	: 	: 	: 	: 	: 	: 	: 	: 	: 	: 	: 	: 	: 	: 	: 	: 	: 	: 	: 	: 	: 	: 	: 	: 	: 	: 	: 	: 	: 	: 	: 	: 	: 	: 	: 	: 	: 	: 	: 	: 	: 	: 	: 	: 	: 	: 	: 	: 	: 	: 	: 	: 	: 	: 	: 	: 	: 	: 	: 	: 	: 	: 	: 	: 	: 	: 	: 	: 	: 	: 	: 	: 	: 	: 	: 	: 	: 	: 	: 	: 	: 	: 	: 	: 	: 	: 	: 	: 	: 	: 	: 	: 	: 	: 	: 	: 	: 	: 	: 	: 	: 	: 	: 	: 	: 	: 	: 	: 	: 	: 	: 	: 	: 	: 	: 	: 	: 	: 	: 	: 	: 	: 	: 	: 	: 	: 	: 	: 	: 	: 	: 	: 	: 	: 	: 	: 	: 	: 	: 	: 	: 	: 	: 	: 	: 	33166 	31520 	35622 	20638 	10924 	11269 	10973 	10689 	10212 	10619 	12565 	12664 	10393 	8178 	7080 	5380 	120946 	25277 	25263 	27603 	12468 	6883 	8042 	10352 	9182 	7956 	8125 	9868 	11423 	6312 	90611 	15419 	4805 	113 	247 	20584 	: 	: 	: 	: 	: 	: 
PAS,PAS_BRD,SK_LZ99_HR_LD99	: 	: 	: 	: 	: 	: 	: 	: 	: 	: 	: 	: 	: 	: 	: 	: 	: 	: 	: 	: 	: 	: 	: 	: 	: 	: 	: 	: 	: 	: 	: 	: 	: 	: 	: 	: 	: 	: 	: 	: 	: 	: 	: 	: 	: 	: 	: 	: 	: 	: 	: 	: 	: 	: 	: 	: 	: 	: 	: 	: 	: 	: 	: 	: 	: 	: 	: 	: 	: 	: 	: 	: 	: 	: 	: 	: 	: 	: 	: 	: 	: 	: 	: 	: 	: 	: 	: 	: 	: 	: 	: 	: 	: 	: 	: 	: 	: 	: 	: 	: 	: 	: 	: 	: 	: 	: 	: 	: 	: 	: 	: 	: 	: 	: 	: 	: 	: 	: 	: 	: 	: 	: 	: 	: 	: 	: 	: 	: 	: 	: 	: 	: 	: 	: 	: 	: 	: 	: 	: 	: 	: 	: 	: 	: 	: 	: 	: 	: 	: 	: 	: 	: 	: 	: 	: 	: 	: 	: 	: 	: 	: 	: 	: 	: 	: 	: 	: 	: 	: 	: 	: 	: 	: 	: 	: 	: 	: 	: 	: 	: 	: 	: 	: 	: 	: 	: 	: 	: 	: 	: 	: 	: 	: 	: 	: 	: 	574 	21033 	5813 	4 	542 	32 	0 	4610 	8358 	8065 	4519 	1294 	0 	0 	0 	4 	27424 	: 	: 	: 	: 	: 	: 	: 	: 	: 	: 	: 	: 	: 	: 	: 	: 	: 	: 	: 	: 	: 	: 	: 	: 	: 
PAS,PAS_BRD,SK_LZ99_IN_VI99	: 	: 	: 	: 	: 	: 	: 	: 	: 	: 	: 	: 	: 	: 	: 	: 	: 	: 	: 	: 	: 	: 	: 	: 	: 	: 	: 	: 	: 	: 	: 	: 	: 	: 	: 	: 	: 	: 	: 	: 	: 	: 	: 	: 	: 	: 	: 	: 	: 	: 	: 	: 	: 	: 	: 	: 	: 	: 	: 	: 	: 	: 	: 	: 	: 	: 	: 	: 	: 	: 	: 	: 	: 	: 	: 	: 	: 	: 	: 	: 	: 	: 	: 	: 	: 	: 	: 	: 	: 	: 	: 	: 	: 	: 	: 	: 	: 	: 	: 	: 	: 	: 	: 	: 	: 	: 	: 	: 	: 	: 	: 	: 	: 	: 	: 	: 	: 	: 	: 	: 	: 	: 	: 	: 	: 	: 	: 	: 	: 	: 	: 	: 	: 	: 	: 	: 	: 	: 	: 	: 	: 	: 	: 	: 	: 	: 	: 	: 	: 	: 	: 	: 	: 	: 	: 	: 	: 	: 	: 	: 	: 	: 	: 	: 	: 	: 	: 	: 	: 	: 	: 	: 	: 	: 	: 	: 	: 	: 	: 	: 	: 	: 	: 	: 	: 	: 	: 	: 	: 	: 	: 	: 	: 	: 	: 	: 	5762 	4826 	3443 	8660 	1714 	1621 	2427 	890 	1845 	2091 	998 	829 	1616 	3641 	3475 	1544 	22691 	: 	: 	: 	: 	: 	: 	: 	: 	: 	: 	: 	: 	: 	: 	: 	: 	: 	: 	: 	: 	: 	: 	: 	: 	: 
PAS,PAS_BRD,SK_LZ99_IT_LI99	: 	: 	: 	: 	: 	: 	: 	: 	: 	: 	: 	: 	: 	: 	: 	: 	: 	: 	: 	: 	: 	: 	: 	: 	: 	: 	: 	: 	: 	: 	: 	: 	: 	: 	: 	: 	: 	: 	: 	: 	: 	: 	: 	: 	: 	: 	: 	: 	: 	: 	: 	: 	: 	: 	: 	: 	: 	: 	: 	: 	: 	: 	: 	: 	: 	: 	: 	: 	: 	: 	: 	: 	: 	: 	: 	: 	: 	: 	: 	: 	: 	: 	: 	: 	: 	: 	: 	: 	: 	: 	: 	: 	: 	: 	: 	: 	: 	: 	: 	: 	: 	: 	: 	: 	: 	: 	: 	: 	: 	: 	: 	: 	: 	: 	: 	: 	: 	: 	: 	: 	: 	: 	: 	: 	: 	: 	: 	: 	: 	: 	: 	: 	: 	: 	: 	: 	: 	: 	: 	: 	: 	: 	: 	: 	: 	: 	: 	: 	: 	: 	: 	: 	: 	: 	: 	: 	: 	: 	: 	: 	: 	: 	: 	: 	: 	: 	: 	: 	: 	: 	: 	: 	: 	: 	: 	: 	: 	: 	: 	: 	: 	: 	: 	: 	: 	: 	: 	: 	: 	: 	: 	: 	: 	: 	: 	: 	44759 	29798 	30576 	20124 	16287 	15084 	13388 	9349 	10185 	10264 	10509 	10282 	9785 	8596 	6017 	5511 	125257 	15917 	13945 	13678 	5074 	5638 	5035 	5244 	5706 	4680 	3559 	4332 	5144 	4202 	48614 	: 	: 	: 	: 	: 	: 	: 	: 	: 	: 	: 
PAS,PAS_BRD,SK_LZ99_NL_EH99	: 	: 	: 	: 	: 	: 	: 	: 	: 	: 	: 	: 	: 	: 	: 	: 	: 	: 	: 	: 	: 	: 	: 	: 	: 	: 	: 	: 	: 	: 	: 	: 	: 	: 	: 	: 	: 	: 	: 	: 	: 	: 	: 	: 	: 	: 	: 	: 	: 	: 	: 	: 	: 	: 	: 	: 	: 	: 	: 	: 	: 	: 	: 	: 	: 	: 	: 	: 	: 	: 	: 	: 	: 	: 	: 	: 	: 	: 	: 	: 	: 	: 	: 	: 	: 	: 	: 	: 	: 	: 	: 	: 	: 	: 	: 	: 	: 	: 	: 	: 	: 	: 	: 	: 	: 	: 	: 	: 	: 	: 	: 	: 	: 	: 	: 	: 	: 	: 	: 	: 	: 	: 	: 	: 	: 	: 	: 	: 	: 	: 	: 	: 	: 	: 	: 	: 	: 	: 	: 	: 	: 	: 	: 	: 	: 	: 	: 	: 	: 	: 	: 	: 	: 	: 	: 	: 	: 	: 	: 	: 	: 	: 	: 	: 	: 	: 	: 	: 	: 	: 	: 	: 	: 	: 	: 	: 	: 	: 	: 	: 	: 	: 	: 	: 	: 	: 	: 	: 	: 	: 	: 	: 	: 	: 	: 	: 	11054 	13755 	15927 	9228 	3344 	3249 	4461 	3990 	4625 	5140 	5746 	5365 	4816 	3632 	2919 	2677 	49964 	9554 	8634 	8577 	461 	3264 	3170 	3120 	3057 	3022 	2555 	2513 	3242 	2822 	27226 	: 	: 	: 	: 	: 	: 	: 	: 	: 	: 	: 
PAS,PAS_BRD,SK_LZ99_RU_UU99	: 	: 	: 	: 	: 	: 	: 	: 	: 	: 	: 	: 	: 	: 	: 	: 	: 	: 	: 	: 	: 	: 	: 	: 	: 	: 	: 	: 	: 	: 	: 	: 	: 	: 	: 	: 	: 	: 	: 	: 	: 	: 	: 	: 	: 	: 	: 	: 	: 	: 	: 	: 	: 	: 	: 	: 	: 	: 	: 	: 	: 	: 	: 	: 	: 	: 	: 	: 	: 	: 	: 	: 	: 	: 	: 	: 	: 	: 	: 	: 	: 	: 	: 	: 	: 	: 	: 	: 	: 	: 	: 	: 	: 	: 	: 	: 	: 	: 	: 	: 	: 	: 	: 	: 	: 	: 	: 	: 	: 	: 	: 	: 	: 	: 	: 	: 	: 	: 	: 	: 	: 	: 	: 	: 	: 	: 	: 	: 	: 	: 	: 	: 	: 	: 	: 	: 	: 	: 	: 	: 	: 	: 	: 	: 	: 	: 	: 	: 	: 	: 	: 	: 	: 	: 	: 	: 	: 	: 	: 	: 	: 	: 	: 	: 	: 	: 	: 	: 	: 	: 	: 	: 	: 	: 	: 	: 	: 	: 	: 	: 	: 	: 	: 	: 	: 	: 	: 	: 	: 	: 	: 	: 	: 	: 	: 	: 	6773 	6651 	7045 	4716 	1874 	2089 	2810 	2121 	2488 	2042 	2312 	2436 	2297 	1412 	1510 	1794 	25185 	5696 	7297 	7030 	5725 	1850 	1922 	1924 	2212 	2627 	2458 	2039 	2678 	2313 	25748 	6524 	6369 	5210 	5145 	23248 	6183 	7446 	6549 	7927 	28105 	: 
PAS,PAS_BRD,SK_LZ99_SK_LZ99	: 	: 	: 	: 	: 	: 	: 	: 	: 	: 	: 	: 	: 	: 	: 	: 	: 	: 	: 	: 	: 	: 	: 	: 	: 	: 	: 	: 	: 	: 	: 	: 	: 	: 	: 	: 	: 	: 	: 	: 	: 	: 	: 	: 	: 	: 	: 	: 	: 	: 	: 	: 	: 	: 	: 	: 	: 	: 	: 	: 	: 	: 	: 	: 	: 	: 	: 	: 	: 	: 	: 	: 	: 	: 	: 	: 	: 	: 	: 	: 	: 	: 	: 	: 	: 	: 	: 	: 	: 	: 	: 	: 	: 	: 	: 	: 	: 	: 	: 	: 	: 	: 	: 	: 	: 	: 	: 	: 	: 	: 	: 	: 	: 	: 	: 	: 	: 	: 	: 	: 	: 	: 	: 	: 	: 	: 	: 	: 	: 	: 	: 	: 	: 	: 	: 	: 	: 	: 	: 	: 	: 	: 	: 	: 	: 	: 	: 	: 	: 	: 	: 	: 	: 	: 	: 	: 	: 	: 	: 	: 	: 	: 	: 	: 	: 	: 	: 	: 	: 	: 	: 	: 	: 	: 	: 	: 	: 	: 	: 	: 	: 	: 	: 	: 	: 	: 	: 	: 	: 	: 	: 	: 	: 	: 	: 	: 	40100 	33296 	35290 	18962 	14378 	12629 	13093 	12179 	10814 	10303 	12265 	10735 	12290 	8115 	6054 	4793 	127648 	18222 	19709 	19186 	16752 	5263 	6280 	6679 	7214 	6404 	6091 	6747 	6201 	6238 	73869 	19226 	16551 	16513 	12462 	64752 	17671 	14350 	18904 	11121 	62046 	: 
PAS,PAS_BRD,SK_LZ99_TN_DT99	: 	: 	: 	: 	: 	: 	: 	: 	: 	: 	: 	: 	: 	: 	: 	: 	: 	: 	: 	: 	: 	: 	: 	: 	: 	: 	: 	: 	: 	: 	: 	: 	: 	: 	: 	: 	: 	: 	: 	: 	: 	: 	: 	: 	: 	: 	: 	: 	: 	: 	: 	: 	: 	: 	: 	: 	: 	: 	: 	: 	: 	: 	: 	: 	: 	: 	: 	: 	: 	: 	: 	: 	: 	: 	: 	: 	: 	: 	: 	: 	: 	: 	: 	: 	: 	: 	: 	: 	: 	: 	: 	: 	: 	: 	: 	: 	: 	: 	: 	: 	: 	: 	: 	: 	: 	: 	: 	: 	: 	: 	: 	: 	: 	: 	: 	: 	: 	: 	: 	: 	: 	: 	: 	: 	: 	: 	: 	: 	: 	: 	: 	: 	: 	: 	: 	: 	: 	: 	: 	: 	: 	: 	: 	: 	: 	: 	: 	: 	: 	: 	: 	: 	: 	: 	: 	: 	: 	: 	: 	: 	: 	: 	: 	: 	: 	: 	: 	: 	: 	: 	: 	: 	: 	: 	: 	: 	: 	: 	: 	: 	: 	: 	: 	: 	: 	: 	: 	: 	: 	: 	: 	: 	: 	: 	: 	: 	1843 	55988 	14873 	208 	: 	: 	1843 	14341 	20495 	21152 	12777 	2096 	: 	: 	: 	208 	72912 	2794 	44434 	12806 	: 	: 	: 	2794 	11363 	16316 	16755 	10570 	2236 	: 	60034 	2182 	28700 	8759 	: 	39641 	1428 	19479 	6743 	301 	27951 	: 
PAS,PAS_BRD,SK_LZ99_TR_LT99	: 	: 	: 	: 	: 	: 	: 	: 	: 	: 	: 	: 	: 	: 	: 	: 	: 	: 	: 	: 	: 	: 	: 	: 	: 	: 	: 	: 	: 	: 	: 	: 	: 	: 	: 	: 	: 	: 	: 	: 	: 	: 	: 	: 	: 	: 	: 	: 	: 	: 	: 	: 	: 	: 	: 	: 	: 	: 	: 	: 	: 	: 	: 	: 	: 	: 	: 	: 	: 	: 	: 	: 	: 	: 	: 	: 	: 	: 	: 	: 	: 	: 	: 	: 	: 	: 	: 	: 	: 	: 	: 	: 	: 	: 	: 	: 	: 	: 	: 	: 	: 	: 	: 	: 	: 	: 	: 	: 	: 	: 	: 	: 	: 	: 	: 	: 	: 	: 	: 	: 	: 	: 	: 	: 	: 	: 	: 	: 	: 	: 	: 	: 	: 	: 	: 	: 	: 	: 	: 	: 	: 	: 	: 	: 	: 	: 	: 	: 	: 	: 	: 	: 	: 	: 	: 	: 	: 	: 	: 	: 	: 	: 	: 	: 	: 	: 	: 	: 	: 	: 	: 	: 	: 	: 	: 	: 	: 	: 	: 	: 	: 	: 	: 	: 	: 	: 	: 	: 	: 	: 	: 	: 	: 	: 	: 	: 	570 	26971 	7650 	0 	: 	: 	570 	6962 	9318 	10691 	7621 	23 	6 	: 	0 	: 	35191 	300 	31074 	6282 	0 	2 	0 	298 	7381 	11324 	12369 	6276 	0 	6 	37656 	170 	18312 	3058 	1 	21541 	489 	36177 	7737 	: 	44403 	: 
PAS,PAS_BRD,SK_LZ99_UK_EG99	: 	: 	: 	: 	: 	: 	: 	: 	: 	: 	: 	: 	: 	: 	: 	: 	: 	: 	: 	: 	: 	: 	: 	: 	: 	: 	: 	: 	: 	: 	: 	: 	: 	: 	: 	: 	: 	: 	: 	: 	: 	: 	: 	: 	: 	: 	: 	: 	: 	: 	: 	: 	: 	: 	: 	: 	: 	: 	: 	: 	: 	: 	: 	: 	: 	: 	: 	: 	: 	: 	: 	: 	: 	: 	: 	: 	: 	: 	: 	: 	: 	: 	: 	: 	: 	: 	: 	: 	: 	: 	: 	: 	: 	: 	: 	: 	: 	: 	: 	: 	: 	: 	: 	: 	: 	: 	: 	: 	: 	: 	: 	: 	: 	: 	: 	: 	: 	: 	: 	: 	: 	: 	: 	: 	: 	: 	: 	: 	: 	: 	: 	: 	: 	: 	: 	: 	: 	: 	: 	: 	: 	: 	: 	: 	: 	: 	: 	: 	: 	: 	: 	: 	: 	: 	: 	: 	: 	: 	: 	: 	: 	: 	: 	: 	: 	: 	: 	: 	: 	: 	: 	: 	: 	: 	: 	: 	: 	: 	: 	: 	: 	: 	: 	: 	: 	: 	: 	: 	: 	: 	: 	: 	: 	: 	: 	: 	89163 	70715 	60301 	45636 	32428 	33647 	23088 	22138 	25001 	23576 	20857 	19620 	19824 	18850 	13492 	13294 	265815 	27741 	34361 	30451 	16437 	11521 	7269 	8951 	10202 	13368 	10791 	9710 	11433 	9308 	108990 	14437 	10776 	21 	6 	25240 	: 	: 	: 	: 	: 	: 
PAS,PAS_BRD,SK_LZIB_AE_OMDB	10994 	13400 	3518 	2768 	3998 	4228 	4619 	4564 	4217 	11242 	11573 	8875 	9958 	4153 	3951 	3138 	3665 	3852 	4056 	2420 	3581 	2874 	3502 	3225 	3231 	41648 	7254 	9117 	7308 	6215 	2771 	2471 	2012 	2722 	3590 	2805 	1823 	2590 	2895 	2723 	1940 	1552 	29894 	: 	: 	: 	: 	: 	: 	: 	: 	: 	: 	: 	: 	: 	: 	: 	: 	: 	: 	: 	: 	: 	: 	: 	: 	: 	: 	: 	: 	: 	: 	: 	: 	: 	: 	: 	: 	: 	: 	: 	: 	: 	: 	: 	: 	: 	: 	: 	: 	: 	: 	: 	: 	: 	: 	: 	: 	: 	: 	: 	: 	: 	: 	: 	: 	: 	: 	: 	: 	: 	: 	: 	: 	: 	: 	: 	: 	: 	: 	: 	: 	: 	: 	: 	: 	: 	: 	: 	: 	: 	: 	: 	: 	: 	: 	: 	: 	: 	: 	: 	: 	: 	: 	: 	: 	: 	: 	: 	: 	: 	: 	: 	: 	: 	: 	: 	: 	: 	: 	: 	: 	: 	: 	: 	: 	: 	: 	: 	: 	: 	: 	: 	: 	: 	: 	: 	: 	: 	: 	: 	: 	: 	: 	: 	: 	: 	: 	: 	: 	: 	: 	: 	: 	: 	: 	: 	: 	: 	: 	: 	: 	: 	: 	: 	: 	: 	: 	: 	: 	: 	: 	: 	: 	: 	: 	: 	: 	: 	: 	: 	: 	: 	: 	: 	: 	: 	: 	: 	: 	: 	: 	: 	: 	: 	: 	: 
PAS,PAS_BRD,SK_LZIB_BE_EBBR	: 	: 	: 	: 	: 	: 	: 	: 	: 	11417 	26803 	22386 	7 	: 	2621 	8796 	8891 	9003 	8909 	8100 	8698 	5588 	0 	7 	0 	60613 	: 	: 	: 	: 	: 	: 	: 	: 	: 	: 	: 	: 	: 	: 	: 	: 	: 	: 	: 	: 	: 	: 	: 	: 	: 	: 	: 	: 	: 	: 	: 	: 	: 	: 	: 	: 	: 	: 	: 	: 	: 	: 	: 	: 	: 	: 	: 	: 	: 	: 	: 	: 	: 	: 	: 	: 	: 	: 	: 	: 	: 	: 	: 	: 	: 	: 	: 	: 	: 	: 	: 	: 	: 	: 	: 	: 	: 	: 	: 	: 	: 	: 	: 	: 	: 	: 	: 	: 	: 	: 	: 	: 	: 	: 	: 	: 	: 	: 	: 	: 	: 	: 	: 	: 	: 	: 	: 	: 	: 	: 	: 	: 	: 	: 	: 	: 	: 	: 	: 	: 	: 	: 	: 	: 	: 	: 	: 	: 	: 	: 	: 	: 	: 	: 	: 	: 	: 	: 	: 	: 	: 	: 	: 	: 	: 	: 	: 	: 	: 	: 	: 	: 	: 	8151 	6355 	9868 	9195 	2233 	2735 	3183 	2669 	1544 	2142 	3170 	3555 	3143 	3119 	3071 	3005 	33569 	: 	: 	: 	: 	: 	: 	: 	: 	: 	: 	: 	: 	: 	: 	: 	: 	: 	: 	: 	: 	: 	: 	: 	: 	: 	: 	: 	: 	: 	: 	: 	: 	: 	: 	: 	: 	: 	: 	: 	: 	: 	: 
PAS,PAS_BRD,SK_LZIB_BE_EBCI	18355 	13023 	6402 	6082 	6353 	5920 	4915 	4032 	4076 	7377 	: 	1717 	18787 	4317 	3060 	: 	: 	: 	: 	: 	: 	1717 	5521 	6891 	6375 	27881 	17379 	12586 	11704 	15880 	5707 	6589 	5083 	4141 	4054 	4391 	3933 	3711 	4060 	5588 	5109 	5183 	57549 	16072 	13431 	13002 	12863 	5334 	5686 	5052 	4358 	4478 	4595 	4361 	4275 	4366 	4649 	4212 	4002 	55368 	15955 	17803 	17032 	13235 	4868 	5346 	5741 	5940 	5741 	6122 	5470 	5952 	5610 	4822 	4239 	4174 	64025 	16109 	15636 	16364 	13787 	5324 	4746 	6039 	5903 	4725 	5008 	5407 	5423 	5534 	4383 	4699 	4705 	61896 	16376 	17314 	16804 	16208 	5568 	5043 	5765 	5363 	5830 	6121 	5691 	5924 	5189 	6346 	5113 	4749 	66702 	16733 	16390 	14616 	13009 	5186 	5989 	5558 	4924 	5741 	5725 	5260 	5420 	3936 	4839 	3996 	4174 	60748 	13232 	11606 	10585 	105 	4991 	4181 	4060 	3811 	3851 	3944 	3677 	3205 	3703 	105 	: 	: 	35528 	: 	: 	: 	: 	: 	: 	: 	: 	: 	: 	: 	: 	: 	: 	: 	: 	: 	: 	: 	: 	: 	: 	: 	: 	: 	: 	: 	: 	: 	: 	: 	: 	: 	: 	: 	: 	: 	: 	: 	: 	: 	: 	: 	: 	: 	: 	: 	: 	: 	: 	: 	: 	: 	: 	: 	: 	: 	: 	: 	: 	: 	: 	: 	: 	: 	: 	: 	: 	: 	: 	: 	: 	: 	: 	: 	: 	: 	: 	: 	: 	: 	: 	: 	: 	: 	: 	: 	: 	: 	: 	: 	: 	: 
PAS,PAS_BRD,SK_LZIB_BG_LBBG	3916 	: 	18328 	3745 	171 	: 	: 	: 	: 	: 	42194 	3410 	: 	: 	: 	: 	3641 	19246 	19307 	3410 	: 	: 	: 	: 	: 	45604 	: 	37858 	4389 	: 	: 	: 	: 	3069 	16847 	17942 	4389 	: 	: 	: 	: 	: 	42247 	: 	37829 	3695 	: 	: 	: 	: 	2417 	17488 	17924 	3695 	: 	: 	: 	: 	: 	41524 	: 	40850 	5093 	: 	: 	: 	: 	2721 	19382 	18747 	5093 	: 	: 	: 	: 	: 	45943 	: 	42428 	4560 	: 	: 	: 	: 	3267 	19972 	19189 	4560 	: 	: 	: 	: 	: 	46988 	: 	42840 	4303 	: 	: 	: 	: 	3420 	19362 	20058 	4303 	: 	: 	: 	: 	: 	47143 	: 	31945 	2848 	: 	: 	: 	: 	1708 	15391 	14846 	2848 	: 	0 	: 	: 	: 	34793 	: 	29880 	4094 	: 	: 	: 	: 	2271 	13862 	13747 	4094 	: 	: 	: 	: 	: 	33974 	: 	41221 	5813 	: 	: 	: 	: 	4719 	17305 	19197 	5813 	: 	: 	: 	: 	: 	47034 	: 	36640 	4619 	: 	: 	: 	: 	4157 	15980 	16503 	4619 	: 	: 	: 	: 	: 	41259 	: 	31760 	3384 	: 	: 	: 	: 	3427 	14981 	13352 	3384 	: 	: 	: 	: 	: 	35144 	: 	: 	: 	: 	: 	: 	: 	: 	: 	: 	: 	: 	: 	: 	: 	: 	: 	: 	: 	: 	: 	: 	: 	: 	: 	: 	: 	: 	: 	: 	: 	: 	: 	: 	: 	: 	: 	: 	: 	: 	: 	: 
PAS,PAS_BRD,SK_LZIB_BG_LBSF	: 	: 	: 	: 	: 	: 	: 	: 	: 	: 	: 	: 	: 	: 	: 	: 	: 	: 	: 	: 	: 	: 	: 	: 	: 	: 	: 	: 	: 	: 	: 	: 	: 	: 	: 	: 	: 	: 	: 	: 	: 	: 	: 	: 	: 	: 	: 	: 	: 	: 	: 	: 	: 	: 	: 	: 	: 	: 	: 	: 	: 	: 	: 	: 	: 	: 	: 	: 	: 	: 	: 	: 	: 	: 	: 	: 	: 	: 	: 	: 	: 	: 	: 	: 	: 	: 	: 	: 	: 	: 	: 	: 	: 	: 	: 	: 	: 	: 	: 	: 	: 	: 	: 	: 	: 	: 	: 	: 	: 	: 	: 	: 	: 	: 	: 	: 	: 	: 	: 	: 	: 	: 	: 	: 	: 	: 	: 	: 	: 	: 	: 	: 	: 	: 	: 	: 	: 	: 	: 	: 	: 	: 	: 	: 	: 	: 	: 	: 	: 	: 	: 	: 	: 	: 	: 	: 	: 	: 	: 	: 	: 	: 	: 	: 	: 	: 	: 	: 	: 	: 	: 	: 	: 	: 	: 	: 	: 	: 	: 	8757 	10384 	8007 	5883 	2612 	2995 	3150 	3472 	3545 	3367 	2987 	2655 	2365 	2408 	1806 	1669 	33031 	: 	: 	: 	: 	: 	: 	: 	: 	: 	: 	: 	: 	: 	: 	: 	: 	: 	: 	: 	: 	: 	: 	: 	: 	: 	: 	: 	: 	: 	: 	: 	: 	: 	: 	: 	: 	: 	: 	: 	: 	: 	: 
PAS,PAS_BRD,SK_LZIB_CZ_LKPR	: 	: 	: 	: 	: 	: 	: 	: 	: 	6409 	4312 	6422 	5539 	2285 	2497 	1627 	1744 	1438 	1130 	2875 	1914 	1633 	1989 	2040 	1510 	22682 	: 	: 	: 	: 	: 	: 	: 	: 	: 	: 	: 	: 	: 	: 	: 	: 	: 	: 	: 	: 	: 	: 	: 	: 	: 	: 	: 	: 	: 	: 	: 	: 	: 	: 	: 	: 	: 	: 	: 	: 	: 	: 	: 	: 	: 	: 	: 	: 	: 	: 	: 	: 	: 	: 	: 	: 	: 	: 	: 	: 	: 	: 	: 	: 	: 	: 	: 	: 	370 	2971 	9617 	8473 	151 	94 	125 	178 	122 	2671 	2992 	3849 	2776 	3066 	2771 	2636 	21431 	12968 	16397 	16109 	15403 	3182 	3481 	6305 	6319 	4668 	5410 	5564 	5984 	4561 	5838 	4925 	4640 	60877 	18728 	20139 	18982 	16188 	5001 	6226 	7501 	8005 	5777 	6357 	7143 	6076 	5763 	5983 	5096 	5109 	74037 	18319 	20162 	23385 	31759 	5040 	6251 	7028 	7492 	5796 	6874 	8432 	7517 	7436 	11114 	10598 	10047 	93625 	38139 	24481 	24867 	21786 	13045 	15235 	9859 	9379 	7616 	7486 	9224 	8137 	7506 	7830 	7275 	6681 	109273 	24413 	28015 	23913 	18642 	7652 	7850 	8911 	9994 	9109 	8912 	9812 	7528 	6573 	6413 	6093 	6136 	94983 	: 	: 	: 	: 	: 	: 	: 	: 	: 	: 	: 	: 	: 	: 	: 	: 	: 	: 	: 	: 	: 	: 	: 	: 	: 	: 	: 	: 	: 	: 	: 	: 	: 	: 	: 	: 	: 	: 	: 	: 	: 	81764 
PAS,PAS_BRD,SK_LZIB_DE_EDDB	17026 	14131 	6118 	5622 	5570 	5834 	4781 	4557 	4793 	18967 	29771 	27061 	26482 	5012 	4126 	9829 	9911 	10227 	9633 	8931 	9674 	8456 	9313 	9107 	8062 	102281 	: 	: 	: 	: 	: 	: 	: 	: 	: 	: 	: 	: 	: 	: 	: 	: 	: 	: 	: 	: 	: 	: 	: 	: 	: 	: 	: 	: 	: 	: 	: 	: 	: 	: 	: 	: 	: 	: 	: 	: 	: 	: 	: 	: 	: 	: 	: 	: 	: 	: 	: 	: 	: 	: 	: 	: 	: 	: 	: 	: 	: 	: 	: 	: 	: 	: 	: 	: 	: 	: 	: 	: 	: 	: 	: 	: 	: 	: 	: 	: 	: 	: 	: 	: 	: 	: 	: 	: 	: 	: 	: 	: 	: 	: 	: 	: 	: 	: 	: 	: 	: 	: 	: 	: 	: 	: 	: 	: 	: 	: 	: 	: 	: 	: 	: 	: 	: 	: 	: 	: 	: 	: 	: 	: 	: 	: 	: 	: 	: 	: 	: 	: 	: 	: 	: 	: 	: 	: 	: 	: 	: 	: 	: 	: 	: 	: 	: 	: 	: 	: 	: 	: 	: 	: 	: 	: 	: 	: 	: 	: 	: 	: 	: 	: 	: 	: 	: 	: 	: 	: 	: 	: 	: 	: 	: 	: 	: 	: 	: 	: 	: 	: 	: 	: 	: 	: 	: 	: 	: 	: 	: 	: 	: 	: 	: 	: 	: 	: 	: 	: 	: 	: 	: 	: 	: 	: 	: 	: 	: 	: 	: 	: 
PAS,PAS_BRD,SK_LZIB_DE_EDDK	: 	: 	: 	: 	: 	: 	: 	: 	: 	: 	: 	: 	: 	: 	: 	: 	: 	: 	: 	: 	: 	: 	: 	: 	: 	: 	: 	: 	: 	: 	: 	: 	: 	: 	: 	: 	: 	: 	: 	: 	: 	: 	: 	: 	: 	: 	: 	: 	: 	: 	: 	: 	: 	: 	: 	: 	: 	: 	: 	: 	: 	: 	: 	: 	: 	: 	: 	: 	: 	: 	: 	: 	: 	: 	: 	: 	: 	: 	: 	: 	: 	: 	: 	: 	: 	: 	: 	: 	: 	: 	: 	: 	: 	: 	: 	: 	: 	: 	: 	: 	: 	: 	: 	: 	: 	: 	: 	: 	: 	: 	: 	: 	: 	: 	: 	: 	: 	: 	: 	: 	: 	: 	: 	: 	: 	: 	: 	: 	: 	: 	: 	: 	: 	: 	: 	: 	: 	: 	: 	: 	: 	: 	: 	: 	: 	: 	: 	: 	: 	: 	: 	: 	: 	: 	: 	: 	: 	: 	: 	: 	: 	: 	: 	: 	: 	: 	: 	: 	: 	: 	: 	: 	: 	: 	: 	: 	: 	: 	: 	5301 	6431 	6032 	4747 	1495 	1559 	2247 	2082 	2155 	2194 	2119 	2117 	1796 	2007 	1454 	1286 	22511 	: 	: 	: 	: 	: 	: 	: 	: 	: 	: 	: 	: 	: 	: 	: 	: 	: 	: 	: 	: 	: 	: 	: 	: 	: 	: 	: 	: 	: 	: 	: 	: 	: 	: 	: 	: 	: 	: 	: 	: 	: 	: 
PAS,PAS_BRD,SK_LZIB_DE_EDDM	: 	: 	: 	: 	: 	: 	: 	: 	: 	: 	: 	: 	: 	: 	: 	: 	: 	: 	: 	: 	: 	: 	: 	: 	: 	: 	: 	: 	: 	: 	: 	: 	: 	: 	: 	: 	: 	: 	: 	: 	: 	: 	: 	: 	: 	: 	: 	: 	: 	: 	: 	: 	: 	: 	: 	: 	: 	: 	: 	: 	: 	: 	: 	: 	: 	: 	: 	: 	: 	: 	: 	: 	: 	: 	: 	: 	: 	: 	: 	: 	: 	: 	: 	: 	: 	: 	: 	: 	: 	: 	: 	: 	: 	: 	: 	: 	: 	: 	: 	: 	: 	: 	: 	: 	: 	: 	: 	: 	: 	: 	: 	: 	: 	: 	: 	: 	: 	: 	: 	: 	: 	: 	: 	: 	: 	: 	: 	: 	: 	: 	: 	: 	: 	: 	: 	: 	: 	: 	: 	: 	: 	: 	: 	: 	: 	10146 	11952 	14272 	12200 	2379 	3499 	4268 	4465 	3624 	3863 	4962 	4478 	4832 	4095 	4129 	3976 	48570 	14788 	15032 	15564 	13046 	4129 	4803 	5856 	6106 	4009 	4917 	5566 	5435 	4563 	5238 	4119 	3689 	58430 	15179 	14129 	15413 	12335 	4232 	5060 	5887 	5190 	4077 	4862 	5447 	5533 	4433 	4862 	3860 	3613 	57056 	: 	: 	: 	: 	: 	: 	: 	: 	: 	: 	: 	: 	: 	: 	: 	: 	: 	: 	: 	: 	: 	: 	: 	: 	: 	: 	: 	: 	: 	: 	: 	: 	: 	: 	: 	: 	: 	: 	: 	: 	: 	: 
PAS,PAS_BRD,SK_LZIB_DE_EDFH	: 	: 	: 	: 	: 	: 	: 	: 	: 	: 	: 	: 	: 	: 	: 	: 	: 	: 	: 	: 	: 	: 	: 	: 	: 	: 	: 	: 	: 	: 	: 	: 	: 	: 	: 	: 	: 	: 	: 	: 	: 	: 	: 	: 	: 	: 	: 	: 	: 	: 	: 	: 	: 	: 	: 	: 	: 	: 	: 	: 	: 	: 	: 	: 	: 	: 	: 	: 	: 	: 	: 	: 	: 	: 	: 	: 	: 	: 	: 	: 	: 	: 	: 	: 	: 	: 	: 	: 	: 	: 	: 	: 	: 	: 	: 	: 	: 	: 	: 	: 	: 	: 	: 	: 	: 	: 	: 	: 	: 	: 	: 	: 	: 	: 	: 	: 	: 	: 	: 	: 	: 	: 	: 	: 	: 	: 	: 	: 	9005 	11629 	10606 	11968 	2696 	2542 	3767 	3495 	4062 	4072 	3674 	3463 	3469 	4255 	4040 	3673 	43208 	15966 	26032 	22773 	17140 	4273 	4146 	7547 	7843 	9115 	9074 	8365 	7991 	6417 	6499 	5838 	4803 	81911 	19160 	25849 	25200 	21188 	5912 	4931 	8317 	8091 	8850 	8908 	8417 	8273 	8510 	7982 	6746 	6460 	91397 	23979 	26584 	24526 	17467 	7929 	7090 	8960 	8291 	9335 	8958 	8661 	7778 	8087 	6149 	5527 	5791 	92556 	: 	: 	: 	: 	: 	: 	: 	: 	: 	: 	: 	: 	: 	: 	: 	: 	: 	: 	: 	: 	: 	: 	: 	: 	: 	: 	: 	: 	: 	: 	: 	: 	: 	: 	: 	: 	: 	: 	: 	: 	: 	: 
PAS,PAS_BRD,SK_LZIB_DK_EKCH	: 	: 	: 	: 	: 	: 	: 	: 	: 	: 	: 	: 	: 	: 	: 	: 	: 	: 	: 	: 	: 	: 	: 	: 	: 	: 	: 	: 	: 	: 	: 	: 	: 	: 	: 	: 	: 	: 	: 	: 	: 	: 	: 	: 	: 	: 	: 	: 	: 	: 	: 	: 	: 	: 	: 	: 	: 	: 	: 	: 	: 	: 	: 	: 	: 	: 	: 	: 	: 	: 	: 	: 	: 	: 	: 	: 	: 	: 	: 	: 	: 	: 	: 	: 	: 	: 	: 	: 	: 	: 	: 	: 	: 	: 	: 	: 	: 	: 	: 	: 	: 	: 	: 	: 	: 	: 	: 	: 	: 	: 	: 	: 	: 	: 	: 	: 	: 	: 	: 	: 	: 	: 	: 	: 	: 	: 	: 	: 	: 	: 	: 	: 	: 	: 	: 	: 	: 	: 	: 	: 	: 	: 	: 	: 	: 	: 	: 	: 	: 	: 	: 	: 	: 	: 	: 	: 	: 	: 	: 	: 	: 	: 	: 	: 	: 	: 	: 	: 	: 	: 	: 	: 	: 	: 	: 	: 	: 	: 	: 	5363 	5597 	4842 	4444 	1704 	1752 	1907 	1562 	1908 	2127 	1804 	1392 	1646 	1737 	1443 	1264 	20246 	: 	: 	: 	: 	: 	: 	: 	: 	: 	: 	: 	: 	: 	: 	: 	: 	: 	: 	: 	: 	: 	: 	: 	: 	: 	: 	: 	: 	: 	: 	: 	: 	: 	: 	: 	: 	: 	: 	: 	: 	: 	: 
PAS,PAS_BRD,SK_LZIB_EG_HEGN	10906 	3315 	9837 	5872 	3712 	1322 	1459 	1050 	806 	5525 	21102 	2194 	: 	1133 	1239 	3153 	6634 	7406 	7062 	2194 	: 	: 	: 	: 	: 	28821 	3329 	21122 	10766 	778 	: 	: 	3329 	5174 	8316 	7632 	5145 	3289 	2332 	315 	: 	463 	35995 	4995 	20394 	7848 	: 	444 	1189 	3362 	5078 	7568 	7748 	5421 	1921 	506 	: 	: 	: 	33237 	1577 	12607 	11376 	184 	: 	518 	1059 	619 	4153 	7835 	7073 	2719 	1584 	184 	: 	: 	25744 	4787 	23237 	13471 	510 	: 	1269 	3518 	6219 	7782 	9236 	7555 	3518 	2398 	333 	: 	177 	42005 	9150 	34541 	15100 	2330 	479 	1875 	6796 	9949 	12162 	12430 	8465 	4385 	2250 	980 	103 	1247 	61121 	13215 	40963 	20501 	4224 	1814 	3351 	8050 	12142 	14252 	14569 	11110 	6548 	2843 	1616 	1073 	1535 	78903 	11342 	35923 	20515 	4629 	1456 	2345 	7541 	10643 	12467 	12813 	10733 	6315 	3467 	2212 	1218 	1199 	72409 	12938 	46359 	27086 	8198 	1627 	3247 	8064 	13237 	15948 	17174 	13529 	8414 	5143 	3947 	2595 	1656 	94581 	13264 	39651 	21831 	3988 	1801 	3290 	8173 	11207 	14027 	14417 	11150 	6527 	4154 	2155 	1022 	811 	78734 	8119 	24140 	16545 	4173 	1419 	1768 	4932 	6739 	8964 	8437 	7508 	5449 	3588 	2238 	928 	1007 	52977 	: 	: 	: 	: 	: 	: 	: 	: 	: 	: 	: 	: 	: 	: 	: 	: 	: 	: 	: 	: 	: 	: 	: 	: 	: 	: 	: 	: 	: 	: 	: 	: 	: 	: 	: 	: 	: 	: 	: 	: 	: 	: 
PAS,PAS_BRD,SK_LZIB_EL_LGAV	9092 	8749 	3204 	2761 	3159 	3172 	2828 	2826 	3095 	11349 	13667 	12808 	12860 	3826 	3114 	4409 	4537 	4604 	4526 	4342 	4340 	4126 	4443 	4023 	4394 	50684 	13297 	15288 	12751 	386 	4863 	3871 	4563 	4316 	5538 	5434 	4628 	4034 	4089 	: 	: 	386 	41722 	: 	: 	: 	: 	: 	: 	: 	: 	: 	: 	: 	: 	: 	: 	: 	: 	: 	: 	: 	: 	: 	: 	: 	: 	: 	: 	: 	: 	: 	: 	: 	: 	: 	: 	: 	: 	: 	: 	: 	: 	: 	: 	: 	: 	: 	: 	: 	: 	: 	: 	: 	: 	: 	: 	: 	: 	: 	: 	: 	: 	: 	: 	: 	: 	: 	: 	: 	: 	: 	: 	: 	: 	: 	: 	: 	: 	: 	: 	: 	: 	: 	: 	: 	: 	: 	: 	: 	: 	: 	: 	: 	: 	: 	: 	: 	: 	: 	: 	: 	: 	: 	: 	: 	: 	: 	: 	: 	: 	: 	: 	: 	: 	: 	: 	: 	: 	: 	: 	: 	: 	: 	: 	: 	: 	: 	: 	: 	: 	: 	: 	: 	: 	: 	: 	: 	: 	: 	: 	: 	: 	: 	: 	: 	: 	: 	: 	: 	: 	: 	: 	: 	: 	: 	: 	: 	: 	: 	: 	: 	: 	: 	: 	: 	: 	: 	: 	: 	: 	: 	: 	: 	: 	: 	: 	: 	: 	: 	: 	: 	: 	: 	: 	: 	: 	: 	: 	: 	: 	: 	: 	: 	: 	: 	: 	: 
PAS,PAS_BRD,SK_LZIB_EL_LGIR	: 	: 	: 	: 	: 	: 	: 	: 	: 	278 	33695 	5756 	: 	: 	: 	278 	8025 	12533 	13137 	5756 	: 	: 	: 	: 	: 	39729 	151 	25360 	4335 	: 	: 	: 	151 	6502 	10012 	8846 	4159 	176 	: 	: 	: 	: 	29846 	635 	21514 	3318 	357 	448 	: 	187 	5659 	8420 	7435 	3318 	: 	: 	357 	: 	: 	25824 	112 	17167 	3425 	: 	112 	: 	: 	3668 	6994 	6505 	3425 	: 	: 	: 	: 	: 	20704 	: 	: 	: 	: 	: 	: 	: 	: 	: 	: 	: 	: 	: 	: 	: 	: 	: 	116 	16278 	3646 	: 	: 	: 	116 	4272 	5820 	6186 	3646 	: 	: 	: 	: 	: 	20040 	: 	16585 	3653 	3 	: 	: 	: 	4024 	5895 	6666 	3650 	: 	3 	3 	: 	: 	20241 	: 	: 	: 	: 	: 	: 	: 	: 	: 	: 	: 	: 	: 	: 	: 	: 	: 	288 	21802 	5114 	: 	: 	193 	95 	5753 	8105 	7944 	5049 	61 	4 	: 	: 	: 	27204 	49 	16665 	3956 	: 	: 	: 	49 	3625 	6716 	6324 	3843 	113 	: 	: 	: 	: 	20670 	549 	21273 	4714 	: 	298 	: 	251 	4913 	7591 	8769 	4458 	256 	: 	: 	: 	: 	26536 	: 	: 	: 	: 	: 	: 	: 	: 	: 	: 	: 	: 	: 	: 	: 	: 	: 	: 	: 	: 	: 	: 	: 	: 	: 	: 	: 	: 	: 	: 	: 	: 	: 	: 	: 	: 	: 	: 	: 	: 	: 	: 
PAS,PAS_BRD,SK_LZIB_EL_LGKR	: 	: 	: 	: 	: 	: 	: 	: 	: 	1120 	18579 	4750 	: 	: 	: 	1120 	4975 	7084 	6520 	3379 	1184 	187 	: 	: 	: 	24449 	: 	: 	: 	: 	: 	: 	: 	: 	: 	: 	: 	: 	: 	: 	: 	: 	: 	: 	: 	: 	: 	: 	: 	: 	: 	: 	: 	: 	: 	: 	: 	: 	: 	: 	: 	: 	: 	: 	: 	: 	: 	: 	: 	: 	: 	: 	: 	: 	: 	: 	: 	: 	: 	: 	: 	: 	: 	: 	: 	: 	: 	: 	: 	: 	: 	: 	: 	: 	: 	: 	: 	: 	: 	: 	: 	: 	: 	: 	: 	: 	: 	: 	: 	: 	: 	: 	: 	: 	: 	: 	: 	: 	: 	: 	: 	: 	: 	: 	: 	: 	: 	: 	: 	: 	: 	: 	: 	: 	: 	: 	: 	: 	: 	: 	: 	: 	: 	: 	: 	: 	: 	: 	: 	: 	: 	: 	: 	: 	: 	: 	: 	: 	: 	: 	: 	: 	: 	: 	: 	: 	: 	: 	: 	: 	: 	: 	: 	: 	: 	: 	: 	: 	: 	: 	: 	: 	: 	: 	: 	: 	: 	: 	: 	: 	: 	: 	: 	: 	: 	: 	: 	: 	: 	: 	: 	: 	: 	: 	: 	: 	: 	: 	: 	: 	: 	: 	: 	: 	: 	: 	: 	: 	: 	: 	: 	: 	: 	: 	: 	: 	: 	: 	: 	: 	: 	: 	: 	: 	: 	: 	: 	: 
PAS,PAS_BRD,SK_LZIB_EL_LGRP	: 	: 	: 	: 	: 	: 	: 	: 	: 	184 	29637 	4947 	: 	: 	: 	184 	7831 	11113 	10693 	4947 	: 	: 	: 	: 	: 	34768 	138 	29613 	6482 	: 	: 	: 	138 	7122 	11311 	11180 	6482 	: 	: 	: 	: 	: 	36233 	169 	28042 	5481 	: 	: 	: 	169 	7348 	10187 	10507 	5481 	: 	: 	: 	: 	: 	33692 	: 	19762 	4655 	: 	: 	: 	: 	5142 	7012 	7608 	4655 	: 	: 	: 	: 	: 	24417 	329 	19792 	3487 	: 	: 	: 	329 	5160 	6841 	7791 	3487 	: 	: 	: 	: 	: 	23608 	271 	23800 	6105 	: 	: 	: 	271 	5958 	8514 	9328 	5977 	128 	: 	: 	: 	: 	30176 	326 	21854 	4285 	: 	: 	: 	326 	5775 	8352 	7727 	4285 	: 	: 	: 	: 	: 	26465 	296 	23740 	5546 	: 	: 	: 	296 	5776 	9052 	8912 	5546 	: 	: 	: 	: 	: 	29582 	358 	25777 	6153 	: 	: 	: 	358 	6809 	9186 	9782 	5972 	181 	: 	: 	: 	: 	32288 	279 	30286 	7448 	: 	: 	: 	279 	7675 	10927 	11684 	7448 	: 	: 	: 	: 	: 	38013 	1181 	34007 	7920 	: 	: 	: 	1181 	8943 	11867 	13197 	7817 	103 	: 	: 	: 	: 	43108 	: 	: 	: 	: 	: 	: 	: 	: 	: 	: 	: 	: 	: 	: 	: 	: 	: 	: 	: 	: 	: 	: 	: 	: 	: 	: 	: 	: 	: 	: 	: 	: 	: 	: 	: 	: 	: 	: 	: 	: 	: 	: 
PAS,PAS_BRD,SK_LZIB_ES_GCLP	: 	: 	: 	: 	: 	: 	: 	: 	: 	: 	: 	: 	: 	: 	: 	: 	: 	: 	: 	: 	: 	: 	: 	: 	: 	: 	: 	: 	: 	: 	: 	: 	: 	: 	: 	: 	: 	: 	: 	: 	: 	: 	: 	: 	: 	: 	: 	: 	: 	: 	: 	: 	: 	: 	: 	: 	: 	: 	: 	: 	: 	: 	: 	: 	: 	: 	: 	: 	: 	: 	: 	: 	: 	: 	: 	: 	: 	: 	: 	: 	: 	: 	: 	: 	: 	: 	: 	: 	: 	: 	: 	: 	: 	: 	8496 	10814 	8751 	3666 	2854 	2591 	3051 	3434 	3652 	3728 	2926 	2909 	2916 	2598 	1068 	: 	31727 	: 	: 	: 	: 	: 	: 	: 	: 	: 	: 	: 	: 	: 	: 	: 	: 	: 	: 	: 	: 	: 	: 	: 	: 	: 	: 	: 	: 	: 	: 	: 	: 	: 	: 	: 	: 	: 	: 	: 	: 	: 	: 	: 	: 	: 	: 	: 	: 	: 	: 	: 	: 	: 	: 	: 	: 	: 	: 	: 	: 	: 	: 	: 	: 	: 	: 	: 	: 	: 	: 	: 	: 	: 	: 	: 	: 	: 	: 	: 	: 	: 	: 	: 	: 	: 	: 	: 	: 	: 	: 	: 	: 	: 	: 	: 	: 	: 	: 	: 	: 	: 	: 	: 	: 	: 	: 	: 	: 	: 	: 	: 	: 	: 	: 	: 	: 	: 	: 	: 	: 	: 	: 	: 	: 	: 	: 	: 
PAS,PAS_BRD,SK_LZIB_ES_LEAL	: 	: 	: 	: 	: 	: 	: 	: 	: 	: 	: 	: 	: 	: 	: 	: 	: 	: 	: 	: 	: 	: 	: 	: 	: 	: 	: 	: 	: 	: 	: 	: 	: 	: 	: 	: 	: 	: 	: 	: 	: 	: 	: 	: 	: 	: 	: 	: 	: 	: 	: 	: 	: 	: 	: 	: 	: 	: 	: 	: 	: 	: 	: 	: 	: 	: 	: 	: 	: 	: 	: 	: 	: 	: 	: 	: 	: 	: 	: 	: 	: 	: 	: 	: 	: 	: 	: 	: 	: 	: 	: 	: 	: 	: 	3910 	13951 	12450 	7857 	: 	: 	3910 	4457 	4827 	4667 	4403 	4200 	3847 	3450 	2344 	2063 	38168 	6919 	9535 	8391 	6920 	1730 	2551 	2638 	3122 	3187 	3226 	2776 	2921 	2694 	2700 	2118 	2102 	31765 	7256 	10567 	2357 	: 	2016 	2501 	2739 	2787 	4638 	3142 	2357 	: 	: 	: 	: 	: 	20180 	: 	: 	: 	: 	: 	: 	: 	: 	: 	: 	: 	: 	: 	: 	: 	: 	: 	: 	: 	: 	: 	: 	: 	: 	: 	: 	: 	: 	: 	: 	: 	: 	: 	: 	: 	: 	: 	: 	: 	: 	: 	: 	: 	: 	: 	: 	: 	: 	: 	: 	: 	: 	: 	: 	: 	: 	: 	: 	: 	: 	: 	: 	: 	: 	: 	: 	: 	: 	: 	: 	: 	: 	: 	: 	: 	: 	: 	: 	: 	: 	: 	: 	: 	: 	: 	: 	: 	: 	: 	: 	: 	: 	: 
PAS,PAS_BRD,SK_LZIB_ES_LEBL	: 	: 	: 	: 	: 	: 	: 	: 	: 	: 	: 	: 	: 	: 	: 	: 	: 	: 	: 	: 	: 	: 	: 	: 	: 	: 	: 	: 	: 	: 	: 	: 	: 	: 	: 	: 	: 	: 	: 	: 	: 	: 	: 	: 	: 	: 	: 	: 	: 	: 	: 	: 	: 	: 	: 	: 	: 	: 	: 	: 	: 	: 	: 	: 	: 	: 	: 	: 	: 	: 	: 	: 	: 	: 	: 	: 	: 	: 	: 	: 	: 	: 	: 	: 	: 	: 	: 	: 	: 	: 	: 	: 	: 	: 	: 	: 	: 	: 	: 	: 	: 	: 	: 	: 	: 	: 	: 	: 	: 	: 	: 	: 	: 	: 	: 	: 	: 	: 	: 	: 	: 	: 	: 	: 	: 	: 	: 	: 	: 	: 	: 	: 	: 	: 	: 	: 	: 	: 	: 	: 	: 	: 	: 	: 	: 	: 	: 	: 	: 	: 	: 	: 	: 	: 	: 	: 	: 	: 	: 	: 	: 	: 	4032 	12037 	8890 	5665 	563 	388 	3081 	4001 	3969 	4067 	3756 	2839 	2295 	2220 	1807 	1638 	30624 	6162 	14608 	9424 	4578 	1772 	1564 	2826 	4771 	5170 	4667 	3988 	2764 	2672 	1667 	1389 	1522 	34772 	: 	: 	: 	: 	: 	: 	: 	: 	: 	: 	: 	: 	: 	: 	: 	: 	: 	: 	: 	: 	: 	: 	: 	: 	: 	: 	: 	: 	: 	: 	: 	: 	: 	: 	: 	: 	: 	: 	: 	: 	: 	: 
PAS,PAS_BRD,SK_LZIB_ES_LEGE	9169 	9020 	5082 	3156 	3191 	2822 	3174 	2839 	3007 	8931 	12698 	8557 	8240 	3086 	2761 	3084 	3153 	6377 	3168 	2626 	3011 	2920 	2309 	3045 	2886 	38426 	8427 	12268 	8691 	7911 	2330 	2961 	3136 	2861 	6167 	3240 	3004 	2999 	2688 	3023 	2502 	2386 	37297 	8615 	12059 	8333 	1 	2982 	2582 	3051 	2777 	4898 	4384 	2920 	2606 	2807 	: 	: 	1 	29008 	3301 	9162 	7964 	1529 	: 	311 	2990 	3159 	2843 	3160 	2900 	2839 	2225 	1529 	: 	: 	21956 	2950 	9862 	8289 	485 	: 	: 	2950 	3618 	3143 	3101 	2653 	2719 	2917 	485 	: 	: 	21586 	2664 	9092 	8725 	4011 	: 	: 	2664 	3062 	2841 	3189 	3079 	3000 	2646 	4011 	: 	0 	24492 	3807 	13607 	10889 	9915 	0 	: 	3807 	4242 	4875 	4490 	4254 	3652 	2983 	4060 	3044 	2811 	38218 	9209 	8877 	8573 	162 	3295 	2890 	3024 	2914 	2942 	3021 	2626 	2916 	3031 	162 	: 	: 	26821 	4102 	18760 	15371 	11918 	: 	: 	4102 	5659 	6609 	6492 	5899 	4956 	4516 	4762 	4165 	2991 	50151 	: 	: 	: 	: 	: 	: 	: 	: 	: 	: 	: 	: 	: 	: 	: 	: 	: 	: 	: 	: 	: 	: 	: 	: 	: 	: 	: 	: 	: 	: 	: 	: 	: 	: 	: 	: 	: 	: 	: 	: 	: 	: 	: 	: 	: 	: 	: 	: 	: 	: 	: 	: 	: 	: 	: 	: 	: 	: 	: 	: 	: 	: 	: 	: 	: 	: 	: 	: 	: 	: 	: 	: 	: 	: 	: 	: 
PAS,PAS_BRD,SK_LZIB_ES_LEMD	9684 	10206 	3364 	3232 	3234 	3218 	3195 	3599 	3412 	11139 	14007 	13290 	13292 	3848 	2855 	4436 	4509 	5066 	4432 	4482 	4453 	4355 	4318 	4409 	4565 	51728 	13756 	13882 	12476 	340 	4689 	4614 	4453 	4480 	4563 	4839 	4008 	4241 	4227 	340 	: 	: 	40454 	: 	: 	: 	: 	: 	: 	: 	: 	: 	: 	: 	: 	: 	: 	: 	: 	: 	: 	: 	: 	: 	: 	: 	: 	: 	: 	: 	: 	: 	: 	: 	: 	: 	: 	: 	: 	: 	: 	: 	: 	: 	: 	: 	: 	: 	: 	: 	: 	: 	: 	: 	: 	: 	: 	: 	: 	: 	: 	: 	: 	: 	: 	: 	: 	: 	: 	: 	: 	: 	: 	: 	: 	: 	: 	: 	: 	: 	: 	: 	: 	: 	: 	: 	: 	: 	: 	: 	: 	: 	: 	: 	: 	: 	: 	: 	: 	: 	: 	: 	: 	: 	: 	: 	: 	: 	: 	: 	: 	: 	: 	: 	: 	: 	: 	: 	: 	: 	: 	: 	: 	: 	: 	: 	: 	: 	: 	: 	: 	: 	: 	: 	: 	: 	: 	: 	: 	: 	: 	: 	: 	: 	: 	: 	: 	: 	: 	: 	: 	: 	: 	: 	: 	: 	: 	: 	: 	: 	: 	: 	: 	: 	: 	: 	: 	: 	: 	: 	: 	: 	: 	: 	: 	: 	: 	: 	: 	: 	: 	: 	: 	: 	: 	: 	: 	: 	: 	: 	: 	: 	: 	: 	: 	: 	: 	: 
PAS,PAS_BRD,SK_LZIB_ES_LEMG	: 	: 	: 	: 	: 	: 	: 	: 	: 	2803 	13708 	9606 	1394 	: 	2 	2801 	4061 	4750 	4897 	3454 	3022 	3130 	1392 	2 	: 	27511 	3497 	13530 	9409 	353 	8 	340 	3149 	3713 	4683 	5134 	3647 	3088 	2674 	349 	4 	: 	26789 	3388 	13569 	9143 	5 	: 	309 	3079 	3754 	5025 	4790 	3577 	2661 	2905 	4 	1 	: 	26105 	3480 	13209 	9101 	708 	: 	334 	3146 	4116 	4176 	4917 	3744 	3023 	2334 	708 	: 	: 	26498 	2986 	20403 	13675 	788 	: 	: 	2986 	6425 	7292 	6686 	6069 	3862 	3744 	788 	: 	: 	37852 	2659 	11607 	9241 	7649 	: 	: 	2659 	3010 	4239 	4358 	3575 	2986 	2680 	2978 	2359 	2312 	31156 	: 	: 	: 	: 	: 	: 	: 	: 	: 	: 	: 	: 	: 	: 	: 	: 	: 	: 	: 	: 	: 	: 	: 	: 	: 	: 	: 	: 	: 	: 	: 	: 	: 	: 	: 	: 	: 	: 	: 	: 	: 	: 	: 	: 	: 	: 	: 	: 	: 	: 	: 	: 	: 	: 	: 	: 	: 	: 	: 	: 	: 	: 	: 	: 	: 	: 	: 	: 	: 	: 	: 	: 	: 	: 	: 	: 	: 	: 	: 	: 	: 	: 	: 	: 	: 	: 	: 	: 	: 	: 	: 	: 	: 	: 	: 	: 	: 	: 	: 	: 	: 	: 	: 	: 	: 	: 	: 	: 	: 	: 	: 	: 	: 	: 	: 	: 	: 	: 	: 	: 	: 	: 	: 	: 	: 	: 	: 
PAS,PAS_BRD,SK_LZIB_ES_LEPA	: 	: 	: 	: 	: 	: 	: 	: 	: 	3018 	21563 	10699 	: 	: 	: 	3018 	5730 	7816 	8017 	5004 	2941 	2754 	: 	: 	: 	35280 	3214 	17912 	10015 	292 	: 	273 	2941 	4812 	6578 	6522 	4449 	3022 	2544 	292 	: 	: 	31433 	1846 	17903 	7880 	: 	: 	245 	1601 	5062 	6139 	6702 	3911 	2790 	1179 	: 	: 	: 	27629 	3345 	24322 	10238 	593 	: 	438 	2907 	6413 	8827 	9082 	5030 	2495 	2713 	589 	4 	: 	38498 	2242 	22920 	10231 	507 	: 	: 	2242 	5859 	9674 	7387 	5528 	2401 	2302 	507 	: 	: 	35900 	4757 	31781 	17826 	343 	: 	: 	4757 	8353 	11530 	11898 	8440 	4694 	4692 	343 	: 	: 	54707 	4595 	26119 	10278 	: 	: 	: 	4595 	6874 	9035 	10210 	6860 	3418 	: 	: 	: 	: 	40992 	: 	: 	: 	: 	: 	: 	: 	: 	: 	: 	: 	: 	: 	: 	: 	: 	: 	: 	: 	: 	: 	: 	: 	: 	: 	: 	: 	: 	: 	: 	: 	: 	: 	: 	: 	: 	: 	: 	: 	: 	: 	: 	: 	: 	: 	: 	: 	: 	: 	: 	: 	: 	: 	: 	: 	: 	: 	: 	: 	: 	: 	: 	: 	: 	: 	: 	: 	: 	: 	: 	: 	: 	: 	: 	: 	: 	: 	: 	: 	: 	: 	: 	: 	: 	: 	: 	: 	: 	: 	: 	: 	: 	: 	: 	: 	: 	: 	: 	: 	: 	: 	: 	: 	: 	: 	: 	: 	: 	: 	: 
PAS,PAS_BRD,SK_LZIB_FR_LFMN	: 	: 	: 	: 	: 	: 	: 	: 	: 	: 	: 	: 	: 	: 	: 	: 	: 	: 	: 	: 	: 	: 	: 	: 	: 	: 	: 	: 	: 	: 	: 	: 	: 	: 	: 	: 	: 	: 	: 	: 	: 	: 	: 	: 	: 	: 	: 	: 	: 	: 	: 	: 	: 	: 	: 	: 	: 	: 	: 	: 	: 	: 	: 	: 	: 	: 	: 	: 	: 	: 	: 	: 	: 	: 	: 	: 	: 	: 	: 	: 	: 	: 	: 	: 	: 	: 	: 	: 	: 	: 	: 	: 	: 	: 	: 	: 	: 	: 	: 	: 	: 	: 	: 	: 	: 	: 	: 	: 	: 	: 	: 	: 	: 	: 	: 	: 	: 	: 	: 	: 	: 	: 	: 	: 	: 	: 	: 	: 	: 	: 	: 	: 	: 	: 	: 	: 	: 	: 	: 	: 	: 	: 	: 	: 	: 	: 	: 	: 	: 	: 	: 	: 	: 	: 	: 	: 	: 	: 	: 	: 	: 	: 	: 	: 	: 	: 	: 	: 	: 	: 	: 	: 	: 	: 	: 	: 	: 	: 	: 	2634 	9711 	9059 	5011 	: 	: 	2634 	3090 	3244 	3377 	3141 	3184 	2734 	2195 	1352 	1464 	26415 	: 	: 	: 	: 	: 	: 	: 	: 	: 	: 	: 	: 	: 	: 	: 	: 	: 	: 	: 	: 	: 	: 	: 	: 	: 	: 	: 	: 	: 	: 	: 	: 	: 	: 	: 	: 	: 	: 	: 	: 	: 	: 
PAS,PAS_BRD,SK_LZIB_FR_LFOB	: 	: 	: 	: 	: 	: 	: 	: 	: 	4887 	11695 	10218 	: 	: 	885 	4002 	3565 	4226 	3904 	2664 	3562 	3992 	: 	: 	: 	26800 	4986 	13259 	12694 	281 	: 	316 	4670 	4360 	4494 	4405 	4363 	4345 	3986 	281 	: 	: 	31220 	2300 	13288 	11539 	1 	: 	: 	2300 	3989 	4842 	4457 	3145 	4304 	4090 	1 	: 	: 	27128 	3527 	13068 	12267 	293 	: 	: 	3527 	4270 	4436 	4362 	4002 	4574 	3691 	293 	: 	: 	29155 	4322 	16093 	16161 	9200 	: 	: 	4322 	4353 	5914 	5826 	5279 	5314 	5568 	2819 	3215 	3166 	45776 	11842 	16462 	16704 	10277 	3611 	3080 	5151 	4884 	5791 	5787 	5477 	5711 	5516 	3978 	3287 	3012 	55285 	12176 	15666 	14949 	13782 	3730 	3565 	4881 	4705 	5711 	5250 	5448 	5549 	3952 	5201 	4196 	4385 	56573 	: 	: 	: 	: 	: 	: 	: 	: 	: 	: 	: 	: 	: 	: 	: 	: 	: 	: 	: 	: 	: 	: 	: 	: 	: 	: 	: 	: 	: 	: 	: 	: 	: 	: 	: 	: 	: 	: 	: 	: 	: 	: 	: 	: 	: 	: 	: 	: 	: 	: 	: 	: 	: 	: 	: 	: 	: 	: 	: 	: 	: 	: 	: 	: 	: 	: 	: 	: 	: 	: 	: 	: 	: 	: 	: 	: 	: 	: 	: 	: 	: 	: 	: 	: 	: 	: 	: 	: 	: 	: 	: 	: 	: 	: 	: 	: 	: 	: 	: 	: 	: 	: 	: 	: 	: 	: 	: 	: 	: 	: 
PAS,PAS_BRD,SK_LZIB_FR_LFPO	: 	: 	: 	: 	: 	: 	: 	: 	: 	: 	: 	: 	: 	: 	: 	: 	: 	: 	: 	: 	: 	: 	: 	: 	: 	: 	: 	: 	: 	: 	: 	: 	: 	: 	: 	: 	: 	: 	: 	: 	: 	: 	: 	: 	: 	: 	: 	: 	: 	: 	: 	: 	: 	: 	: 	: 	: 	: 	: 	: 	: 	: 	: 	: 	: 	: 	: 	: 	: 	: 	: 	: 	: 	: 	: 	: 	: 	: 	: 	: 	: 	: 	: 	: 	: 	: 	: 	: 	: 	: 	: 	: 	: 	: 	: 	: 	: 	: 	: 	: 	: 	: 	: 	: 	: 	: 	: 	: 	: 	: 	: 	: 	: 	: 	: 	: 	: 	: 	: 	: 	: 	: 	: 	: 	: 	: 	: 	: 	: 	13564 	27554 	23194 	: 	: 	: 	: 	7767 	5797 	6782 	10630 	10142 	8068 	7306 	7820 	64312 	27765 	21050 	33793 	27218 	9072 	9098 	9595 	7829 	6293 	6928 	8704 	13104 	11985 	10892 	8308 	8018 	109826 	27119 	18559 	27021 	23514 	8655 	9253 	9211 	6518 	5907 	6134 	7710 	10056 	9255 	9886 	7781 	5847 	96213 	24961 	20132 	28568 	22671 	7362 	8116 	9483 	8155 	5841 	6136 	8749 	10821 	8998 	8723 	7237 	6711 	96332 	: 	: 	: 	: 	: 	: 	: 	: 	: 	: 	: 	: 	: 	: 	: 	: 	: 	: 	: 	: 	: 	: 	: 	: 	: 	: 	: 	: 	: 	: 	: 	: 	: 	: 	: 	: 	: 	: 	: 	: 	: 	: 
PAS,PAS_BRD,SK_LZIB_FR_LFSB	: 	: 	: 	: 	: 	: 	: 	: 	: 	: 	: 	: 	: 	: 	: 	: 	: 	: 	: 	: 	: 	: 	: 	: 	: 	: 	: 	: 	: 	: 	: 	: 	: 	: 	: 	: 	: 	: 	: 	: 	: 	: 	: 	: 	: 	: 	: 	: 	: 	: 	: 	: 	: 	: 	: 	: 	: 	: 	: 	: 	: 	: 	: 	: 	: 	: 	: 	: 	: 	: 	: 	: 	: 	: 	: 	: 	: 	: 	: 	: 	: 	: 	: 	: 	: 	: 	: 	: 	: 	: 	: 	: 	: 	: 	: 	: 	: 	: 	: 	: 	: 	: 	: 	: 	: 	: 	: 	: 	: 	: 	: 	: 	: 	: 	: 	: 	: 	: 	: 	: 	: 	: 	: 	: 	: 	: 	: 	: 	: 	: 	: 	: 	: 	: 	: 	: 	: 	: 	: 	: 	: 	: 	: 	: 	: 	: 	: 	: 	: 	: 	: 	: 	: 	: 	: 	: 	: 	: 	: 	: 	: 	: 	2637 	11008 	8369 	8481 	: 	: 	2637 	3172 	3959 	3877 	2852 	2710 	2807 	3250 	2835 	2396 	30495 	8539 	9763 	8960 	6853 	2553 	2631 	3355 	3127 	3135 	3501 	3091 	2843 	3026 	2682 	1938 	2233 	34115 	: 	: 	: 	: 	: 	: 	: 	: 	: 	: 	: 	: 	: 	: 	: 	: 	: 	: 	: 	: 	: 	: 	: 	: 	: 	: 	: 	: 	: 	: 	: 	: 	: 	: 	: 	: 	: 	: 	: 	: 	: 	: 
PAS,PAS_BRD,SK_LZIB_IE_EICK	: 	: 	: 	: 	: 	: 	: 	: 	: 	: 	: 	: 	: 	: 	: 	: 	: 	: 	: 	: 	: 	: 	: 	: 	: 	: 	: 	: 	: 	: 	: 	: 	: 	: 	: 	: 	: 	: 	: 	: 	: 	: 	: 	: 	: 	: 	: 	: 	: 	: 	: 	: 	: 	: 	: 	: 	: 	: 	: 	: 	: 	: 	: 	: 	: 	: 	: 	: 	: 	: 	: 	: 	: 	: 	: 	: 	: 	: 	: 	: 	: 	: 	: 	: 	: 	: 	: 	: 	: 	: 	: 	: 	: 	: 	: 	: 	: 	: 	: 	: 	: 	: 	: 	: 	: 	: 	: 	: 	: 	: 	: 	: 	: 	: 	: 	: 	: 	: 	: 	: 	: 	: 	: 	: 	: 	: 	: 	: 	: 	: 	: 	: 	: 	: 	: 	: 	: 	: 	: 	: 	: 	: 	: 	: 	: 	1560 	9539 	8540 	8086 	: 	: 	1560 	2794 	3273 	3472 	2845 	2983 	2712 	3004 	2529 	2553 	27725 	: 	: 	: 	: 	: 	: 	: 	: 	: 	: 	: 	: 	: 	: 	: 	: 	: 	: 	: 	: 	: 	: 	: 	: 	: 	: 	: 	: 	: 	: 	: 	: 	: 	: 	: 	: 	: 	: 	: 	: 	: 	: 	: 	: 	: 	: 	: 	: 	: 	: 	: 	: 	: 	: 	: 	: 	: 	: 	: 	: 	: 	: 	: 	: 	: 	: 	: 	: 	: 	: 	: 	: 	: 	: 	: 	: 
PAS,PAS_BRD,SK_LZIB_IE_EIDW	32111 	31189 	11293 	10693 	10800 	10618 	11020 	9721 	10448 	34879 	33731 	32200 	31306 	10991 	12813 	11075 	11630 	11167 	10934 	10417 	11143 	10640 	11148 	9967 	10191 	132116 	31373 	32637 	31184 	29760 	9936 	10511 	10926 	10160 	11121 	11356 	10342 	10480 	10362 	10693 	9340 	9727 	124954 	28500 	26313 	22685 	20187 	9805 	9562 	9133 	8647 	8563 	9103 	8284 	7289 	7112 	7119 	6071 	6997 	97685 	22950 	27614 	25157 	19960 	7366 	6922 	8662 	8768 	9138 	9708 	8571 	8139 	8447 	7721 	5783 	6456 	95681 	19002 	23672 	23375 	18256 	7219 	5721 	6062 	6322 	9035 	8315 	6989 	8266 	8120 	6363 	5410 	6483 	84305 	18443 	24408 	22920 	21232 	6694 	5615 	6134 	8166 	8134 	8108 	7940 	7712 	7268 	7172 	6623 	7437 	87003 	22912 	26658 	21181 	16703 	7074 	7261 	8577 	7702 	9606 	9350 	8435 	7017 	5729 	6212 	5095 	5396 	87454 	19089 	20453 	18158 	13155 	5844 	5972 	7273 	7375 	6532 	6546 	6059 	6213 	5886 	4661 	4057 	4437 	70855 	26842 	50285 	38543 	35115 	6010 	8693 	12139 	14450 	18054 	17781 	13760 	12895 	11888 	13244 	10921 	10950 	150785 	34668 	30999 	28330 	24439 	11462 	12165 	11041 	11450 	9632 	9917 	9040 	10551 	8739 	9149 	7371 	7919 	118436 	23397 	24010 	21200 	7224 	8282 	7686 	7429 	7446 	8640 	7924 	7171 	7158 	6871 	2699 	2053 	2472 	75831 	: 	: 	: 	: 	: 	: 	: 	: 	: 	: 	: 	: 	: 	: 	: 	: 	: 	: 	: 	: 	: 	: 	: 	: 	: 	: 	: 	: 	: 	: 	: 	: 	: 	: 	: 	: 	: 	: 	: 	: 	: 	: 
PAS,PAS_BRD,SK_LZIB_IN_VIAR	: 	: 	: 	: 	: 	: 	: 	: 	: 	: 	: 	: 	: 	: 	: 	: 	: 	: 	: 	: 	: 	: 	: 	: 	: 	: 	: 	: 	: 	: 	: 	: 	: 	: 	: 	: 	: 	: 	: 	: 	: 	: 	: 	: 	: 	: 	: 	: 	: 	: 	: 	: 	: 	: 	: 	: 	: 	: 	: 	: 	: 	: 	: 	: 	: 	: 	: 	: 	: 	: 	: 	: 	: 	: 	: 	: 	: 	: 	: 	: 	: 	: 	: 	: 	: 	: 	: 	: 	: 	: 	: 	: 	: 	: 	: 	: 	: 	: 	: 	: 	: 	: 	: 	: 	: 	: 	: 	: 	: 	: 	: 	: 	: 	: 	: 	: 	: 	: 	: 	: 	: 	: 	: 	: 	: 	: 	: 	: 	: 	: 	: 	: 	: 	: 	: 	: 	: 	: 	: 	: 	: 	: 	: 	: 	: 	3805 	: 	3749 	13467 	1606 	1372 	827 	: 	: 	: 	282 	563 	2904 	4507 	4181 	4779 	21021 	: 	: 	: 	: 	: 	: 	: 	: 	: 	: 	: 	: 	: 	: 	: 	: 	: 	: 	: 	: 	: 	: 	: 	: 	: 	: 	: 	: 	: 	: 	: 	: 	: 	: 	: 	: 	: 	: 	: 	: 	: 	: 	: 	: 	: 	: 	: 	: 	: 	: 	: 	: 	: 	: 	: 	: 	: 	: 	: 	: 	: 	: 	: 	: 	: 	: 	: 	: 	: 	: 	: 	: 	: 	: 	: 	: 
PAS,PAS_BRD,SK_LZIB_IT_LICT	: 	: 	: 	: 	: 	: 	: 	: 	: 	2761 	9256 	8690 	: 	: 	: 	2761 	3168 	2871 	3217 	3071 	2985 	2634 	: 	: 	: 	20707 	: 	: 	: 	: 	: 	: 	: 	: 	: 	: 	: 	: 	: 	: 	: 	: 	: 	3190 	8916 	7942 	: 	: 	275 	2915 	2724 	3025 	3167 	2840 	2441 	2661 	: 	: 	: 	20048 	: 	: 	: 	: 	: 	: 	: 	: 	: 	: 	: 	: 	: 	: 	: 	: 	: 	: 	: 	: 	: 	: 	: 	: 	: 	: 	: 	: 	: 	: 	: 	: 	: 	: 	: 	: 	: 	: 	: 	: 	: 	: 	: 	: 	: 	: 	: 	: 	: 	: 	: 	: 	: 	: 	: 	: 	: 	: 	: 	: 	: 	: 	: 	: 	: 	: 	: 	: 	: 	: 	: 	: 	: 	: 	: 	: 	: 	: 	: 	: 	: 	: 	: 	: 	: 	: 	: 	: 	: 	: 	: 	: 	: 	: 	: 	: 	: 	: 	: 	: 	: 	: 	: 	: 	: 	: 	: 	: 	: 	: 	: 	: 	: 	: 	: 	: 	: 	: 	: 	: 	: 	: 	: 	: 	: 	: 	: 	: 	: 	: 	: 	: 	: 	: 	: 	: 	: 	: 	: 	: 	: 	: 	: 	: 	: 	: 	: 	: 	: 	: 	: 	: 	: 	: 	: 	: 	: 	: 	: 	: 	: 	: 	: 	: 	: 	: 	: 	: 	: 	: 	: 	: 	: 	: 	: 	: 	: 	: 
PAS,PAS_BRD,SK_LZIB_IT_LIEA	: 	: 	: 	: 	: 	: 	: 	: 	: 	3041 	9289 	8943 	8498 	: 	: 	3041 	2824 	3237 	3228 	2779 	3067 	3097 	2947 	2593 	2958 	29771 	8044 	8576 	7782 	7800 	3534 	2203 	2307 	3218 	2853 	2505 	2658 	2629 	2495 	2864 	2482 	2454 	32202 	9291 	10747 	7831 	6264 	3131 	2799 	3361 	4761 	2872 	3114 	2915 	2452 	2464 	2635 	1713 	1916 	34133 	7621 	9336 	7598 	589 	2697 	2125 	2799 	3034 	3192 	3110 	2472 	2506 	2620 	589 	: 	: 	25144 	: 	: 	: 	: 	: 	: 	: 	: 	: 	: 	: 	: 	: 	: 	: 	: 	: 	: 	: 	: 	: 	: 	: 	: 	: 	: 	: 	: 	: 	: 	: 	: 	: 	: 	: 	: 	: 	: 	: 	: 	: 	: 	: 	: 	: 	: 	: 	: 	: 	: 	: 	: 	: 	: 	: 	: 	: 	: 	: 	: 	: 	: 	: 	: 	: 	: 	: 	: 	: 	: 	: 	: 	: 	: 	: 	: 	: 	: 	: 	: 	: 	: 	: 	: 	: 	: 	: 	: 	: 	: 	: 	: 	: 	: 	: 	: 	: 	: 	: 	: 	: 	: 	: 	: 	: 	: 	: 	: 	: 	: 	: 	: 	: 	: 	: 	: 	: 	: 	: 	: 	: 	: 	: 	: 	: 	: 	: 	: 	: 	: 	: 	: 	: 	: 	: 	: 	: 	: 	: 	: 	: 	: 	: 	: 	: 	: 	: 	: 	: 	: 	: 	: 	: 	: 	: 	: 	: 	: 	: 	: 	: 
PAS,PAS_BRD,SK_LZIB_IT_LIME	18455 	17732 	6390 	6046 	6442 	5967 	6002 	5565 	6165 	18852 	18453 	17653 	17743 	6320 	6222 	6310 	5930 	6271 	6252 	5440 	6278 	5935 	5809 	5616 	6318 	72701 	18829 	18559 	18493 	16834 	6694 	6094 	6041 	5989 	6270 	6300 	6252 	6310 	5931 	6216 	5213 	5405 	72715 	17786 	17644 	12892 	16226 	6015 	5765 	6006 	5823 	5725 	6096 	5025 	2279 	5588 	6069 	5072 	5085 	64548 	20366 	20556 	20341 	16417 	6588 	6592 	7186 	6384 	7389 	6783 	6673 	6684 	6984 	5839 	4858 	5720 	77680 	20309 	21440 	17723 	18662 	6363 	6041 	7905 	7228 	7207 	7005 	6283 	6276 	5164 	6689 	5574 	6399 	78134 	20344 	21029 	20900 	24741 	7340 	6409 	6595 	6754 	7017 	7258 	6847 	6942 	7111 	8717 	7864 	8160 	87014 	25296 	20187 	18262 	24898 	9422 	8743 	7131 	6285 	6621 	7281 	6294 	6311 	5657 	9129 	8078 	7691 	88643 	26106 	26881 	25246 	33466 	8593 	8672 	8841 	8683 	8756 	9442 	8352 	8325 	8569 	11657 	10976 	10833 	111699 	32933 	26439 	27294 	27308 	11912 	11329 	9692 	8643 	8848 	8948 	8500 	9198 	9596 	9722 	9056 	8530 	113974 	26294 	29446 	30566 	40724 	8478 	8101 	9715 	9232 	10251 	9963 	9625 	9967 	10974 	15079 	13206 	12439 	127030 	42776 	41993 	42198 	40109 	14952 	13726 	14098 	13552 	15158 	13283 	12678 	13764 	15756 	15132 	12657 	12320 	167076 	: 	: 	: 	: 	: 	: 	: 	: 	: 	: 	: 	: 	: 	: 	: 	: 	: 	: 	: 	: 	: 	: 	: 	: 	: 	: 	: 	: 	: 	: 	: 	: 	: 	: 	: 	: 	: 	: 	: 	: 	: 	: 
PAS,PAS_BRD,SK_LZIB_IT_LIPE	: 	: 	: 	: 	: 	: 	: 	: 	: 	: 	: 	: 	: 	: 	: 	: 	: 	: 	: 	: 	: 	: 	: 	: 	: 	: 	: 	: 	: 	: 	: 	: 	: 	: 	: 	: 	: 	: 	: 	: 	: 	: 	: 	: 	: 	: 	: 	: 	: 	: 	: 	: 	: 	: 	: 	: 	: 	: 	: 	: 	: 	: 	: 	: 	: 	: 	: 	: 	: 	: 	: 	: 	: 	: 	: 	: 	: 	: 	: 	: 	: 	: 	: 	: 	: 	: 	: 	: 	: 	: 	: 	: 	: 	: 	: 	: 	: 	: 	: 	: 	: 	: 	: 	: 	: 	: 	: 	: 	: 	: 	: 	3524 	11059 	9316 	8839 	18 	: 	3506 	3636 	3839 	3584 	3283 	3247 	2786 	3424 	2764 	2651 	32738 	: 	: 	: 	: 	: 	: 	: 	: 	: 	: 	: 	: 	: 	: 	: 	: 	: 	: 	: 	: 	: 	: 	: 	: 	: 	: 	: 	: 	: 	: 	: 	: 	: 	: 	: 	: 	: 	: 	: 	: 	: 	: 	: 	: 	: 	: 	: 	: 	: 	: 	: 	: 	: 	: 	: 	: 	: 	: 	: 	: 	: 	: 	: 	: 	: 	: 	: 	: 	: 	: 	: 	: 	: 	: 	: 	: 	: 	: 	: 	: 	: 	: 	: 	: 	: 	: 	: 	: 	: 	: 	: 	: 	: 	: 	: 	: 	: 	: 	: 	: 	: 	: 	: 	: 	: 	: 	: 	: 	: 	: 
PAS,PAS_BRD,SK_LZIB_IT_LIRA	13903 	13325 	4575 	4596 	5013 	4294 	4945 	4140 	4240 	10628 	13774 	12846 	13088 	4038 	4496 	2094 	4384 	4994 	4396 	4034 	4509 	4303 	4652 	3954 	4482 	50336 	14074 	18320 	17116 	12403 	4647 	3534 	5893 	6239 	6236 	5845 	5538 	5976 	5602 	4630 	3447 	4326 	61913 	13544 	17499 	16623 	6939 	4005 	4252 	5287 	5702 	6236 	5561 	5763 	5524 	5336 	2888 	2008 	2043 	54605 	10020 	13511 	13137 	6717 	2709 	2810 	4501 	4443 	4608 	4460 	4396 	4734 	4007 	2634 	2155 	1928 	43385 	8405 	12180 	12891 	9946 	2113 	2053 	4239 	3157 	4720 	4303 	4276 	4282 	4333 	3979 	2774 	3193 	43422 	11619 	13313 	12739 	10867 	4044 	3641 	3934 	4228 	4431 	4654 	4262 	4218 	4259 	4369 	3331 	3167 	48538 	11644 	12511 	11054 	9499 	3692 	3795 	4157 	4113 	4297 	4101 	4106 	3990 	2958 	4084 	2731 	2684 	44708 	: 	: 	: 	: 	: 	: 	: 	: 	: 	: 	: 	: 	: 	: 	: 	: 	: 	: 	: 	: 	: 	: 	: 	: 	: 	: 	: 	: 	: 	: 	: 	: 	: 	: 	: 	: 	: 	: 	: 	: 	: 	: 	: 	: 	: 	: 	: 	: 	: 	: 	: 	: 	: 	: 	: 	: 	: 	: 	: 	: 	: 	: 	: 	: 	: 	: 	: 	: 	: 	: 	: 	: 	: 	: 	: 	: 	: 	: 	: 	: 	: 	: 	: 	: 	: 	: 	: 	: 	: 	: 	: 	: 	: 	: 	: 	: 	: 	: 	: 	: 	: 	: 	: 	: 	: 	: 	: 	: 	: 	: 
PAS,PAS_BRD,SK_LZIB_IT_LIRF	: 	: 	: 	: 	: 	: 	: 	: 	: 	: 	: 	: 	: 	: 	: 	: 	: 	: 	: 	: 	: 	: 	: 	: 	: 	: 	: 	: 	: 	: 	: 	: 	: 	: 	: 	: 	: 	: 	: 	: 	: 	: 	: 	: 	: 	: 	: 	: 	: 	: 	: 	: 	: 	: 	: 	: 	: 	: 	: 	: 	: 	: 	: 	: 	: 	: 	: 	: 	: 	: 	: 	: 	: 	: 	: 	: 	: 	: 	: 	: 	: 	: 	: 	: 	: 	: 	: 	: 	: 	: 	: 	: 	: 	: 	: 	: 	: 	: 	: 	: 	: 	: 	: 	: 	: 	: 	: 	: 	: 	: 	: 	: 	: 	: 	: 	: 	: 	: 	: 	: 	: 	: 	: 	: 	: 	: 	: 	: 	12455 	8802 	16422 	14367 	3853 	4252 	4350 	1901 	3563 	3338 	3737 	6406 	6279 	5628 	4458 	4281 	52046 	17478 	12554 	18589 	16867 	5817 	5598 	6063 	4744 	4164 	3646 	4721 	7131 	6737 	7172 	5333 	4362 	65488 	17365 	13693 	16200 	12955 	5911 	5738 	5716 	4624 	4616 	4453 	4776 	5599 	5825 	6099 	3246 	3610 	60213 	13990 	13395 	14091 	9844 	4464 	4449 	5077 	4612 	4466 	4317 	4419 	4934 	4738 	4296 	2885 	2663 	51320 	: 	: 	: 	: 	: 	: 	: 	: 	: 	: 	: 	: 	: 	: 	: 	: 	: 	: 	: 	: 	: 	: 	: 	: 	: 	: 	: 	: 	: 	: 	: 	: 	: 	: 	: 	: 	: 	: 	: 	: 	: 	: 
PAS,PAS_BRD,SK_LZIB_IT_LIRP	: 	: 	: 	: 	: 	: 	: 	: 	: 	: 	: 	: 	: 	: 	: 	: 	: 	: 	: 	: 	: 	: 	: 	: 	: 	: 	: 	: 	: 	: 	: 	: 	: 	: 	: 	: 	: 	: 	: 	: 	: 	: 	: 	: 	: 	: 	: 	: 	: 	: 	: 	: 	: 	: 	: 	: 	: 	: 	: 	: 	: 	: 	: 	: 	: 	: 	: 	: 	: 	: 	: 	: 	: 	: 	: 	: 	: 	: 	: 	: 	: 	: 	: 	: 	: 	: 	: 	: 	: 	: 	: 	: 	: 	: 	: 	: 	: 	: 	: 	: 	: 	: 	: 	: 	: 	: 	: 	: 	: 	: 	: 	1873 	7492 	6233 	4640 	3 	: 	1870 	2320 	2649 	2523 	2109 	2050 	2074 	1757 	1388 	1495 	20238 	: 	: 	: 	: 	: 	: 	: 	: 	: 	: 	: 	: 	: 	: 	: 	: 	: 	: 	: 	: 	: 	: 	: 	: 	: 	: 	: 	: 	: 	: 	: 	: 	: 	: 	: 	: 	: 	: 	: 	: 	: 	: 	: 	: 	: 	: 	: 	: 	: 	: 	: 	: 	: 	: 	: 	: 	: 	: 	: 	: 	: 	: 	: 	: 	: 	: 	: 	: 	: 	: 	: 	: 	: 	: 	: 	: 	: 	: 	: 	: 	: 	: 	: 	: 	: 	: 	: 	: 	: 	: 	: 	: 	: 	: 	: 	: 	: 	: 	: 	: 	: 	: 	: 	: 	: 	: 	: 	: 	: 	: 
PAS,PAS_BRD,SK_LZIB_MK_LWSK	8213 	7971 	4477 	2873 	2794 	2546 	3053 	2084 	2834 	7675 	8578 	7732 	254 	2557 	2388 	2730 	2906 	2847 	2825 	2482 	2707 	2543 	254 	0 	0 	24239 	: 	: 	: 	: 	: 	: 	: 	: 	: 	: 	: 	: 	: 	: 	: 	: 	: 	: 	: 	: 	: 	: 	: 	: 	: 	: 	: 	: 	: 	: 	: 	: 	: 	: 	: 	: 	: 	: 	: 	: 	: 	: 	: 	: 	: 	: 	: 	: 	: 	: 	: 	: 	: 	: 	: 	: 	: 	: 	: 	: 	: 	: 	: 	: 	: 	: 	: 	: 	: 	: 	: 	: 	: 	: 	: 	: 	: 	: 	: 	: 	: 	: 	: 	: 	: 	: 	: 	: 	: 	: 	: 	: 	: 	: 	: 	: 	: 	: 	: 	: 	: 	: 	: 	: 	: 	: 	: 	: 	: 	: 	: 	: 	: 	: 	: 	: 	: 	: 	: 	: 	: 	: 	: 	: 	: 	: 	: 	: 	: 	: 	: 	: 	: 	: 	: 	: 	: 	: 	: 	: 	: 	: 	: 	: 	: 	: 	: 	: 	: 	: 	: 	: 	: 	: 	: 	: 	: 	: 	: 	: 	: 	: 	: 	: 	: 	: 	: 	: 	: 	: 	: 	: 	: 	: 	: 	: 	: 	: 	: 	: 	: 	: 	: 	: 	: 	: 	: 	: 	: 	: 	: 	: 	: 	: 	: 	: 	: 	: 	: 	: 	: 	: 	: 	: 	: 	: 	: 	: 	: 	: 	: 	: 
PAS,PAS_BRD,SK_LZIB_NL_EHAM	: 	: 	: 	: 	: 	: 	: 	: 	: 	: 	: 	: 	: 	: 	: 	: 	: 	: 	: 	: 	: 	: 	: 	: 	: 	: 	: 	: 	: 	: 	: 	: 	: 	: 	: 	: 	: 	: 	: 	: 	: 	: 	: 	: 	: 	: 	: 	: 	: 	: 	: 	: 	: 	: 	: 	: 	: 	: 	: 	: 	: 	: 	: 	: 	: 	: 	: 	: 	: 	: 	: 	: 	: 	: 	: 	: 	: 	: 	: 	: 	: 	: 	: 	: 	: 	: 	: 	: 	: 	: 	: 	: 	: 	: 	: 	: 	: 	: 	: 	: 	: 	: 	: 	: 	: 	: 	: 	: 	: 	: 	: 	: 	: 	: 	: 	: 	: 	: 	: 	: 	: 	: 	: 	: 	: 	: 	: 	: 	: 	: 	: 	: 	: 	: 	: 	: 	: 	: 	: 	: 	: 	: 	: 	: 	: 	: 	: 	: 	: 	: 	: 	: 	: 	: 	: 	: 	: 	: 	: 	: 	: 	: 	5045 	13655 	17099 	16018 	: 	: 	5045 	4530 	4579 	4546 	4793 	6280 	6026 	6353 	5476 	4189 	51817 	13312 	15496 	18079 	12434 	4116 	3977 	5219 	4990 	5394 	5112 	5581 	6235 	6263 	4855 	4061 	3518 	59321 	: 	: 	: 	: 	: 	: 	: 	: 	: 	: 	: 	: 	: 	: 	: 	: 	: 	: 	: 	: 	: 	: 	: 	: 	: 	: 	: 	: 	: 	: 	: 	: 	: 	: 	: 	: 	: 	: 	: 	: 	: 	: 
PAS,PAS_BRD,SK_LZIB_RO_LRBS	: 	: 	: 	: 	: 	: 	: 	: 	: 	: 	: 	: 	: 	: 	: 	: 	: 	: 	: 	: 	: 	: 	: 	: 	: 	: 	: 	: 	: 	: 	: 	: 	: 	: 	: 	: 	: 	: 	: 	: 	: 	: 	: 	: 	: 	: 	: 	: 	: 	: 	: 	: 	: 	: 	: 	: 	: 	: 	: 	: 	: 	: 	: 	: 	: 	: 	: 	: 	: 	: 	: 	: 	: 	: 	: 	: 	: 	: 	: 	: 	: 	: 	: 	: 	: 	: 	: 	: 	: 	: 	: 	: 	: 	: 	: 	: 	: 	: 	: 	: 	: 	: 	: 	: 	: 	: 	: 	: 	: 	: 	: 	: 	: 	: 	: 	: 	: 	: 	: 	: 	: 	: 	: 	: 	: 	: 	: 	: 	: 	: 	: 	: 	: 	: 	: 	: 	: 	: 	: 	: 	: 	: 	: 	: 	: 	: 	: 	: 	: 	: 	: 	: 	: 	: 	: 	: 	: 	: 	: 	: 	: 	: 	: 	: 	: 	: 	: 	: 	: 	: 	: 	: 	: 	: 	: 	: 	: 	: 	: 	8009 	10589 	7959 	4727 	2373 	2356 	3280 	3515 	3491 	3583 	2689 	2510 	2760 	1869 	1605 	1253 	31284 	: 	: 	: 	: 	: 	: 	: 	: 	: 	: 	: 	: 	: 	: 	: 	: 	: 	: 	: 	: 	: 	: 	: 	: 	: 	: 	: 	: 	: 	: 	: 	: 	: 	: 	: 	: 	: 	: 	: 	: 	: 	: 
PAS,PAS_BRD,SK_LZIB_RU_UUEE	: 	: 	: 	: 	: 	: 	: 	: 	: 	: 	: 	: 	: 	: 	: 	: 	: 	: 	: 	: 	: 	: 	: 	: 	: 	: 	: 	: 	: 	: 	: 	: 	: 	: 	: 	: 	: 	: 	: 	: 	: 	: 	: 	: 	: 	: 	: 	: 	: 	: 	: 	: 	: 	: 	: 	: 	: 	: 	: 	: 	: 	: 	: 	: 	: 	: 	: 	: 	: 	: 	: 	: 	: 	: 	: 	: 	: 	: 	: 	: 	: 	: 	: 	: 	: 	: 	: 	: 	: 	: 	: 	: 	: 	: 	: 	: 	: 	: 	: 	: 	: 	: 	: 	: 	: 	: 	: 	: 	: 	: 	: 	: 	: 	: 	: 	: 	: 	: 	: 	: 	: 	: 	: 	: 	: 	: 	: 	: 	: 	: 	: 	: 	: 	: 	: 	: 	: 	: 	: 	: 	: 	: 	: 	: 	: 	: 	: 	: 	: 	: 	: 	: 	: 	: 	: 	: 	: 	: 	: 	: 	: 	: 	: 	: 	: 	: 	: 	: 	: 	: 	: 	: 	: 	: 	: 	: 	: 	: 	: 	5678 	6553 	5455 	5172 	1605 	1801 	2272 	2237 	2243 	2073 	1991 	1792 	1672 	1674 	1748 	1750 	22858 	: 	: 	: 	: 	: 	: 	: 	: 	: 	: 	: 	: 	: 	: 	: 	: 	: 	: 	: 	: 	: 	: 	: 	: 	: 	: 	: 	: 	: 	: 	: 	: 	: 	: 	: 	: 	: 	: 	: 	: 	: 	24384 
PAS,PAS_BRD,SK_LZIB_RU_UUWW	19143 	20333 	6211 	6361 	6383 	6399 	7536 	5432 	7365 	21173 	13606 	19240 	18182 	7347 	6902 	6924 	5402 	3991 	4213 	4251 	8237 	6752 	5895 	5626 	6661 	72201 	: 	: 	: 	: 	: 	: 	: 	: 	: 	: 	: 	: 	: 	: 	: 	: 	: 	: 	: 	: 	: 	: 	: 	: 	: 	: 	: 	: 	: 	: 	: 	: 	: 	: 	: 	: 	: 	: 	: 	: 	: 	: 	: 	: 	: 	: 	: 	: 	: 	: 	: 	4494 	7072 	5508 	4749 	1383 	1201 	1910 	2446 	2213 	2413 	1600 	1839 	2069 	1653 	1414 	1682 	21823 	: 	: 	: 	: 	: 	: 	: 	: 	: 	: 	: 	: 	: 	: 	: 	: 	: 	: 	: 	: 	: 	: 	: 	: 	: 	: 	: 	: 	: 	: 	: 	: 	: 	: 	: 	: 	: 	: 	: 	: 	: 	: 	: 	: 	: 	: 	: 	: 	: 	: 	: 	: 	: 	: 	: 	: 	: 	: 	: 	: 	: 	: 	: 	: 	: 	: 	: 	: 	: 	: 	: 	: 	: 	: 	: 	: 	: 	: 	: 	: 	: 	: 	: 	: 	: 	: 	: 	: 	: 	: 	: 	: 	: 	: 	: 	: 	: 	: 	: 	: 	: 	: 	: 	: 	: 	: 	: 	: 	: 	: 	: 	: 	: 	: 	: 	: 	: 	: 	: 	: 	: 	: 	: 	: 	: 	: 	: 	: 	: 	: 	: 	: 	: 	: 	: 	: 	: 	: 	: 	: 	: 	: 	: 	: 
PAS,PAS_BRD,SK_LZIB_SE_ESKN	: 	: 	: 	: 	: 	: 	: 	: 	: 	: 	: 	: 	: 	: 	: 	: 	: 	: 	: 	: 	: 	: 	: 	: 	: 	: 	: 	: 	: 	: 	: 	: 	: 	: 	: 	: 	: 	: 	: 	: 	: 	: 	: 	: 	: 	: 	: 	: 	: 	: 	: 	: 	: 	: 	: 	: 	: 	: 	: 	: 	: 	: 	: 	: 	: 	: 	: 	: 	: 	: 	: 	: 	: 	: 	: 	: 	: 	: 	: 	: 	: 	: 	: 	: 	: 	: 	: 	: 	: 	: 	: 	: 	: 	: 	: 	: 	: 	: 	: 	: 	: 	: 	: 	: 	: 	: 	: 	: 	: 	: 	: 	7364 	12066 	9984 	7786 	1692 	2240 	3432 	3466 	3867 	4733 	3742 	3340 	2902 	3345 	2092 	2349 	37200 	8975 	12215 	11479 	8516 	3115 	2254 	3606 	3665 	4087 	4463 	3984 	3634 	3861 	2993 	2957 	2566 	41185 	12011 	20957 	18922 	12382 	2873 	3033 	6105 	7311 	6512 	7134 	6202 	6921 	5799 	5130 	3918 	3334 	64272 	: 	: 	: 	: 	: 	: 	: 	: 	: 	: 	: 	: 	: 	: 	: 	: 	: 	: 	: 	: 	: 	: 	: 	: 	: 	: 	: 	: 	: 	: 	: 	: 	: 	: 	: 	: 	: 	: 	: 	: 	: 	: 	: 	: 	: 	: 	: 	: 	: 	: 	: 	: 	: 	: 	: 	: 	: 	: 	: 	: 	: 	: 	: 	: 	: 	: 	: 	: 	: 	: 	: 	: 	: 	: 	: 	: 
PAS,PAS_BRD,SK_LZIB_SK_LZKZ	: 	: 	: 	: 	: 	: 	: 	: 	: 	6654 	4987 	7897 	6131 	2114 	2611 	1929 	2021 	1443 	1523 	3170 	2403 	2324 	2545 	2095 	1491 	25669 	6952 	5086 	6741 	5341 	2323 	2523 	2106 	2321 	1312 	1453 	2585 	1900 	2256 	2024 	1956 	1361 	24120 	: 	: 	: 	: 	: 	: 	: 	: 	: 	: 	: 	: 	: 	: 	: 	: 	: 	: 	: 	: 	: 	: 	: 	: 	: 	: 	: 	: 	: 	: 	: 	: 	: 	: 	5525 	7990 	8123 	6697 	1171 	1574 	2780 	2486 	2758 	2746 	2552 	2894 	2677 	2622 	2156 	1919 	28335 	7965 	7530 	9227 	7574 	2363 	2768 	2834 	2738 	2441 	2351 	3100 	3535 	2592 	2815 	2473 	2286 	32296 	9071 	9739 	9982 	10664 	2622 	3172 	3277 	3367 	3231 	3141 	3729 	3271 	2982 	3878 	3594 	3192 	39456 	12670 	21498 	35836 	30923 	3648 	4055 	4967 	4688 	8034 	8776 	11711 	11775 	12350 	9862 	9763 	11298 	100927 	41423 	50896 	54874 	45945 	13014 	14771 	13638 	16268 	17350 	17278 	19377 	17840 	17657 	16890 	14586 	14469 	193138 	51004 	44391 	44995 	33940 	14639 	17149 	19216 	14527 	14901 	14963 	15403 	16176 	13416 	13479 	10401 	10060 	174330 	29906 	30423 	30409 	24826 	9543 	10082 	10281 	10154 	10314 	9955 	10725 	10304 	9380 	9522 	7670 	7634 	115564 	: 	: 	: 	: 	: 	: 	: 	: 	: 	: 	: 	: 	: 	: 	: 	: 	: 	: 	: 	: 	: 	: 	: 	: 	: 	: 	: 	: 	: 	: 	: 	: 	: 	: 	: 	: 	: 	: 	: 	: 	: 	16288 
PAS,PAS_BRD,SK_LZIB_TN_DTMB	: 	: 	: 	: 	: 	: 	: 	: 	: 	: 	: 	: 	: 	: 	: 	: 	: 	: 	: 	: 	: 	: 	: 	: 	: 	: 	: 	: 	: 	: 	: 	: 	: 	: 	: 	: 	: 	: 	: 	: 	: 	: 	: 	141 	25871 	5074 	: 	: 	: 	141 	5552 	9816 	10503 	4923 	151 	: 	: 	: 	: 	31086 	264 	25591 	5602 	: 	: 	: 	264 	4951 	10261 	10379 	5443 	159 	: 	: 	: 	: 	31457 	112 	26336 	6433 	: 	: 	: 	112 	4427 	10825 	11084 	6233 	200 	: 	: 	: 	: 	32881 	112 	20311 	2324 	: 	: 	: 	112 	5022 	8099 	7190 	2324 	: 	: 	: 	: 	: 	22747 	362 	23470 	5096 	: 	: 	: 	362 	5732 	8622 	9116 	4630 	466 	: 	: 	: 	: 	28928 	420 	22544 	6872 	: 	: 	: 	420 	5447 	7653 	9444 	6115 	757 	: 	: 	: 	: 	29836 	836 	32065 	8751 	: 	: 	: 	836 	7502 	11620 	12943 	7214 	1537 	: 	: 	: 	: 	41652 	2050 	26126 	7694 	: 	: 	: 	2050 	6625 	9268 	10233 	6221 	1467 	6 	: 	: 	: 	35870 	1359 	22254 	6322 	: 	: 	: 	1359 	6715 	7781 	7758 	5330 	992 	: 	: 	: 	: 	29935 	: 	: 	: 	: 	: 	: 	: 	: 	: 	: 	: 	: 	: 	: 	: 	: 	: 	: 	: 	: 	: 	: 	: 	: 	: 	: 	: 	: 	: 	: 	: 	: 	: 	: 	: 	: 	: 	: 	: 	: 	: 	20767 
PAS,PAS_BRD,SK_LZIB_TR_LTAI	11141 	14 	27066 	10657 	484 	: 	: 	6 	8 	901 	40850 	5371 	3 	: 	374 	527 	9855 	13744 	17251 	5186 	185 	: 	: 	: 	3 	47125 	1549 	107608 	25690 	829 	: 	353 	1196 	23825 	40940 	42843 	24175 	1515 	: 	646 	: 	183 	135676 	1996 	91019 	21778 	: 	183 	358 	1455 	22429 	34327 	34263 	19602 	2176 	: 	: 	: 	: 	114793 	3257 	97309 	24743 	728 	182 	180 	2895 	23717 	36006 	37586 	23518 	1061 	164 	561 	167 	: 	126037 	3738 	79454 	22222 	353 	: 	392 	3346 	21151 	28490 	29813 	19836 	1688 	698 	353 	: 	: 	105767 	5306 	92727 	26555 	1313 	: 	540 	4766 	24407 	33213 	35107 	22674 	2206 	1675 	1313 	: 	: 	125901 	5679 	60268 	21060 	: 	: 	1306 	4373 	15004 	22594 	22670 	18115 	2780 	165 	: 	: 	: 	87007 	2329 	53148 	16223 	: 	: 	: 	2329 	13820 	20261 	19067 	13803 	1923 	497 	: 	: 	: 	71700 	135 	41266 	11715 	11 	: 	: 	135 	9628 	15517 	16121 	11715 	: 	: 	: 	: 	11 	53127 	793 	32423 	7778 	: 	: 	513 	280 	7737 	12416 	12270 	7778 	: 	: 	: 	: 	: 	40994 	854 	17745 	3279 	301 	570 	: 	284 	3682 	6984 	7079 	3279 	: 	: 	301 	: 	: 	22179 	: 	: 	: 	: 	: 	: 	: 	: 	: 	: 	: 	: 	: 	: 	: 	: 	: 	: 	: 	: 	: 	: 	: 	: 	: 	: 	: 	: 	: 	: 	: 	: 	: 	: 	: 	: 	: 	: 	: 	: 	: 	19973 
PAS,PAS_BRD,SK_LZIB_UK_EGBB	14035 	13545 	4685 	4707 	4670 	4658 	4609 	4256 	4680 	14018 	14582 	13823 	15121 	4744 	4681 	4593 	4589 	5457 	4536 	4634 	4654 	4535 	4641 	5191 	5289 	57544 	13388 	13953 	13491 	13243 	4841 	3659 	4888 	4573 	4717 	4663 	4590 	4516 	4385 	4490 	4177 	4576 	54075 	11317 	12912 	13340 	8486 	3925 	4232 	3160 	3155 	4703 	5054 	4136 	4901 	4303 	2888 	2562 	3036 	46055 	10896 	13786 	13259 	7842 	3253 	2957 	4686 	4105 	5090 	4591 	4480 	4356 	4423 	2628 	2643 	2571 	45783 	9717 	13389 	12648 	11961 	3426 	2338 	3953 	4283 	4566 	4540 	4418 	4387 	3843 	4374 	3726 	3861 	47715 	12559 	13610 	13272 	12699 	4276 	4007 	4276 	4325 	4621 	4664 	4500 	4433 	4339 	4436 	3839 	4424 	52140 	12907 	14214 	11893 	11515 	4198 	4419 	4290 	4319 	4957 	4938 	4284 	4282 	3327 	4092 	3770 	3653 	50529 	12520 	12876 	11857 	3089 	4200 	3705 	4615 	4357 	4490 	4029 	3828 	3629 	4400 	1037 	607 	1445 	40342 	12595 	23482 	12990 	16891 	4419 	4274 	3902 	7086 	8327 	8069 	4201 	3790 	4999 	6927 	5460 	4504 	65958 	: 	: 	: 	: 	: 	: 	: 	: 	: 	: 	: 	: 	: 	: 	: 	: 	: 	: 	: 	: 	: 	: 	: 	: 	: 	: 	: 	: 	: 	: 	: 	: 	: 	: 	: 	: 	: 	: 	: 	: 	: 	: 	: 	: 	: 	: 	: 	: 	: 	: 	: 	: 	: 	: 	: 	: 	: 	: 	: 	: 	: 	: 	: 	: 	: 	: 	: 	: 	: 	: 	: 	: 	: 	: 	: 	: 
PAS,PAS_BRD,SK_LZIB_UK_EGCC	13954 	14082 	4663 	4658 	4655 	4641 	4640 	4262 	5180 	13897 	14233 	13860 	: 	4743 	4567 	4587 	4585 	4681 	4967 	4639 	4612 	4609 	: 	: 	: 	41990 	: 	: 	: 	: 	: 	: 	: 	: 	: 	: 	: 	: 	: 	: 	: 	: 	: 	: 	: 	: 	: 	: 	: 	: 	: 	: 	: 	: 	: 	: 	: 	: 	: 	: 	: 	: 	: 	: 	: 	: 	: 	: 	: 	: 	: 	: 	: 	: 	: 	: 	: 	: 	: 	: 	: 	: 	: 	: 	: 	: 	: 	: 	: 	: 	: 	: 	: 	: 	: 	: 	: 	: 	: 	: 	: 	: 	: 	: 	: 	: 	: 	: 	: 	: 	: 	: 	: 	: 	: 	: 	: 	: 	: 	: 	: 	: 	: 	: 	: 	: 	: 	: 	558 	10431 	16208 	15241 	541 	17 	: 	: 	4897 	5534 	4719 	5660 	5829 	5442 	4706 	5093 	42438 	15154 	22326 	22721 	20863 	5329 	4479 	5346 	6589 	7976 	7761 	7640 	7895 	7186 	7647 	6611 	6605 	81064 	17221 	14380 	11973 	9031 	6139 	5995 	5087 	4646 	5055 	4679 	4482 	3888 	3603 	3084 	2654 	3293 	52605 	8766 	12414 	11054 	6907 	2663 	2509 	3594 	4099 	4049 	4266 	3736 	3768 	3550 	2548 	2021 	2338 	39141 	: 	: 	: 	: 	: 	: 	: 	: 	: 	: 	: 	: 	: 	: 	: 	: 	: 	: 	: 	: 	: 	: 	: 	: 	: 	: 	: 	: 	: 	: 	: 	: 	: 	: 	: 	: 	: 	: 	: 	: 	: 	: 
PAS,PAS_BRD,SK_LZIB_UK_EGGD	: 	: 	: 	: 	: 	: 	: 	: 	: 	: 	: 	: 	: 	: 	: 	: 	: 	: 	: 	: 	: 	: 	: 	: 	: 	: 	: 	: 	: 	: 	: 	: 	: 	: 	: 	: 	: 	: 	: 	: 	: 	: 	: 	: 	: 	: 	: 	: 	: 	: 	: 	: 	: 	: 	: 	: 	: 	: 	: 	: 	3271 	9015 	8061 	866 	: 	340 	2931 	3002 	3207 	2806 	2898 	2727 	2436 	866 	: 	: 	21213 	2773 	8953 	7862 	7027 	: 	635 	2138 	2825 	3097 	3031 	2577 	2668 	2617 	2257 	2475 	2295 	26615 	: 	: 	: 	: 	: 	: 	: 	: 	: 	: 	: 	: 	: 	: 	: 	: 	: 	9211 	8897 	7512 	7613 	3438 	2621 	3152 	2598 	3120 	3179 	2580 	2626 	2306 	2477 	2469 	2667 	33233 	7457 	8919 	7469 	6265 	2625 	2284 	2548 	2645 	3141 	3133 	2858 	2472 	2139 	2165 	1815 	2285 	30110 	7470 	8052 	9117 	9277 	1878 	2270 	3322 	2442 	2628 	2982 	2598 	2988 	3531 	3306 	2851 	3120 	33916 	: 	: 	: 	: 	: 	: 	: 	: 	: 	: 	: 	: 	: 	: 	: 	: 	: 	: 	: 	: 	: 	: 	: 	: 	: 	: 	: 	: 	: 	: 	: 	: 	: 	: 	: 	: 	: 	: 	: 	: 	: 	: 	: 	: 	: 	: 	: 	: 	: 	: 	: 	: 	: 	: 	: 	: 	: 	: 	: 	: 	: 	: 	: 	: 	: 	: 	: 	: 	: 	: 	: 	: 	: 	: 	: 	: 
PAS,PAS_BRD,SK_LZIB_UK_EGGP	: 	: 	: 	: 	: 	: 	: 	: 	: 	: 	: 	: 	: 	: 	: 	: 	: 	: 	: 	: 	: 	: 	: 	: 	: 	: 	13832 	13878 	13710 	13399 	4951 	3999 	4882 	4500 	4690 	4688 	4629 	4556 	4525 	4530 	4169 	4700 	54819 	12710 	11431 	10330 	8738 	4035 	4232 	4443 	3178 	3281 	4972 	2781 	3142 	4407 	2905 	2624 	3209 	43209 	11039 	13438 	13317 	9924 	3386 	2993 	4660 	4106 	5042 	4290 	4438 	4425 	4454 	4010 	2704 	3210 	47718 	10185 	13364 	12505 	11620 	3298 	2648 	4239 	4286 	4555 	4523 	4345 	4295 	3865 	4280 	3584 	3756 	47674 	10945 	9094 	8474 	8403 	4130 	3851 	2964 	2694 	3190 	3210 	2698 	2870 	2906 	2777 	2560 	3066 	36916 	10143 	13137 	10595 	10039 	3065 	2890 	4188 	4170 	4291 	4676 	4128 	3481 	2986 	3876 	3126 	3037 	43914 	: 	: 	: 	: 	: 	: 	: 	: 	: 	: 	: 	: 	: 	: 	: 	: 	: 	: 	: 	: 	: 	: 	: 	: 	: 	: 	: 	: 	: 	: 	: 	: 	: 	: 	: 	: 	: 	: 	: 	: 	: 	: 	: 	: 	: 	: 	: 	: 	: 	: 	: 	: 	: 	: 	: 	: 	: 	: 	: 	: 	: 	: 	: 	: 	: 	: 	: 	: 	: 	: 	: 	: 	: 	: 	: 	: 	: 	: 	: 	: 	: 	: 	: 	: 	: 	: 	: 	: 	: 	: 	: 	: 	: 	: 	: 	: 	: 	: 	: 	: 	: 	: 	: 	: 	: 	: 	: 	: 	: 	: 
PAS,PAS_BRD,SK_LZIB_UK_EGGW	: 	: 	: 	: 	: 	: 	: 	: 	: 	6486 	18288 	17177 	16539 	: 	352 	6134 	5675 	6515 	6098 	5725 	5738 	5714 	5103 	5552 	5884 	58490 	16934 	20081 	20600 	15385 	5458 	5627 	5849 	5623 	6520 	7938 	6542 	7390 	6668 	5512 	4986 	4887 	73000 	17574 	19747 	17604 	14875 	4748 	5366 	7460 	7193 	6457 	6097 	6223 	5860 	5521 	5589 	4698 	4588 	69800 	16875 	18673 	17913 	12447 	5818 	5338 	5719 	6139 	6119 	6415 	5857 	6237 	5819 	4334 	3758 	4355 	65908 	15743 	21601 	20820 	13434 	4762 	4754 	6227 	6897 	7457 	7247 	7160 	6672 	6988 	5455 	3881 	4098 	71598 	18356 	31202 	27457 	24073 	4968 	3964 	9424 	9635 	10750 	10817 	9451 	9250 	8756 	8368 	7796 	7909 	101088 	25883 	29598 	23621 	1132 	8170 	8283 	9430 	9466 	10481 	9651 	8863 	8202 	6556 	1125 	3 	4 	80234 	29 	11946 	19737 	23631 	6 	: 	23 	6 	5636 	6304 	5298 	6917 	7522 	7867 	6790 	8974 	55343 	31326 	46886 	37283 	30361 	9657 	10490 	11179 	14319 	16440 	16127 	12277 	13723 	11283 	11962 	9686 	8713 	145856 	: 	: 	: 	: 	: 	: 	: 	: 	: 	: 	: 	: 	: 	: 	: 	: 	: 	270 	20258 	22471 	20444 	16 	4 	250 	7650 	6834 	5774 	7843 	7086 	7542 	7376 	6478 	6590 	63443 	: 	: 	: 	: 	: 	: 	: 	: 	: 	: 	: 	: 	: 	: 	: 	: 	: 	: 	: 	: 	: 	: 	: 	: 	: 	: 	: 	: 	: 	: 	: 	: 	: 	: 	: 	: 	: 	: 	: 	: 	: 	: 
PAS,PAS_BRD,SK_LZIB_UK_EGNM	9033 	8435 	3204 	3205 	3088 	2740 	2986 	2676 	2773 	: 	: 	: 	: 	: 	: 	: 	: 	: 	: 	: 	: 	: 	: 	: 	: 	: 	: 	: 	: 	: 	: 	: 	: 	: 	: 	: 	: 	: 	: 	: 	: 	: 	: 	: 	: 	: 	: 	: 	: 	: 	: 	: 	: 	: 	: 	: 	: 	: 	: 	: 	: 	: 	: 	: 	: 	: 	: 	: 	: 	: 	: 	: 	: 	: 	: 	: 	: 	: 	: 	: 	: 	: 	: 	: 	: 	: 	: 	: 	: 	: 	: 	: 	: 	: 	: 	: 	: 	: 	: 	: 	: 	: 	: 	: 	: 	: 	: 	: 	: 	: 	: 	: 	: 	: 	: 	: 	: 	: 	: 	: 	: 	: 	: 	: 	: 	: 	: 	: 	: 	: 	: 	: 	: 	: 	: 	: 	: 	: 	: 	: 	: 	: 	: 	: 	: 	: 	: 	: 	: 	: 	: 	: 	: 	: 	: 	: 	: 	: 	: 	: 	: 	: 	: 	: 	: 	: 	: 	: 	: 	: 	: 	: 	: 	: 	: 	: 	: 	: 	: 	: 	: 	: 	: 	: 	: 	: 	: 	: 	: 	: 	: 	: 	: 	: 	: 	: 	: 	: 	: 	: 	: 	: 	: 	: 	: 	: 	: 	: 	: 	: 	: 	: 	: 	: 	: 	: 	: 	: 	: 	: 	: 	: 	: 	: 	: 	: 	: 	: 	: 	: 	: 	: 	: 	: 	: 	: 	: 	: 
PAS,PAS_BRD,SK_LZIB_UK_EGNX	: 	: 	: 	: 	: 	: 	: 	: 	: 	: 	: 	: 	: 	: 	: 	: 	: 	: 	: 	: 	: 	: 	: 	: 	: 	: 	: 	: 	: 	: 	: 	: 	: 	: 	: 	: 	: 	: 	: 	: 	: 	: 	: 	: 	: 	: 	: 	: 	: 	: 	: 	: 	: 	: 	: 	: 	: 	: 	: 	: 	: 	: 	: 	: 	: 	: 	: 	: 	: 	: 	: 	: 	: 	: 	: 	: 	: 	: 	: 	: 	: 	: 	: 	: 	: 	: 	: 	: 	: 	: 	: 	: 	: 	: 	: 	: 	: 	: 	: 	: 	: 	: 	: 	: 	: 	: 	: 	: 	: 	: 	: 	: 	: 	: 	: 	: 	: 	: 	: 	: 	: 	: 	: 	: 	: 	: 	: 	: 	: 	1677 	7903 	13351 	: 	: 	: 	: 	: 	1677 	2489 	2617 	2797 	4352 	4462 	4537 	22931 	13901 	16496 	15174 	13657 	4184 	4551 	5166 	5188 	5958 	5350 	5567 	4853 	4754 	4939 	4549 	4169 	59228 	15158 	17899 	15352 	4636 	4538 	4858 	5762 	5692 	6126 	6081 	5349 	5060 	4943 	4177 	459 	: 	53045 	: 	: 	: 	: 	: 	: 	: 	: 	: 	: 	: 	: 	: 	: 	: 	: 	: 	: 	: 	: 	: 	: 	: 	: 	: 	: 	: 	: 	: 	: 	: 	: 	: 	: 	: 	: 	: 	: 	: 	: 	: 	: 	: 	: 	: 	: 	: 	: 	: 	: 	: 	: 	: 	: 	: 	: 	: 	: 	: 
PAS,PAS_BRD,SK_LZIB_UK_EGPH	9241 	8791 	4720 	3239 	2850 	3152 	3134 	2807 	2850 	8849 	11148 	9041 	1336 	2923 	2805 	3121 	2854 	3271 	5023 	3222 	3138 	2681 	1336 	: 	: 	30374 	2113 	11535 	9203 	347 	: 	: 	2113 	3180 	3256 	5099 	2873 	3210 	3120 	347 	: 	: 	23198 	2460 	11283 	8999 	: 	: 	: 	2460 	3194 	3399 	4690 	2843 	3162 	2994 	: 	: 	: 	22742 	5200 	13452 	12375 	669 	: 	625 	4575 	3973 	4982 	4497 	4271 	4129 	3975 	669 	: 	: 	31696 	3938 	9310 	10975 	7918 	: 	: 	3938 	4282 	1808 	3220 	4442 	3859 	2674 	2582 	2729 	2607 	32141 	9332 	13472 	11831 	8813 	2068 	2829 	4435 	4235 	4614 	4623 	4361 	3612 	3858 	3750 	2401 	2662 	43448 	9703 	17615 	14042 	7716 	2049 	2473 	5181 	5628 	5763 	6224 	5283 	4905 	3854 	2981 	2360 	2375 	49076 	9517 	17421 	13412 	8895 	2110 	2710 	4697 	5222 	6200 	5999 	4917 	4566 	3929 	3031 	2833 	3031 	49245 	: 	: 	: 	: 	: 	: 	: 	: 	: 	: 	: 	: 	: 	: 	: 	: 	: 	: 	: 	: 	: 	: 	: 	: 	: 	: 	: 	: 	: 	: 	: 	: 	: 	: 	: 	: 	: 	: 	: 	: 	: 	: 	: 	: 	: 	: 	: 	: 	: 	: 	: 	: 	: 	: 	: 	: 	: 	: 	: 	: 	: 	: 	: 	: 	: 	: 	: 	: 	: 	: 	: 	: 	: 	: 	: 	: 	: 	: 	: 	: 	: 	: 	: 	: 	: 	: 	: 	: 	: 	: 	: 	: 	: 
PAS,PAS_BRD,SK_LZIB_UK_EGSS	46746 	46149 	14020 	15375 	15836 	15535 	15940 	14577 	15632 	52841 	61569 	62757 	57433 	15688 	15798 	21355 	20549 	19334 	21686 	21197 	21452 	20108 	19857 	19180 	18396 	234600 	60905 	56944 	56177 	55663 	19052 	20172 	21681 	20711 	16748 	19485 	18739 	19145 	18293 	20089 	18108 	17466 	229689 	58726 	51301 	53245 	41554 	19564 	19303 	19859 	17701 	15790 	17810 	17567 	18535 	17143 	14305 	13298 	13951 	204826 	51642 	52628 	55159 	44678 	15781 	15472 	20389 	19838 	16214 	16576 	18962 	18798 	17399 	16340 	13535 	14803 	204107 	53562 	65382 	53364 	45200 	15583 	15937 	22042 	21543 	22346 	21493 	20095 	18440 	14829 	15599 	14436 	15165 	217508 	50539 	62964 	57682 	47713 	15456 	15134 	19949 	19555 	21538 	21871 	19779 	19358 	18545 	17193 	14393 	16127 	218898 	52811 	62181 	54745 	66127 	16518 	16671 	19622 	19478 	21096 	21607 	20062 	20075 	14608 	24577 	20686 	20864 	235864 	70372 	64972 	57673 	51736 	22332 	23554 	24486 	22209 	21544 	21219 	19272 	19480 	18921 	18331 	16280 	17125 	244753 	53327 	61864 	56296 	50773 	16653 	17756 	18918 	19474 	21308 	21082 	19184 	19597 	17515 	17954 	16185 	16634 	222260 	64389 	101784 	95485 	77952 	16144 	17883 	30362 	32033 	34881 	34870 	31934 	32703 	30848 	27946 	24158 	25848 	339610 	84714 	94327 	85542 	69372 	26494 	27990 	30230 	29423 	32306 	32598 	29424 	28259 	27859 	26358 	20940 	22074 	333955 	: 	: 	: 	: 	: 	: 	: 	: 	: 	: 	: 	: 	: 	: 	: 	: 	: 	: 	: 	: 	: 	: 	: 	: 	: 	: 	: 	: 	: 	: 	: 	: 	: 	: 	: 	: 	: 	: 	: 	: 	: 	: 
PAS,PAS_BRD,SK_LZKZ_AT_LOWW	14400 	10799 	4652 	5102 	4916 	4382 	4561 	3028 	3210 	13508 	14863 	14742 	11092 	3756 	4464 	5288 	5378 	4645 	4840 	5192 	4923 	4627 	4019 	3670 	3403 	54205 	13347 	16319 	16996 	12238 	3682 	4266 	5399 	5635 	5166 	5518 	6283 	5491 	5222 	4920 	3886 	3432 	58900 	12772 	15538 	14600 	10699 	3685 	4228 	4859 	5330 	4797 	5411 	5507 	4762 	4331 	3800 	3456 	3443 	53609 	13769 	15283 	14501 	11356 	4061 	4463 	5245 	5357 	4726 	5200 	5324 	4554 	4623 	4175 	3687 	3494 	54909 	12395 	15264 	13256 	11524 	3472 	4290 	4633 	4958 	4895 	5411 	4778 	4298 	4180 	4521 	3651 	3352 	52439 	11474 	11017 	11547 	8678 	3734 	4027 	3713 	3928 	3259 	3830 	3519 	4386 	3642 	3268 	2633 	2777 	42716 	8360 	8352 	6952 	5285 	2413 	2825 	3122 	3180 	2613 	2559 	2739 	2502 	1711 	1919 	1747 	1619 	28949 	6351 	5999 	5729 	5271 	1798 	2067 	2486 	2397 	1768 	1834 	2110 	1929 	1690 	2019 	1645 	1607 	23350 	6783 	8547 	9061 	7522 	1778 	2167 	2838 	3012 	2445 	3090 	3334 	2876 	2851 	2459 	2602 	2461 	31913 	8491 	9260 	8804 	7227 	2454 	2875 	3162 	3403 	2754 	3103 	3364 	2872 	2568 	2743 	2237 	2247 	33782 	7825 	8291 	7643 	6819 	2170 	2541 	3114 	3144 	2534 	2613 	2826 	2698 	2119 	2524 	2058 	2237 	30578 	: 	: 	: 	: 	: 	: 	: 	: 	: 	: 	: 	: 	: 	: 	: 	: 	: 	: 	: 	: 	: 	: 	: 	: 	: 	: 	: 	: 	: 	: 	: 	: 	: 	: 	: 	: 	: 	: 	: 	: 	: 	10714 
PAS,PAS_BRD,SK_LZKZ_BG_LBBG	: 	: 	: 	: 	: 	: 	: 	: 	: 	: 	27271 	1778 	: 	: 	: 	: 	1899 	12472 	12900 	1778 	: 	: 	: 	: 	: 	29049 	: 	23387 	1298 	: 	: 	: 	: 	1452 	10284 	11651 	1298 	: 	: 	: 	: 	: 	24685 	: 	23447 	1744 	: 	: 	: 	: 	746 	11419 	11282 	1744 	: 	: 	: 	: 	: 	25191 	: 	22212 	1358 	: 	: 	: 	: 	858 	10752 	10602 	1358 	: 	: 	: 	: 	: 	23570 	: 	22427 	1580 	: 	: 	: 	: 	1169 	10947 	10311 	1580 	: 	: 	: 	: 	: 	24007 	: 	17408 	1247 	: 	: 	: 	: 	959 	7974 	8475 	1247 	: 	: 	: 	: 	: 	18655 	: 	: 	: 	: 	: 	: 	: 	: 	: 	: 	: 	: 	: 	: 	: 	: 	: 	: 	: 	: 	: 	: 	: 	: 	: 	: 	: 	: 	: 	: 	: 	: 	: 	: 	: 	: 	: 	: 	: 	: 	: 	: 	: 	: 	: 	: 	: 	: 	: 	: 	: 	: 	: 	: 	: 	: 	: 	: 	: 	: 	: 	: 	: 	: 	: 	: 	: 	: 	: 	: 	: 	: 	: 	: 	: 	: 	: 	: 	: 	: 	: 	: 	: 	: 	: 	: 	: 	: 	: 	: 	: 	: 	: 	: 	: 	: 	: 	: 	: 	: 	: 	: 	: 	: 	: 	: 	: 	: 	: 	: 	: 	: 	: 	: 	: 	: 	: 	: 	: 	: 	: 	: 	: 	: 	: 	: 	: 
PAS,PAS_BRD,SK_LZKZ_CZ_LKPR	12395 	7880 	4026 	4342 	4340 	3713 	2620 	2464 	2796 	12655 	14839 	13203 	9546 	3951 	4042 	4662 	5474 	4702 	4663 	4736 	4234 	4233 	3782 	2711 	3053 	50243 	13243 	13843 	10892 	8159 	3827 	4348 	5068 	5015 	4142 	4686 	4136 	3405 	3351 	2770 	2626 	2763 	46137 	10506 	11857 	12508 	10066 	3203 	3468 	3835 	4156 	3762 	3939 	4320 	4141 	4047 	3884 	3043 	3139 	44937 	14141 	13571 	13527 	11931 	4821 	4299 	5021 	5076 	4053 	4442 	4500 	4533 	4494 	4684 	3630 	3617 	53170 	15278 	12859 	16212 	14859 	4563 	5147 	5568 	5229 	3752 	3878 	5453 	5471 	5288 	5069 	4885 	4905 	59208 	18574 	20335 	23807 	20125 	5658 	5867 	7049 	7104 	6399 	6832 	8142 	8354 	7311 	6770 	6811 	6544 	82841 	24460 	25881 	24454 	22537 	7092 	8047 	9321 	9255 	7944 	8682 	8900 	8764 	6790 	8228 	7136 	7173 	97332 	26648 	28720 	27693 	21323 	7991 	8825 	9832 	9806 	9507 	9407 	10204 	8946 	8543 	7446 	6896 	6981 	104384 	31650 	48827 	48623 	39045 	8396 	8828 	14426 	16590 	15338 	16899 	17612 	17122 	13889 	13804 	12612 	12629 	168145 	39143 	29542 	27984 	25222 	12917 	15156 	11070 	10227 	9507 	9808 	10399 	9112 	8473 	8871 	7949 	8402 	121891 	28070 	30816 	27719 	22487 	9300 	8902 	9868 	10336 	10595 	9885 	10482 	8892 	8345 	7856 	6561 	8070 	109092 	: 	: 	: 	: 	: 	: 	: 	: 	: 	: 	: 	: 	: 	: 	: 	: 	: 	: 	: 	: 	: 	: 	: 	: 	: 	: 	: 	: 	: 	: 	: 	: 	: 	: 	: 	: 	: 	: 	: 	: 	: 	73744 
PAS,PAS_BRD,SK_LZKZ_EG_HEGN	: 	: 	: 	: 	: 	: 	: 	: 	: 	: 	: 	: 	: 	: 	: 	: 	: 	: 	: 	: 	: 	: 	: 	: 	: 	: 	: 	: 	: 	: 	: 	: 	: 	: 	: 	: 	: 	: 	: 	: 	: 	: 	: 	: 	: 	: 	: 	: 	: 	: 	: 	: 	: 	: 	: 	: 	: 	: 	: 	: 	: 	: 	: 	: 	: 	: 	: 	: 	: 	: 	: 	: 	: 	: 	: 	: 	: 	: 	: 	: 	: 	: 	: 	: 	: 	: 	: 	: 	: 	: 	: 	: 	: 	: 	: 	: 	: 	: 	: 	: 	: 	: 	: 	: 	: 	: 	: 	: 	: 	: 	: 	925 	11638 	3992 	: 	: 	: 	925 	3171 	3781 	4686 	3275 	717 	: 	: 	: 	: 	16555 	372 	12545 	4046 	: 	: 	: 	372 	3606 	4133 	4806 	3472 	574 	: 	: 	: 	: 	16963 	1101 	14844 	5101 	: 	: 	: 	1101 	4049 	5075 	5720 	4332 	769 	: 	: 	: 	: 	21046 	1581 	11283 	4320 	: 	: 	: 	1581 	2922 	4156 	4205 	3281 	1039 	: 	: 	: 	: 	17184 	: 	: 	: 	: 	: 	: 	: 	: 	: 	: 	: 	: 	: 	: 	: 	: 	: 	: 	: 	: 	: 	: 	: 	: 	: 	: 	: 	: 	: 	: 	: 	: 	: 	: 	: 	: 	: 	: 	: 	: 	: 	: 	: 	: 	: 	: 	: 	: 	: 	: 	: 	: 	: 	: 	: 	: 	: 	: 	: 
PAS,PAS_BRD,SK_LZKZ_IE_EIDW	: 	: 	: 	: 	: 	: 	: 	: 	: 	: 	: 	: 	: 	: 	: 	: 	: 	: 	: 	: 	: 	: 	: 	: 	: 	: 	: 	: 	: 	: 	: 	: 	: 	: 	: 	: 	: 	: 	: 	: 	: 	: 	: 	: 	: 	: 	: 	: 	: 	: 	: 	: 	: 	: 	: 	: 	: 	: 	: 	: 	: 	: 	: 	: 	: 	: 	: 	: 	: 	: 	: 	: 	: 	: 	: 	: 	: 	: 	: 	: 	: 	: 	: 	: 	: 	: 	: 	: 	: 	: 	: 	: 	: 	: 	: 	: 	: 	: 	: 	: 	: 	: 	: 	: 	: 	: 	: 	: 	: 	: 	: 	: 	: 	: 	: 	: 	: 	: 	: 	: 	: 	: 	: 	: 	: 	: 	: 	: 	: 	: 	: 	: 	: 	: 	: 	: 	: 	: 	: 	: 	: 	: 	: 	: 	: 	1800 	9129 	8734 	8001 	: 	: 	1800 	2497 	3234 	3398 	2841 	3053 	2840 	2944 	2396 	2661 	27664 	: 	: 	: 	: 	: 	: 	: 	: 	: 	: 	: 	: 	: 	: 	: 	: 	: 	: 	: 	: 	: 	: 	: 	: 	: 	: 	: 	: 	: 	: 	: 	: 	: 	: 	: 	: 	: 	: 	: 	: 	: 	: 	: 	: 	: 	: 	: 	: 	: 	: 	: 	: 	: 	: 	: 	: 	: 	: 	: 	: 	: 	: 	: 	: 	: 	: 	: 	: 	: 	: 	: 	: 	: 	: 	: 	: 
PAS,PAS_BRD,SK_LZKZ_IT_LIME	: 	: 	: 	: 	: 	: 	: 	: 	: 	: 	: 	: 	: 	: 	: 	: 	: 	: 	: 	: 	: 	: 	: 	: 	: 	: 	6478 	7483 	1937 	0 	1698 	2284 	2496 	2269 	2689 	2525 	1937 	: 	0 	: 	0 	: 	15898 	: 	: 	: 	: 	: 	: 	: 	: 	: 	: 	: 	: 	: 	: 	: 	: 	: 	: 	: 	: 	: 	: 	: 	: 	: 	: 	: 	: 	: 	: 	: 	: 	: 	: 	: 	: 	: 	: 	: 	: 	: 	: 	: 	: 	: 	: 	: 	: 	: 	: 	: 	: 	: 	: 	: 	: 	: 	: 	: 	: 	: 	: 	: 	: 	: 	: 	: 	: 	: 	: 	: 	: 	: 	: 	: 	: 	: 	: 	: 	: 	: 	: 	: 	: 	: 	: 	: 	: 	: 	: 	: 	: 	: 	: 	: 	: 	: 	: 	: 	: 	: 	: 	: 	: 	: 	: 	: 	: 	: 	: 	: 	: 	: 	: 	: 	: 	: 	: 	: 	: 	: 	: 	: 	: 	: 	: 	: 	: 	: 	: 	: 	: 	: 	: 	: 	: 	: 	: 	: 	: 	: 	: 	: 	: 	: 	: 	: 	: 	: 	: 	: 	: 	: 	: 	: 	: 	: 	: 	: 	: 	: 	: 	: 	: 	: 	: 	: 	: 	: 	: 	: 	: 	: 	: 	: 	: 	: 	: 	: 	: 	: 	: 	: 	: 	: 	: 	: 	: 	: 	: 	: 	: 	: 	: 	: 
PAS,PAS_BRD,SK_LZKZ_PL_EPWA	: 	: 	: 	: 	: 	: 	: 	: 	: 	5465 	5090 	4317 	130 	1701 	1838 	1926 	1691 	1602 	1797 	1720 	1506 	1091 	125 	5 	: 	15002 	: 	: 	: 	: 	: 	: 	: 	: 	: 	: 	: 	: 	: 	: 	: 	: 	: 	: 	: 	: 	: 	: 	: 	: 	: 	: 	: 	: 	: 	: 	: 	: 	: 	: 	: 	: 	: 	: 	: 	: 	: 	: 	: 	: 	: 	: 	: 	: 	: 	: 	: 	: 	: 	: 	: 	: 	: 	: 	: 	: 	: 	: 	: 	: 	: 	: 	: 	: 	: 	: 	: 	: 	: 	: 	: 	: 	: 	: 	: 	: 	: 	: 	: 	: 	: 	: 	: 	: 	: 	: 	: 	: 	: 	: 	: 	: 	: 	: 	: 	: 	: 	: 	: 	: 	: 	: 	: 	: 	: 	: 	: 	: 	: 	: 	: 	: 	: 	: 	: 	: 	: 	: 	: 	: 	: 	: 	: 	: 	: 	: 	: 	: 	: 	: 	: 	: 	: 	: 	: 	: 	: 	: 	: 	: 	: 	: 	: 	: 	: 	: 	: 	: 	: 	: 	: 	: 	: 	: 	: 	: 	: 	: 	: 	: 	: 	: 	: 	: 	: 	: 	: 	: 	: 	: 	: 	: 	: 	: 	: 	: 	: 	: 	: 	: 	: 	: 	: 	: 	: 	: 	: 	: 	: 	: 	: 	: 	: 	: 	: 	: 	: 	: 	: 	: 	: 	: 	: 	: 	: 	: 	: 	: 
PAS,PAS_BRD,SK_LZKZ_SK_LZIB	6601 	7594 	2100 	2495 	2223 	1883 	2743 	2575 	2276 	7497 	6643 	8473 	7755 	2649 	2783 	2065 	2356 	2084 	2203 	3803 	2571 	2099 	2675 	2780 	2300 	30368 	7475 	5523 	6224 	5546 	2448 	2734 	2293 	2049 	1438 	2036 	2568 	1695 	1961 	2041 	1787 	1718 	24768 	6439 	7856 	8566 	5227 	1909 	1967 	2563 	2869 	2285 	2702 	3515 	2640 	2411 	1814 	1756 	1657 	28088 	980 	2396 	8274 	7439 	40 	309 	631 	416 	1205 	775 	2976 	2618 	2680 	2622 	2487 	2330 	19089 	5577 	8945 	8536 	6649 	1174 	1608 	2795 	2563 	3244 	3138 	2953 	2905 	2678 	2624 	2115 	1910 	29707 	8091 	8647 	9736 	7552 	2377 	2872 	2842 	3178 	2719 	2750 	3234 	3856 	2646 	2816 	2447 	2289 	34026 	9207 	10628 	10864 	10583 	2626 	3182 	3399 	3483 	3862 	3283 	4389 	3459 	3016 	3936 	3376 	3271 	41282 	12787 	21592 	35903 	29104 	3662 	4077 	5048 	4761 	8035 	8796 	11978 	11445 	12480 	9469 	9247 	10388 	99386 	41324 	49889 	55106 	45956 	13039 	14776 	13509 	16149 	16963 	16777 	19525 	17877 	17704 	16846 	14534 	14576 	192275 	51309 	47140 	45206 	34024 	14659 	17293 	19357 	15003 	16353 	15784 	15644 	16112 	13450 	13509 	10426 	10089 	177679 	29967 	31056 	30572 	25157 	9553 	10025 	10389 	10217 	10768 	10071 	10731 	10433 	9408 	9704 	7779 	7674 	116752 	: 	: 	: 	: 	: 	: 	: 	: 	: 	: 	: 	: 	: 	: 	: 	: 	: 	: 	: 	: 	: 	: 	: 	: 	: 	: 	: 	: 	: 	: 	: 	: 	: 	: 	: 	: 	: 	: 	: 	: 	: 	: 
PAS,PAS_BRD,SK_LZKZ_TR_LTAI	: 	: 	: 	: 	: 	: 	: 	: 	: 	: 	15445 	1373 	: 	: 	: 	: 	3088 	6076 	6281 	1373 	: 	: 	: 	: 	: 	16818 	: 	39229 	9696 	368 	: 	: 	: 	8610 	14617 	16002 	9696 	: 	: 	368 	: 	: 	49293 	82 	35268 	8212 	: 	: 	: 	82 	8793 	13014 	13461 	8212 	0 	: 	: 	: 	: 	43562 	: 	30733 	6961 	: 	: 	: 	: 	7332 	11089 	12312 	6961 	: 	0 	: 	: 	: 	37694 	311 	27294 	7082 	: 	: 	: 	311 	7339 	9906 	10049 	7082 	: 	: 	: 	: 	: 	34687 	177 	27837 	6770 	: 	: 	: 	177 	6737 	9903 	11197 	6654 	116 	: 	: 	: 	: 	34784 	388 	19062 	6185 	: 	: 	: 	388 	4079 	7129 	7854 	5752 	433 	: 	: 	: 	: 	25635 	: 	: 	: 	: 	: 	: 	: 	: 	: 	: 	: 	: 	: 	: 	: 	: 	: 	: 	: 	: 	: 	: 	: 	: 	: 	: 	: 	: 	: 	: 	: 	: 	: 	: 	: 	: 	: 	: 	: 	: 	: 	: 	: 	: 	: 	: 	: 	: 	: 	: 	: 	: 	: 	: 	: 	: 	: 	: 	: 	: 	: 	: 	: 	: 	: 	: 	: 	: 	: 	: 	: 	: 	: 	: 	: 	: 	: 	: 	: 	: 	: 	: 	: 	: 	: 	: 	: 	: 	: 	: 	: 	: 	: 	: 	: 	: 	: 	: 	: 	: 	: 	: 	: 	: 	: 	: 	: 	: 	: 	: 
PAS,PAS_BRD,SK_LZKZ_UA_UKBB	: 	: 	: 	: 	: 	: 	: 	: 	: 	3909 	4487 	4795 	3757 	1217 	1085 	1607 	1777 	1518 	1192 	1894 	1484 	1417 	1233 	1069 	1455 	16948 	: 	: 	: 	: 	: 	: 	: 	: 	: 	: 	: 	: 	: 	: 	: 	: 	: 	: 	: 	: 	: 	: 	: 	: 	: 	: 	: 	: 	: 	: 	: 	: 	: 	: 	: 	: 	: 	: 	: 	: 	: 	: 	: 	: 	: 	: 	: 	: 	: 	: 	: 	: 	: 	: 	: 	: 	: 	: 	: 	: 	: 	: 	: 	: 	: 	: 	: 	: 	: 	: 	: 	: 	: 	: 	: 	: 	: 	: 	: 	: 	: 	: 	: 	: 	: 	: 	: 	: 	: 	: 	: 	: 	: 	: 	: 	: 	: 	: 	: 	: 	: 	: 	: 	: 	: 	: 	: 	: 	: 	: 	: 	: 	: 	: 	: 	: 	: 	: 	: 	: 	: 	: 	: 	: 	: 	: 	: 	: 	: 	: 	: 	: 	: 	: 	: 	: 	: 	: 	: 	: 	: 	: 	: 	: 	: 	: 	: 	: 	: 	: 	: 	: 	: 	: 	: 	: 	: 	: 	: 	: 	: 	: 	: 	: 	: 	: 	: 	: 	: 	: 	: 	: 	: 	: 	: 	: 	: 	: 	: 	: 	: 	: 	: 	: 	: 	: 	: 	: 	: 	: 	: 	: 	: 	: 	: 	: 	: 	: 	: 	: 	: 	: 	: 	: 	: 	: 	: 	: 	: 	: 	: 	: 
PAS,PAS_BRD,SK_LZKZ_UK_EGCN	10247 	8476 	4314 	3605 	2998 	3644 	2505 	2637 	3334 	8729 	12283 	9156 	8023 	2992 	2867 	2870 	3514 	4401 	4368 	3329 	2955 	2872 	2939 	2469 	2615 	38191 	8192 	8858 	2287 	: 	2875 	2766 	2551 	2921 	3083 	2854 	2287 	: 	: 	: 	: 	: 	19337 	: 	: 	: 	: 	: 	: 	: 	: 	: 	: 	: 	: 	: 	: 	: 	: 	: 	: 	: 	: 	: 	: 	: 	: 	: 	: 	: 	: 	: 	: 	: 	: 	: 	: 	: 	: 	: 	: 	: 	: 	: 	: 	: 	: 	: 	: 	: 	: 	: 	: 	: 	: 	: 	: 	: 	: 	: 	: 	: 	: 	: 	: 	: 	: 	: 	: 	: 	: 	: 	: 	: 	: 	: 	: 	: 	: 	: 	: 	: 	: 	: 	: 	: 	: 	: 	: 	: 	: 	: 	: 	: 	: 	: 	: 	: 	: 	: 	: 	: 	: 	: 	: 	: 	: 	: 	: 	: 	: 	: 	: 	: 	: 	: 	: 	: 	: 	: 	: 	: 	: 	: 	: 	: 	: 	: 	: 	: 	: 	: 	: 	: 	: 	: 	: 	: 	: 	: 	: 	: 	: 	: 	: 	: 	: 	: 	: 	: 	: 	: 	: 	: 	: 	: 	: 	: 	: 	: 	: 	: 	: 	: 	: 	: 	: 	: 	: 	: 	: 	: 	: 	: 	: 	: 	: 	: 	: 	: 	: 	: 	: 	: 	: 	: 	: 	: 	: 	: 	: 	: 	: 	: 	: 	: 	: 	: 
PAS,PAS_BRD,SK_LZKZ_UK_EGGD	: 	: 	: 	: 	: 	: 	: 	: 	: 	7582 	8625 	7353 	5211 	2585 	2197 	2800 	2764 	2979 	2882 	2242 	2680 	2431 	1707 	1213 	2291 	28771 	: 	: 	: 	: 	: 	: 	: 	: 	: 	: 	: 	: 	: 	: 	: 	: 	: 	: 	: 	: 	: 	: 	: 	: 	: 	: 	: 	: 	: 	: 	: 	: 	: 	: 	: 	: 	: 	: 	: 	: 	: 	: 	: 	: 	: 	: 	: 	: 	: 	: 	: 	: 	: 	: 	: 	: 	: 	: 	: 	: 	: 	: 	: 	: 	: 	: 	: 	: 	: 	: 	: 	: 	: 	: 	: 	: 	: 	: 	: 	: 	: 	: 	: 	: 	: 	: 	: 	: 	: 	: 	: 	: 	: 	: 	: 	: 	: 	: 	: 	: 	: 	: 	: 	: 	: 	: 	: 	: 	: 	: 	: 	: 	: 	: 	: 	: 	: 	: 	: 	: 	: 	: 	: 	: 	: 	: 	: 	: 	: 	: 	: 	: 	: 	: 	: 	: 	: 	: 	: 	: 	: 	: 	: 	: 	: 	: 	: 	: 	: 	: 	: 	: 	: 	: 	: 	: 	: 	: 	: 	: 	: 	: 	: 	: 	: 	: 	: 	: 	: 	: 	: 	: 	: 	: 	: 	: 	: 	: 	: 	: 	: 	: 	: 	: 	: 	: 	: 	: 	: 	: 	: 	: 	: 	: 	: 	: 	: 	: 	: 	: 	: 	: 	: 	: 	: 	: 	: 	: 	: 	: 	: 	: 
PAS,PAS_BRD,SK_LZKZ_UK_EGGW	34108 	29045 	10342 	11314 	11356 	11438 	10105 	8880 	10060 	32777 	37916 	34040 	28307 	10860 	10583 	11334 	11432 	13517 	12967 	12334 	11505 	10201 	10340 	8883 	9084 	133040 	27223 	40853 	32908 	26612 	8404 	8914 	9905 	11536 	14979 	14338 	13358 	10112 	9438 	9546 	8180 	8886 	127596 	26821 	40605 	24206 	18753 	8489 	8889 	9443 	11302 	14538 	14765 	10512 	7191 	6503 	6373 	5745 	6635 	110385 	: 	: 	: 	: 	: 	: 	: 	: 	: 	: 	: 	: 	: 	: 	: 	: 	: 	: 	: 	: 	: 	: 	: 	: 	: 	: 	: 	: 	: 	: 	: 	: 	: 	: 	: 	: 	: 	: 	: 	: 	: 	: 	: 	: 	: 	: 	: 	: 	: 	: 	: 	: 	: 	: 	: 	: 	: 	: 	: 	: 	: 	: 	: 	: 	: 	: 	: 	: 	0 	7329 	9409 	10717 	: 	0 	: 	: 	3935 	3394 	3020 	3019 	3370 	3478 	3311 	3928 	27455 	9449 	13478 	9698 	9447 	3389 	3140 	2920 	3742 	4535 	5201 	3334 	3198 	3166 	3344 	3007 	3096 	42072 	: 	: 	: 	: 	: 	: 	: 	: 	: 	: 	: 	: 	: 	: 	: 	: 	: 	: 	: 	: 	: 	: 	: 	: 	: 	: 	: 	: 	: 	: 	: 	: 	: 	: 	: 	: 	: 	: 	: 	: 	: 	: 	: 	: 	: 	: 	: 	: 	: 	: 	: 	: 	: 	: 	: 	: 	: 	: 	: 	: 	: 	: 	: 	: 	: 	: 	: 	: 	: 	: 	: 	: 	: 	: 	: 	: 
PAS,PAS_BRD_ARR,SK_LZ99_AT_LO99	: 	: 	: 	: 	: 	: 	: 	: 	: 	: 	: 	: 	: 	: 	: 	: 	: 	: 	: 	: 	: 	: 	: 	: 	: 	: 	: 	: 	: 	: 	: 	: 	: 	: 	: 	: 	: 	: 	: 	: 	: 	: 	: 	: 	: 	: 	: 	: 	: 	: 	: 	: 	: 	: 	: 	: 	: 	: 	: 	: 	: 	: 	: 	: 	: 	: 	: 	: 	: 	: 	: 	: 	: 	: 	: 	: 	: 	: 	: 	: 	: 	: 	: 	: 	: 	: 	: 	: 	: 	: 	: 	: 	: 	: 	: 	: 	: 	: 	: 	: 	: 	: 	: 	: 	: 	: 	: 	: 	: 	: 	: 	: 	: 	: 	: 	: 	: 	: 	: 	: 	: 	: 	: 	: 	: 	: 	: 	: 	: 	: 	: 	: 	: 	: 	: 	: 	: 	: 	: 	: 	: 	: 	: 	: 	: 	: 	: 	: 	: 	: 	: 	: 	: 	: 	: 	: 	: 	: 	: 	: 	: 	: 	: 	: 	: 	: 	: 	: 	: 	: 	: 	: 	: 	: 	: 	: 	: 	: 	: 	: 	: 	: 	: 	: 	: 	: 	: 	: 	: 	: 	: 	: 	: 	: 	: 	: 	3639 	4078 	3688 	2616 	1239 	1145 	1255 	1488 	1179 	1411 	1422 	1227 	1039 	1056 	759 	801 	14021 	2817 	2794 	2814 	2088 	963 	884 	970 	1162 	835 	797 	994 	884 	936 	10513 	: 	: 	: 	: 	: 	: 	: 	: 	: 	: 	: 
PAS,PAS_BRD_ARR,SK_LZ99_BE_EB99	: 	: 	: 	: 	: 	: 	: 	: 	: 	: 	: 	: 	: 	: 	: 	: 	: 	: 	: 	: 	: 	: 	: 	: 	: 	: 	: 	: 	: 	: 	: 	: 	: 	: 	: 	: 	: 	: 	: 	: 	: 	: 	: 	: 	: 	: 	: 	: 	: 	: 	: 	: 	: 	: 	: 	: 	: 	: 	: 	: 	: 	: 	: 	: 	: 	: 	: 	: 	: 	: 	: 	: 	: 	: 	: 	: 	: 	: 	: 	: 	: 	: 	: 	: 	: 	: 	: 	: 	: 	: 	: 	: 	: 	: 	: 	: 	: 	: 	: 	: 	: 	: 	: 	: 	: 	: 	: 	: 	: 	: 	: 	: 	: 	: 	: 	: 	: 	: 	: 	: 	: 	: 	: 	: 	: 	: 	: 	: 	: 	: 	: 	: 	: 	: 	: 	: 	: 	: 	: 	: 	: 	: 	: 	: 	: 	: 	: 	: 	: 	: 	: 	: 	: 	: 	: 	: 	: 	: 	: 	: 	: 	: 	: 	: 	: 	: 	: 	: 	: 	: 	: 	: 	: 	: 	: 	: 	: 	: 	: 	: 	: 	: 	: 	: 	: 	: 	: 	: 	: 	: 	: 	: 	: 	: 	: 	: 	4538 	2823 	3681 	2292 	1557 	1518 	1463 	1319 	647 	857 	1218 	1324 	1139 	921 	900 	471 	13334 	: 	: 	: 	: 	: 	: 	: 	: 	: 	: 	: 	: 	: 	: 	: 	: 	: 	: 	: 	: 	: 	: 	: 	: 	: 
PAS,PAS_BRD_ARR,SK_LZ99_BG_LB99	: 	: 	: 	: 	: 	: 	: 	: 	: 	: 	: 	: 	: 	: 	: 	: 	: 	: 	: 	: 	: 	: 	: 	: 	: 	: 	: 	: 	: 	: 	: 	: 	: 	: 	: 	: 	: 	: 	: 	: 	: 	: 	: 	: 	: 	: 	: 	: 	: 	: 	: 	: 	: 	: 	: 	: 	: 	: 	: 	: 	: 	: 	: 	: 	: 	: 	: 	: 	: 	: 	: 	: 	: 	: 	: 	: 	: 	: 	: 	: 	: 	: 	: 	: 	: 	: 	: 	: 	: 	: 	: 	: 	: 	: 	: 	: 	: 	: 	: 	: 	: 	: 	: 	: 	: 	: 	: 	: 	: 	: 	: 	: 	: 	: 	: 	: 	: 	: 	: 	: 	: 	: 	: 	: 	: 	: 	: 	: 	: 	: 	: 	: 	: 	: 	: 	: 	: 	: 	: 	: 	: 	: 	: 	: 	: 	: 	: 	: 	: 	: 	: 	: 	: 	: 	: 	: 	: 	: 	: 	: 	: 	: 	: 	: 	: 	: 	: 	: 	: 	: 	: 	: 	: 	: 	: 	: 	: 	: 	: 	: 	: 	: 	: 	: 	: 	: 	: 	: 	: 	: 	: 	: 	: 	: 	: 	: 	515 	21726 	1254 	: 	515 	: 	: 	3296 	9803 	8627 	1254 	: 	: 	: 	: 	: 	23495 	6 	16204 	1711 	47 	: 	6 	: 	1753 	7112 	7339 	1711 	: 	: 	17968 	21 	13603 	811 	4 	14439 	124 	8498 	609 	2196 	11427 	: 
PAS,PAS_BRD_ARR,SK_LZ99_CZ_LK99	: 	: 	: 	: 	: 	: 	: 	: 	: 	: 	: 	: 	: 	: 	: 	: 	: 	: 	: 	: 	: 	: 	: 	: 	: 	: 	: 	: 	: 	: 	: 	: 	: 	: 	: 	: 	: 	: 	: 	: 	: 	: 	: 	: 	: 	: 	: 	: 	: 	: 	: 	: 	: 	: 	: 	: 	: 	: 	: 	: 	: 	: 	: 	: 	: 	: 	: 	: 	: 	: 	: 	: 	: 	: 	: 	: 	: 	: 	: 	: 	: 	: 	: 	: 	: 	: 	: 	: 	: 	: 	: 	: 	: 	: 	: 	: 	: 	: 	: 	: 	: 	: 	: 	: 	: 	: 	: 	: 	: 	: 	: 	: 	: 	: 	: 	: 	: 	: 	: 	: 	: 	: 	: 	: 	: 	: 	: 	: 	: 	: 	: 	: 	: 	: 	: 	: 	: 	: 	: 	: 	: 	: 	: 	: 	: 	: 	: 	: 	: 	: 	: 	: 	: 	: 	: 	: 	: 	: 	: 	: 	: 	: 	: 	: 	: 	: 	: 	: 	: 	: 	: 	: 	: 	: 	: 	: 	: 	: 	: 	: 	: 	: 	: 	: 	: 	: 	: 	: 	: 	: 	: 	: 	: 	: 	: 	: 	24600 	27992 	25010 	20155 	8348 	7554 	8698 	9940 	9064 	8988 	9244 	8013 	7753 	7830 	6096 	6229 	97757 	24435 	25917 	24131 	19069 	8377 	7683 	8375 	9367 	8440 	8110 	8400 	7835 	7896 	93552 	22127 	24223 	21926 	16048 	84324 	19861 	22952 	19462 	15842 	78117 	: 
PAS,PAS_BRD_ARR,SK_LZ99_DE_ED99	: 	: 	: 	: 	: 	: 	: 	: 	: 	: 	: 	: 	: 	: 	: 	: 	: 	: 	: 	: 	: 	: 	: 	: 	: 	: 	: 	: 	: 	: 	: 	: 	: 	: 	: 	: 	: 	: 	: 	: 	: 	: 	: 	: 	: 	: 	: 	: 	: 	: 	: 	: 	: 	: 	: 	: 	: 	: 	: 	: 	: 	: 	: 	: 	: 	: 	: 	: 	: 	: 	: 	: 	: 	: 	: 	: 	: 	: 	: 	: 	: 	: 	: 	: 	: 	: 	: 	: 	: 	: 	: 	: 	: 	: 	: 	: 	: 	: 	: 	: 	: 	: 	: 	: 	: 	: 	: 	: 	: 	: 	: 	: 	: 	: 	: 	: 	: 	: 	: 	: 	: 	: 	: 	: 	: 	: 	: 	: 	: 	: 	: 	: 	: 	: 	: 	: 	: 	: 	: 	: 	: 	: 	: 	: 	: 	: 	: 	: 	: 	: 	: 	: 	: 	: 	: 	: 	: 	: 	: 	: 	: 	: 	: 	: 	: 	: 	: 	: 	: 	: 	: 	: 	: 	: 	: 	: 	: 	: 	: 	: 	: 	: 	: 	: 	: 	: 	: 	: 	: 	: 	: 	: 	: 	: 	: 	: 	18835 	10817 	10576 	11775 	7417 	7204 	4214 	4508 	3182 	3127 	3477 	3258 	3841 	5073 	3559 	3143 	52003 	9656 	7440 	5102 	2372 	4465 	2631 	2560 	2902 	2286 	2252 	2043 	2056 	1003 	24570 	: 	: 	: 	: 	: 	: 	: 	: 	: 	: 	: 
PAS,PAS_BRD_ARR,SK_LZ99_EG_HE99	: 	: 	: 	: 	: 	: 	: 	: 	: 	: 	: 	: 	: 	: 	: 	: 	: 	: 	: 	: 	: 	: 	: 	: 	: 	: 	: 	: 	: 	: 	: 	: 	: 	: 	: 	: 	: 	: 	: 	: 	: 	: 	: 	: 	: 	: 	: 	: 	: 	: 	: 	: 	: 	: 	: 	: 	: 	: 	: 	: 	: 	: 	: 	: 	: 	: 	: 	: 	: 	: 	: 	: 	: 	: 	: 	: 	: 	: 	: 	: 	: 	: 	: 	: 	: 	: 	: 	: 	: 	: 	: 	: 	: 	: 	: 	: 	: 	: 	: 	: 	: 	: 	: 	: 	: 	: 	: 	: 	: 	: 	: 	: 	: 	: 	: 	: 	: 	: 	: 	: 	: 	: 	: 	: 	: 	: 	: 	: 	: 	: 	: 	: 	: 	: 	: 	: 	: 	: 	: 	: 	: 	: 	: 	: 	: 	: 	: 	: 	: 	: 	: 	: 	: 	: 	: 	: 	: 	: 	: 	: 	: 	: 	: 	: 	: 	: 	: 	: 	: 	: 	: 	: 	: 	: 	: 	: 	: 	: 	: 	: 	: 	: 	: 	: 	: 	: 	: 	: 	: 	: 	: 	: 	: 	: 	: 	: 	6630 	24100 	15287 	2315 	880 	1126 	4624 	5977 	8147 	9976 	7407 	5589 	2291 	1021 	478 	816 	48332 	13815 	32579 	16075 	2973 	1333 	2722 	9760 	10014 	11078 	11487 	9951 	4459 	1665 	65442 	8598 	13661 	3154 	1870 	27283 	5244 	8072 	3662 	: 	16978 	: 
PAS,PAS_BRD_ARR,SK_LZ99_EL_LG99	: 	: 	: 	: 	: 	: 	: 	: 	: 	: 	: 	: 	: 	: 	: 	: 	: 	: 	: 	: 	: 	: 	: 	: 	: 	: 	: 	: 	: 	: 	: 	: 	: 	: 	: 	: 	: 	: 	: 	: 	: 	: 	: 	: 	: 	: 	: 	: 	: 	: 	: 	: 	: 	: 	: 	: 	: 	: 	: 	: 	: 	: 	: 	: 	: 	: 	: 	: 	: 	: 	: 	: 	: 	: 	: 	: 	: 	: 	: 	: 	: 	: 	: 	: 	: 	: 	: 	: 	: 	: 	: 	: 	: 	: 	: 	: 	: 	: 	: 	: 	: 	: 	: 	: 	: 	: 	: 	: 	: 	: 	: 	: 	: 	: 	: 	: 	: 	: 	: 	: 	: 	: 	: 	: 	: 	: 	: 	: 	: 	: 	: 	: 	: 	: 	: 	: 	: 	: 	: 	: 	: 	: 	: 	: 	: 	: 	: 	: 	: 	: 	: 	: 	: 	: 	: 	: 	: 	: 	: 	: 	: 	: 	: 	: 	: 	: 	: 	: 	: 	: 	: 	: 	: 	: 	: 	: 	: 	: 	: 	: 	: 	: 	: 	: 	: 	: 	: 	: 	: 	: 	: 	: 	: 	: 	: 	: 	933 	49344 	7524 	56 	4 	: 	929 	13980 	17999 	17365 	7319 	205 	: 	: 	: 	56 	57857 	986 	43043 	6908 	207 	189 	: 	797 	11124 	16527 	15392 	6456 	452 	: 	51144 	662 	39257 	6224 	65 	46208 	1675 	30564 	6068 	: 	38307 	: 
PAS,PAS_BRD_ARR,SK_LZ99_ES_LE99	: 	: 	: 	: 	: 	: 	: 	: 	: 	: 	: 	: 	: 	: 	: 	: 	: 	: 	: 	: 	: 	: 	: 	: 	: 	: 	: 	: 	: 	: 	: 	: 	: 	: 	: 	: 	: 	: 	: 	: 	: 	: 	: 	: 	: 	: 	: 	: 	: 	: 	: 	: 	: 	: 	: 	: 	: 	: 	: 	: 	: 	: 	: 	: 	: 	: 	: 	: 	: 	: 	: 	: 	: 	: 	: 	: 	: 	: 	: 	: 	: 	: 	: 	: 	: 	: 	: 	: 	: 	: 	: 	: 	: 	: 	: 	: 	: 	: 	: 	: 	: 	: 	: 	: 	: 	: 	: 	: 	: 	: 	: 	: 	: 	: 	: 	: 	: 	: 	: 	: 	: 	: 	: 	: 	: 	: 	: 	: 	: 	: 	: 	: 	: 	: 	: 	: 	: 	: 	: 	: 	: 	: 	: 	: 	: 	: 	: 	: 	: 	: 	: 	: 	: 	: 	: 	: 	: 	: 	: 	: 	: 	: 	: 	: 	: 	: 	: 	: 	: 	: 	: 	: 	: 	: 	: 	: 	: 	: 	: 	: 	: 	: 	: 	: 	: 	: 	: 	: 	: 	: 	: 	: 	: 	: 	: 	: 	3598 	13325 	4349 	1929 	834 	1308 	1456 	3862 	5008 	4455 	2396 	1064 	889 	881 	514 	534 	23201 	2531 	10637 	3014 	188 	856 	648 	1027 	2469 	4225 	3943 	1677 	843 	494 	16370 	: 	: 	: 	: 	: 	: 	: 	: 	: 	: 	: 
PAS,PAS_BRD_ARR,SK_LZ99_FR_LF99	: 	: 	: 	: 	: 	: 	: 	: 	: 	: 	: 	: 	: 	: 	: 	: 	: 	: 	: 	: 	: 	: 	: 	: 	: 	: 	: 	: 	: 	: 	: 	: 	: 	: 	: 	: 	: 	: 	: 	: 	: 	: 	: 	: 	: 	: 	: 	: 	: 	: 	: 	: 	: 	: 	: 	: 	: 	: 	: 	: 	: 	: 	: 	: 	: 	: 	: 	: 	: 	: 	: 	: 	: 	: 	: 	: 	: 	: 	: 	: 	: 	: 	: 	: 	: 	: 	: 	: 	: 	: 	: 	: 	: 	: 	: 	: 	: 	: 	: 	: 	: 	: 	: 	: 	: 	: 	: 	: 	: 	: 	: 	: 	: 	: 	: 	: 	: 	: 	: 	: 	: 	: 	: 	: 	: 	: 	: 	: 	: 	: 	: 	: 	: 	: 	: 	: 	: 	: 	: 	: 	: 	: 	: 	: 	: 	: 	: 	: 	: 	: 	: 	: 	: 	: 	: 	: 	: 	: 	: 	: 	: 	: 	: 	: 	: 	: 	: 	: 	: 	: 	: 	: 	: 	: 	: 	: 	: 	: 	: 	: 	: 	: 	: 	: 	: 	: 	: 	: 	: 	: 	: 	: 	: 	: 	: 	: 	16937 	15707 	17612 	10118 	5677 	5696 	5564 	5285 	5040 	5382 	6158 	6111 	5343 	3968 	3674 	2476 	60374 	12616 	12473 	13623 	6061 	3549 	4059 	5008 	4547 	3793 	4133 	4958 	5502 	3163 	44773 	6551 	2273 	48 	119 	8991 	: 	: 	: 	: 	: 	: 
PAS,PAS_BRD_ARR,SK_LZ99_HR_LD99	: 	: 	: 	: 	: 	: 	: 	: 	: 	: 	: 	: 	: 	: 	: 	: 	: 	: 	: 	: 	: 	: 	: 	: 	: 	: 	: 	: 	: 	: 	: 	: 	: 	: 	: 	: 	: 	: 	: 	: 	: 	: 	: 	: 	: 	: 	: 	: 	: 	: 	: 	: 	: 	: 	: 	: 	: 	: 	: 	: 	: 	: 	: 	: 	: 	: 	: 	: 	: 	: 	: 	: 	: 	: 	: 	: 	: 	: 	: 	: 	: 	: 	: 	: 	: 	: 	: 	: 	: 	: 	: 	: 	: 	: 	: 	: 	: 	: 	: 	: 	: 	: 	: 	: 	: 	: 	: 	: 	: 	: 	: 	: 	: 	: 	: 	: 	: 	: 	: 	: 	: 	: 	: 	: 	: 	: 	: 	: 	: 	: 	: 	: 	: 	: 	: 	: 	: 	: 	: 	: 	: 	: 	: 	: 	: 	: 	: 	: 	: 	: 	: 	: 	: 	: 	: 	: 	: 	: 	: 	: 	: 	: 	: 	: 	: 	: 	: 	: 	: 	: 	: 	: 	: 	: 	: 	: 	: 	: 	: 	: 	: 	: 	: 	: 	: 	: 	: 	: 	: 	: 	: 	: 	: 	: 	: 	: 	283 	10828 	2466 	2 	267 	16 	: 	2728 	4269 	3831 	1904 	562 	0 	0 	0 	2 	13579 	: 	: 	: 	: 	: 	: 	: 	: 	: 	: 	: 	: 	: 	: 	: 	: 	: 	: 	: 	: 	: 	: 	: 	: 	: 
PAS,PAS_BRD_ARR,SK_LZ99_IN_VI99	: 	: 	: 	: 	: 	: 	: 	: 	: 	: 	: 	: 	: 	: 	: 	: 	: 	: 	: 	: 	: 	: 	: 	: 	: 	: 	: 	: 	: 	: 	: 	: 	: 	: 	: 	: 	: 	: 	: 	: 	: 	: 	: 	: 	: 	: 	: 	: 	: 	: 	: 	: 	: 	: 	: 	: 	: 	: 	: 	: 	: 	: 	: 	: 	: 	: 	: 	: 	: 	: 	: 	: 	: 	: 	: 	: 	: 	: 	: 	: 	: 	: 	: 	: 	: 	: 	: 	: 	: 	: 	: 	: 	: 	: 	: 	: 	: 	: 	: 	: 	: 	: 	: 	: 	: 	: 	: 	: 	: 	: 	: 	: 	: 	: 	: 	: 	: 	: 	: 	: 	: 	: 	: 	: 	: 	: 	: 	: 	: 	: 	: 	: 	: 	: 	: 	: 	: 	: 	: 	: 	: 	: 	: 	: 	: 	: 	: 	: 	: 	: 	: 	: 	: 	: 	: 	: 	: 	: 	: 	: 	: 	: 	: 	: 	: 	: 	: 	: 	: 	: 	: 	: 	: 	: 	: 	: 	: 	: 	: 	: 	: 	: 	: 	: 	: 	: 	: 	: 	: 	: 	: 	: 	: 	: 	: 	: 	27 	55 	61 	318 	13 	6 	8 	16 	30 	9 	8 	9 	44 	236 	39 	43 	461 	: 	: 	: 	: 	: 	: 	: 	: 	: 	: 	: 	: 	: 	: 	: 	: 	: 	: 	: 	: 	: 	: 	: 	: 	: 
PAS,PAS_BRD_ARR,SK_LZ99_IT_LI99	: 	: 	: 	: 	: 	: 	: 	: 	: 	: 	: 	: 	: 	: 	: 	: 	: 	: 	: 	: 	: 	: 	: 	: 	: 	: 	: 	: 	: 	: 	: 	: 	: 	: 	: 	: 	: 	: 	: 	: 	: 	: 	: 	: 	: 	: 	: 	: 	: 	: 	: 	: 	: 	: 	: 	: 	: 	: 	: 	: 	: 	: 	: 	: 	: 	: 	: 	: 	: 	: 	: 	: 	: 	: 	: 	: 	: 	: 	: 	: 	: 	: 	: 	: 	: 	: 	: 	: 	: 	: 	: 	: 	: 	: 	: 	: 	: 	: 	: 	: 	: 	: 	: 	: 	: 	: 	: 	: 	: 	: 	: 	: 	: 	: 	: 	: 	: 	: 	: 	: 	: 	: 	: 	: 	: 	: 	: 	: 	: 	: 	: 	: 	: 	: 	: 	: 	: 	: 	: 	: 	: 	: 	: 	: 	: 	: 	: 	: 	: 	: 	: 	: 	: 	: 	: 	: 	: 	: 	: 	: 	: 	: 	: 	: 	: 	: 	: 	: 	: 	: 	: 	: 	: 	: 	: 	: 	: 	: 	: 	: 	: 	: 	: 	: 	: 	: 	: 	: 	: 	: 	: 	: 	: 	: 	: 	: 	22476 	13853 	14382 	9182 	8772 	7184 	6520 	4424 	4645 	4784 	4874 	4912 	4596 	4009 	2848 	2325 	59893 	8242 	6967 	6714 	2463 	3161 	2444 	2637 	2851 	2320 	1796 	2159 	2528 	2027 	24386 	: 	: 	: 	: 	: 	: 	: 	: 	: 	: 	: 
PAS,PAS_BRD_ARR,SK_LZ99_NL_EH99	: 	: 	: 	: 	: 	: 	: 	: 	: 	: 	: 	: 	: 	: 	: 	: 	: 	: 	: 	: 	: 	: 	: 	: 	: 	: 	: 	: 	: 	: 	: 	: 	: 	: 	: 	: 	: 	: 	: 	: 	: 	: 	: 	: 	: 	: 	: 	: 	: 	: 	: 	: 	: 	: 	: 	: 	: 	: 	: 	: 	: 	: 	: 	: 	: 	: 	: 	: 	: 	: 	: 	: 	: 	: 	: 	: 	: 	: 	: 	: 	: 	: 	: 	: 	: 	: 	: 	: 	: 	: 	: 	: 	: 	: 	: 	: 	: 	: 	: 	: 	: 	: 	: 	: 	: 	: 	: 	: 	: 	: 	: 	: 	: 	: 	: 	: 	: 	: 	: 	: 	: 	: 	: 	: 	: 	: 	: 	: 	: 	: 	: 	: 	: 	: 	: 	: 	: 	: 	: 	: 	: 	: 	: 	: 	: 	: 	: 	: 	: 	: 	: 	: 	: 	: 	: 	: 	: 	: 	: 	: 	: 	: 	: 	: 	: 	: 	: 	: 	: 	: 	: 	: 	: 	: 	: 	: 	: 	: 	: 	: 	: 	: 	: 	: 	: 	: 	: 	: 	: 	: 	: 	: 	: 	: 	: 	: 	5788 	6771 	7867 	4254 	1940 	1633 	2215 	1975 	2122 	2674 	2835 	2648 	2384 	1711 	1505 	1038 	24680 	4951 	4290 	4231 	185 	1762 	1636 	1553 	1503 	1444 	1343 	1232 	1609 	1390 	13657 	: 	: 	: 	: 	: 	: 	: 	: 	: 	: 	: 
PAS,PAS_BRD_ARR,SK_LZ99_RU_UU99	: 	: 	: 	: 	: 	: 	: 	: 	: 	: 	: 	: 	: 	: 	: 	: 	: 	: 	: 	: 	: 	: 	: 	: 	: 	: 	: 	: 	: 	: 	: 	: 	: 	: 	: 	: 	: 	: 	: 	: 	: 	: 	: 	: 	: 	: 	: 	: 	: 	: 	: 	: 	: 	: 	: 	: 	: 	: 	: 	: 	: 	: 	: 	: 	: 	: 	: 	: 	: 	: 	: 	: 	: 	: 	: 	: 	: 	: 	: 	: 	: 	: 	: 	: 	: 	: 	: 	: 	: 	: 	: 	: 	: 	: 	: 	: 	: 	: 	: 	: 	: 	: 	: 	: 	: 	: 	: 	: 	: 	: 	: 	: 	: 	: 	: 	: 	: 	: 	: 	: 	: 	: 	: 	: 	: 	: 	: 	: 	: 	: 	: 	: 	: 	: 	: 	: 	: 	: 	: 	: 	: 	: 	: 	: 	: 	: 	: 	: 	: 	: 	: 	: 	: 	: 	: 	: 	: 	: 	: 	: 	: 	: 	: 	: 	: 	: 	: 	: 	: 	: 	: 	: 	: 	: 	: 	: 	: 	: 	: 	: 	: 	: 	: 	: 	: 	: 	: 	: 	: 	: 	: 	: 	: 	: 	: 	: 	3528 	3346 	3616 	2317 	1083 	1054 	1391 	1053 	1219 	1074 	1221 	1203 	1192 	770 	806 	741 	12807 	3086 	3848 	3527 	2756 	1175 	947 	964 	1191 	1332 	1325 	1116 	1190 	1221 	13217 	3538 	3164 	2618 	2521 	11841 	3537 	3929 	3579 	3029 	14074 	: 
PAS,PAS_BRD_ARR,SK_LZ99_SK_LZ99	: 	: 	: 	: 	: 	: 	: 	: 	: 	: 	: 	: 	: 	: 	: 	: 	: 	: 	: 	: 	: 	: 	: 	: 	: 	: 	: 	: 	: 	: 	: 	: 	: 	: 	: 	: 	: 	: 	: 	: 	: 	: 	: 	: 	: 	: 	: 	: 	: 	: 	: 	: 	: 	: 	: 	: 	: 	: 	: 	: 	: 	: 	: 	: 	: 	: 	: 	: 	: 	: 	: 	: 	: 	: 	: 	: 	: 	: 	: 	: 	: 	: 	: 	: 	: 	: 	: 	: 	: 	: 	: 	: 	: 	: 	: 	: 	: 	: 	: 	: 	: 	: 	: 	: 	: 	: 	: 	: 	: 	: 	: 	: 	: 	: 	: 	: 	: 	: 	: 	: 	: 	: 	: 	: 	: 	: 	: 	: 	: 	: 	: 	: 	: 	: 	: 	: 	: 	: 	: 	: 	: 	: 	: 	: 	: 	: 	: 	: 	: 	: 	: 	: 	: 	: 	: 	: 	: 	: 	: 	: 	: 	: 	: 	: 	: 	: 	: 	: 	: 	: 	: 	: 	: 	: 	: 	: 	: 	: 	: 	: 	: 	: 	: 	: 	: 	: 	: 	: 	: 	: 	: 	: 	: 	: 	: 	: 	20121 	16842 	17759 	9488 	7233 	6348 	6540 	6192 	5618 	5032 	6234 	5378 	6147 	4060 	3037 	2391 	64210 	9278 	10843 	9657 	8430 	2632 	3149 	3497 	3833 	3632 	3378 	3392 	3132 	3133 	38208 	9727 	8502 	8357 	6148 	32734 	8352 	7251 	9562 	5308 	30473 	: 
PAS,PAS_BRD_ARR,SK_LZ99_TN_DT99	: 	: 	: 	: 	: 	: 	: 	: 	: 	: 	: 	: 	: 	: 	: 	: 	: 	: 	: 	: 	: 	: 	: 	: 	: 	: 	: 	: 	: 	: 	: 	: 	: 	: 	: 	: 	: 	: 	: 	: 	: 	: 	: 	: 	: 	: 	: 	: 	: 	: 	: 	: 	: 	: 	: 	: 	: 	: 	: 	: 	: 	: 	: 	: 	: 	: 	: 	: 	: 	: 	: 	: 	: 	: 	: 	: 	: 	: 	: 	: 	: 	: 	: 	: 	: 	: 	: 	: 	: 	: 	: 	: 	: 	: 	: 	: 	: 	: 	: 	: 	: 	: 	: 	: 	: 	: 	: 	: 	: 	: 	: 	: 	: 	: 	: 	: 	: 	: 	: 	: 	: 	: 	: 	: 	: 	: 	: 	: 	: 	: 	: 	: 	: 	: 	: 	: 	: 	: 	: 	: 	: 	: 	: 	: 	: 	: 	: 	: 	: 	: 	: 	: 	: 	: 	: 	: 	: 	: 	: 	: 	: 	: 	: 	: 	: 	: 	: 	: 	: 	: 	: 	: 	: 	: 	: 	: 	: 	: 	: 	: 	: 	: 	: 	: 	: 	: 	: 	: 	: 	: 	: 	: 	: 	: 	: 	: 	1580 	28392 	5832 	126 	: 	: 	1580 	7819 	10261 	10312 	5306 	526 	: 	: 	: 	126 	35930 	1862 	22368 	5122 	: 	: 	: 	1862 	6072 	8132 	8164 	4393 	729 	: 	29352 	1607 	14760 	3461 	: 	19828 	1005 	10038 	2804 	150 	13997 	: 
PAS,PAS_BRD_ARR,SK_LZ99_TR_LT99	: 	: 	: 	: 	: 	: 	: 	: 	: 	: 	: 	: 	: 	: 	: 	: 	: 	: 	: 	: 	: 	: 	: 	: 	: 	: 	: 	: 	: 	: 	: 	: 	: 	: 	: 	: 	: 	: 	: 	: 	: 	: 	: 	: 	: 	: 	: 	: 	: 	: 	: 	: 	: 	: 	: 	: 	: 	: 	: 	: 	: 	: 	: 	: 	: 	: 	: 	: 	: 	: 	: 	: 	: 	: 	: 	: 	: 	: 	: 	: 	: 	: 	: 	: 	: 	: 	: 	: 	: 	: 	: 	: 	: 	: 	: 	: 	: 	: 	: 	: 	: 	: 	: 	: 	: 	: 	: 	: 	: 	: 	: 	: 	: 	: 	: 	: 	: 	: 	: 	: 	: 	: 	: 	: 	: 	: 	: 	: 	: 	: 	: 	: 	: 	: 	: 	: 	: 	: 	: 	: 	: 	: 	: 	: 	: 	: 	: 	: 	: 	: 	: 	: 	: 	: 	: 	: 	: 	: 	: 	: 	: 	: 	: 	: 	: 	: 	: 	: 	: 	: 	: 	: 	: 	: 	: 	: 	: 	: 	: 	: 	: 	: 	: 	: 	: 	: 	: 	: 	: 	: 	: 	: 	: 	: 	: 	: 	435 	14241 	2816 	: 	: 	: 	435 	4168 	4733 	5340 	2794 	16 	6 	: 	: 	: 	17492 	229 	14926 	1832 	: 	2 	: 	227 	3718 	5457 	5751 	1830 	: 	2 	16987 	122 	9720 	819 	1 	10662 	419 	18993 	2961 	: 	22373 	: 
PAS,PAS_BRD_ARR,SK_LZ99_UK_EG99	: 	: 	: 	: 	: 	: 	: 	: 	: 	: 	: 	: 	: 	: 	: 	: 	: 	: 	: 	: 	: 	: 	: 	: 	: 	: 	: 	: 	: 	: 	: 	: 	: 	: 	: 	: 	: 	: 	: 	: 	: 	: 	: 	: 	: 	: 	: 	: 	: 	: 	: 	: 	: 	: 	: 	: 	: 	: 	: 	: 	: 	: 	: 	: 	: 	: 	: 	: 	: 	: 	: 	: 	: 	: 	: 	: 	: 	: 	: 	: 	: 	: 	: 	: 	: 	: 	: 	: 	: 	: 	: 	: 	: 	: 	: 	: 	: 	: 	: 	: 	: 	: 	: 	: 	: 	: 	: 	: 	: 	: 	: 	: 	: 	: 	: 	: 	: 	: 	: 	: 	: 	: 	: 	: 	: 	: 	: 	: 	: 	: 	: 	: 	: 	: 	: 	: 	: 	: 	: 	: 	: 	: 	: 	: 	: 	: 	: 	: 	: 	: 	: 	: 	: 	: 	: 	: 	: 	: 	: 	: 	: 	: 	: 	: 	: 	: 	: 	: 	: 	: 	: 	: 	: 	: 	: 	: 	: 	: 	: 	: 	: 	: 	: 	: 	: 	: 	: 	: 	: 	: 	: 	: 	: 	: 	: 	: 	44695 	33777 	26254 	17874 	18276 	15704 	10715 	10448 	12038 	11291 	9408 	9149 	7697 	7851 	5441 	4582 	122600 	12416 	14474 	11228 	5897 	6104 	2785 	3527 	4282 	5474 	4718 	3722 	4588 	2918 	44015 	5864 	4839 	14 	: 	10717 	: 	: 	: 	: 	: 	: 
PAS,PAS_BRD_ARR,SK_LZIB_AE_OMDB	5947 	6761 	1759 	1679 	2212 	2056 	2549 	2218 	1994 	5455 	5614 	4655 	5028 	1869 	2180 	1406 	1702 	1864 	2048 	1305 	1849 	1501 	1860 	1527 	1641 	20752 	3422 	4568 	3853 	3016 	1255 	1304 	863 	1380 	1581 	1607 	964 	1391 	1498 	1299 	906 	811 	14859 	: 	: 	: 	: 	: 	: 	: 	: 	: 	: 	: 	: 	: 	: 	: 	: 	: 	: 	: 	: 	: 	: 	: 	: 	: 	: 	: 	: 	: 	: 	: 	: 	: 	: 	: 	: 	: 	: 	: 	: 	: 	: 	: 	: 	: 	: 	: 	: 	: 	: 	: 	: 	: 	: 	: 	: 	: 	: 	: 	: 	: 	: 	: 	: 	: 	: 	: 	: 	: 	: 	: 	: 	: 	: 	: 	: 	: 	: 	: 	: 	: 	: 	: 	: 	: 	: 	: 	: 	: 	: 	: 	: 	: 	: 	: 	: 	: 	: 	: 	: 	: 	: 	: 	: 	: 	: 	: 	: 	: 	: 	: 	: 	: 	: 	: 	: 	: 	: 	: 	: 	: 	: 	: 	: 	: 	: 	: 	: 	: 	: 	: 	: 	: 	: 	: 	: 	: 	: 	: 	: 	: 	: 	: 	: 	: 	: 	: 	: 	: 	: 	: 	: 	: 	: 	: 	: 	: 	: 	: 	: 	: 	: 	: 	: 	: 	: 	: 	: 	: 	: 	: 	: 	: 	: 	: 	: 	: 	: 	: 	: 	: 	: 	: 	: 	: 	: 	: 	: 	: 	: 	: 	: 	: 	: 	: 
PAS,PAS_BRD_ARR,SK_LZIB_BE_EBBR	: 	: 	: 	: 	: 	: 	: 	: 	: 	5575 	13346 	11252 	0 	: 	1243 	4332 	4425 	4286 	4635 	4146 	4356 	2750 	0 	0 	0 	30173 	: 	: 	: 	: 	: 	: 	: 	: 	: 	: 	: 	: 	: 	: 	: 	: 	: 	: 	: 	: 	: 	: 	: 	: 	: 	: 	: 	: 	: 	: 	: 	: 	: 	: 	: 	: 	: 	: 	: 	: 	: 	: 	: 	: 	: 	: 	: 	: 	: 	: 	: 	: 	: 	: 	: 	: 	: 	: 	: 	: 	: 	: 	: 	: 	: 	: 	: 	: 	: 	: 	: 	: 	: 	: 	: 	: 	: 	: 	: 	: 	: 	: 	: 	: 	: 	: 	: 	: 	: 	: 	: 	: 	: 	: 	: 	: 	: 	: 	: 	: 	: 	: 	: 	: 	: 	: 	: 	: 	: 	: 	: 	: 	: 	: 	: 	: 	: 	: 	: 	: 	: 	: 	: 	: 	: 	: 	: 	: 	: 	: 	: 	: 	: 	: 	: 	: 	: 	: 	: 	: 	: 	: 	: 	: 	: 	: 	: 	: 	: 	: 	: 	: 	: 	4067 	3114 	4685 	4346 	1268 	1281 	1518 	1304 	730 	1080 	1432 	1711 	1542 	1530 	1508 	1308 	16212 	: 	: 	: 	: 	: 	: 	: 	: 	: 	: 	: 	: 	: 	: 	: 	: 	: 	: 	: 	: 	: 	: 	: 	: 	: 	: 	: 	: 	: 	: 	: 	: 	: 	: 	: 	: 	: 	: 	: 	: 	: 	: 
PAS,PAS_BRD_ARR,SK_LZIB_BE_EBCI	9193 	6430 	3216 	3107 	3166 	2920 	2454 	2043 	1933 	3751 	: 	767 	9148 	2242 	1509 	: 	: 	: 	: 	: 	: 	767 	2829 	3358 	2961 	13666 	8796 	6241 	5773 	7700 	3039 	3196 	2561 	2035 	1994 	2212 	1953 	1834 	1986 	2764 	2488 	2448 	28510 	8071 	6615 	6405 	6041 	2830 	2726 	2515 	2122 	2160 	2333 	2140 	2070 	2195 	2188 	2063 	1790 	27132 	8017 	8780 	8330 	6232 	2563 	2602 	2852 	2840 	2773 	3167 	2701 	2956 	2673 	2387 	2033 	1812 	31359 	8161 	7676 	8043 	6386 	2886 	2249 	3026 	2820 	2294 	2562 	2684 	2646 	2713 	2099 	2285 	2002 	30266 	8286 	8528 	8307 	7701 	3019 	2374 	2893 	2614 	2769 	3145 	2762 	2909 	2636 	3109 	2535 	2057 	32822 	8459 	8096 	7279 	6185 	2812 	2852 	2795 	2388 	2746 	2962 	2622 	2681 	1976 	2481 	1915 	1789 	30019 	6858 	5984 	5376 	55 	2780 	1992 	2086 	1906 	1904 	2174 	1871 	1621 	1884 	55 	: 	: 	18273 	: 	: 	: 	: 	: 	: 	: 	: 	: 	: 	: 	: 	: 	: 	: 	: 	: 	: 	: 	: 	: 	: 	: 	: 	: 	: 	: 	: 	: 	: 	: 	: 	: 	: 	: 	: 	: 	: 	: 	: 	: 	: 	: 	: 	: 	: 	: 	: 	: 	: 	: 	: 	: 	: 	: 	: 	: 	: 	: 	: 	: 	: 	: 	: 	: 	: 	: 	: 	: 	: 	: 	: 	: 	: 	: 	: 	: 	: 	: 	: 	: 	: 	: 	: 	: 	: 	: 	: 	: 	: 	: 	: 	: 
PAS,PAS_BRD_ARR,SK_LZIB_BG_LBBG	1075 	: 	8698 	904 	171 	: 	: 	: 	: 	: 	21880 	747 	: 	: 	: 	: 	2941 	10050 	8889 	747 	: 	: 	: 	: 	: 	22627 	: 	19830 	1216 	: 	: 	: 	: 	2566 	8756 	8508 	1216 	: 	: 	: 	: 	: 	21046 	: 	19774 	782 	: 	: 	: 	: 	1863 	9287 	8624 	782 	: 	: 	: 	: 	: 	20556 	: 	21666 	1324 	: 	: 	: 	: 	2175 	10420 	9071 	1324 	: 	: 	: 	: 	: 	22990 	: 	22444 	1128 	: 	: 	: 	: 	2677 	10635 	9132 	1128 	: 	: 	: 	: 	: 	23572 	: 	22603 	917 	: 	: 	: 	: 	2717 	10354 	9532 	917 	: 	: 	: 	: 	: 	23520 	: 	16880 	561 	: 	: 	: 	: 	1496 	8354 	7030 	561 	: 	0 	: 	: 	: 	17441 	: 	15856 	1135 	: 	: 	: 	: 	1895 	7305 	6656 	1135 	: 	: 	: 	: 	: 	16991 	: 	21923 	1687 	: 	: 	: 	: 	3476 	9161 	9286 	1687 	: 	: 	: 	: 	: 	23610 	: 	19299 	1421 	: 	: 	: 	: 	3033 	8329 	7937 	1421 	: 	: 	: 	: 	: 	20720 	: 	16890 	1006 	: 	: 	: 	: 	2587 	7868 	6435 	1006 	: 	: 	: 	: 	: 	17896 	: 	: 	: 	: 	: 	: 	: 	: 	: 	: 	: 	: 	: 	: 	: 	: 	: 	: 	: 	: 	: 	: 	: 	: 	: 	: 	: 	: 	: 	: 	: 	: 	: 	: 	: 	: 	: 	: 	: 	: 	: 	: 
PAS,PAS_BRD_ARR,SK_LZIB_BG_LBSF	: 	: 	: 	: 	: 	: 	: 	: 	: 	: 	: 	: 	: 	: 	: 	: 	: 	: 	: 	: 	: 	: 	: 	: 	: 	: 	: 	: 	: 	: 	: 	: 	: 	: 	: 	: 	: 	: 	: 	: 	: 	: 	: 	: 	: 	: 	: 	: 	: 	: 	: 	: 	: 	: 	: 	: 	: 	: 	: 	: 	: 	: 	: 	: 	: 	: 	: 	: 	: 	: 	: 	: 	: 	: 	: 	: 	: 	: 	: 	: 	: 	: 	: 	: 	: 	: 	: 	: 	: 	: 	: 	: 	: 	: 	: 	: 	: 	: 	: 	: 	: 	: 	: 	: 	: 	: 	: 	: 	: 	: 	: 	: 	: 	: 	: 	: 	: 	: 	: 	: 	: 	: 	: 	: 	: 	: 	: 	: 	: 	: 	: 	: 	: 	: 	: 	: 	: 	: 	: 	: 	: 	: 	: 	: 	: 	: 	: 	: 	: 	: 	: 	: 	: 	: 	: 	: 	: 	: 	: 	: 	: 	: 	: 	: 	: 	: 	: 	: 	: 	: 	: 	: 	: 	: 	: 	: 	: 	: 	: 	4476 	5321 	3896 	3049 	1313 	1521 	1642 	1974 	1852 	1495 	1422 	1299 	1175 	1245 	914 	890 	16742 	: 	: 	: 	: 	: 	: 	: 	: 	: 	: 	: 	: 	: 	: 	: 	: 	: 	: 	: 	: 	: 	: 	: 	: 	: 	: 	: 	: 	: 	: 	: 	: 	: 	: 	: 	: 	: 	: 	: 	: 	: 	: 
PAS,PAS_BRD_ARR,SK_LZIB_CZ_LKPR	: 	: 	: 	: 	: 	: 	: 	: 	: 	2057 	1377 	2180 	1506 	701 	849 	507 	629 	440 	308 	1047 	604 	529 	617 	536 	353 	7120 	: 	: 	: 	: 	: 	: 	: 	: 	: 	: 	: 	: 	: 	: 	: 	: 	: 	: 	: 	: 	: 	: 	: 	: 	: 	: 	: 	: 	: 	: 	: 	: 	: 	: 	: 	: 	: 	: 	: 	: 	: 	: 	: 	: 	: 	: 	: 	: 	: 	: 	: 	: 	: 	: 	: 	: 	: 	: 	: 	: 	: 	: 	: 	: 	: 	: 	: 	: 	186 	1361 	4811 	4200 	76 	44 	66 	92 	69 	1200 	1491 	1894 	1426 	1520 	1376 	1304 	10558 	6405 	8135 	7930 	7522 	1545 	1834 	3026 	3188 	2287 	2660 	2710 	2944 	2276 	2882 	2500 	2140 	29992 	9363 	9960 	9467 	8066 	2574 	3037 	3752 	3992 	2838 	3130 	3640 	3067 	2760 	2986 	2580 	2500 	36856 	9166 	10154 	11567 	15526 	2620 	3150 	3396 	3897 	2833 	3424 	4079 	3799 	3689 	5586 	5163 	4777 	46413 	19167 	12450 	12036 	10831 	6739 	7594 	4834 	4907 	3768 	3775 	4210 	4063 	3763 	3937 	3750 	3144 	54484 	12985 	14394 	11531 	9229 	4182 	3995 	4808 	5575 	4561 	4258 	4204 	3908 	3419 	3279 	2976 	2974 	48139 	: 	: 	: 	: 	: 	: 	: 	: 	: 	: 	: 	: 	: 	: 	: 	: 	: 	: 	: 	: 	: 	: 	: 	: 	: 	: 	: 	: 	: 	: 	: 	: 	: 	: 	: 	: 	: 	: 	: 	: 	: 	39257 
PAS,PAS_BRD_ARR,SK_LZIB_DE_EDDB	8451 	6924 	3118 	2780 	2758 	2913 	2347 	2245 	2332 	9442 	15014 	13266 	13063 	2579 	2094 	4769 	4968 	5031 	5015 	4345 	4784 	4137 	4680 	4530 	3853 	50785 	: 	: 	: 	: 	: 	: 	: 	: 	: 	: 	: 	: 	: 	: 	: 	: 	: 	: 	: 	: 	: 	: 	: 	: 	: 	: 	: 	: 	: 	: 	: 	: 	: 	: 	: 	: 	: 	: 	: 	: 	: 	: 	: 	: 	: 	: 	: 	: 	: 	: 	: 	: 	: 	: 	: 	: 	: 	: 	: 	: 	: 	: 	: 	: 	: 	: 	: 	: 	: 	: 	: 	: 	: 	: 	: 	: 	: 	: 	: 	: 	: 	: 	: 	: 	: 	: 	: 	: 	: 	: 	: 	: 	: 	: 	: 	: 	: 	: 	: 	: 	: 	: 	: 	: 	: 	: 	: 	: 	: 	: 	: 	: 	: 	: 	: 	: 	: 	: 	: 	: 	: 	: 	: 	: 	: 	: 	: 	: 	: 	: 	: 	: 	: 	: 	: 	: 	: 	: 	: 	: 	: 	: 	: 	: 	: 	: 	: 	: 	: 	: 	: 	: 	: 	: 	: 	: 	: 	: 	: 	: 	: 	: 	: 	: 	: 	: 	: 	: 	: 	: 	: 	: 	: 	: 	: 	: 	: 	: 	: 	: 	: 	: 	: 	: 	: 	: 	: 	: 	: 	: 	: 	: 	: 	: 	: 	: 	: 	: 	: 	: 	: 	: 	: 	: 	: 	: 	: 	: 	: 	: 	: 	: 
PAS,PAS_BRD_ARR,SK_LZIB_DE_EDDK	: 	: 	: 	: 	: 	: 	: 	: 	: 	: 	: 	: 	: 	: 	: 	: 	: 	: 	: 	: 	: 	: 	: 	: 	: 	: 	: 	: 	: 	: 	: 	: 	: 	: 	: 	: 	: 	: 	: 	: 	: 	: 	: 	: 	: 	: 	: 	: 	: 	: 	: 	: 	: 	: 	: 	: 	: 	: 	: 	: 	: 	: 	: 	: 	: 	: 	: 	: 	: 	: 	: 	: 	: 	: 	: 	: 	: 	: 	: 	: 	: 	: 	: 	: 	: 	: 	: 	: 	: 	: 	: 	: 	: 	: 	: 	: 	: 	: 	: 	: 	: 	: 	: 	: 	: 	: 	: 	: 	: 	: 	: 	: 	: 	: 	: 	: 	: 	: 	: 	: 	: 	: 	: 	: 	: 	: 	: 	: 	: 	: 	: 	: 	: 	: 	: 	: 	: 	: 	: 	: 	: 	: 	: 	: 	: 	: 	: 	: 	: 	: 	: 	: 	: 	: 	: 	: 	: 	: 	: 	: 	: 	: 	: 	: 	: 	: 	: 	: 	: 	: 	: 	: 	: 	: 	: 	: 	: 	: 	: 	2633 	3241 	2968 	2335 	763 	788 	1082 	1082 	1031 	1128 	1077 	1004 	887 	1040 	711 	584 	11177 	: 	: 	: 	: 	: 	: 	: 	: 	: 	: 	: 	: 	: 	: 	: 	: 	: 	: 	: 	: 	: 	: 	: 	: 	: 	: 	: 	: 	: 	: 	: 	: 	: 	: 	: 	: 	: 	: 	: 	: 	: 	: 
PAS,PAS_BRD_ARR,SK_LZIB_DE_EDDM	: 	: 	: 	: 	: 	: 	: 	: 	: 	: 	: 	: 	: 	: 	: 	: 	: 	: 	: 	: 	: 	: 	: 	: 	: 	: 	: 	: 	: 	: 	: 	: 	: 	: 	: 	: 	: 	: 	: 	: 	: 	: 	: 	: 	: 	: 	: 	: 	: 	: 	: 	: 	: 	: 	: 	: 	: 	: 	: 	: 	: 	: 	: 	: 	: 	: 	: 	: 	: 	: 	: 	: 	: 	: 	: 	: 	: 	: 	: 	: 	: 	: 	: 	: 	: 	: 	: 	: 	: 	: 	: 	: 	: 	: 	: 	: 	: 	: 	: 	: 	: 	: 	: 	: 	: 	: 	: 	: 	: 	: 	: 	: 	: 	: 	: 	: 	: 	: 	: 	: 	: 	: 	: 	: 	: 	: 	: 	: 	: 	: 	: 	: 	: 	: 	: 	: 	: 	: 	: 	: 	: 	: 	: 	: 	: 	5207 	6160 	7381 	6062 	1307 	1775 	2125 	2425 	1745 	1990 	2593 	2307 	2481 	2105 	2146 	1811 	24810 	7724 	7722 	7807 	6485 	2273 	2413 	3038 	3181 	2002 	2539 	2706 	2769 	2332 	2688 	2051 	1746 	29738 	7837 	7118 	7769 	6155 	2247 	2589 	3001 	2689 	1985 	2444 	2706 	2868 	2195 	2496 	1911 	1748 	28879 	: 	: 	: 	: 	: 	: 	: 	: 	: 	: 	: 	: 	: 	: 	: 	: 	: 	: 	: 	: 	: 	: 	: 	: 	: 	: 	: 	: 	: 	: 	: 	: 	: 	: 	: 	: 	: 	: 	: 	: 	: 	: 
PAS,PAS_BRD_ARR,SK_LZIB_DE_EDFH	: 	: 	: 	: 	: 	: 	: 	: 	: 	: 	: 	: 	: 	: 	: 	: 	: 	: 	: 	: 	: 	: 	: 	: 	: 	: 	: 	: 	: 	: 	: 	: 	: 	: 	: 	: 	: 	: 	: 	: 	: 	: 	: 	: 	: 	: 	: 	: 	: 	: 	: 	: 	: 	: 	: 	: 	: 	: 	: 	: 	: 	: 	: 	: 	: 	: 	: 	: 	: 	: 	: 	: 	: 	: 	: 	: 	: 	: 	: 	: 	: 	: 	: 	: 	: 	: 	: 	: 	: 	: 	: 	: 	: 	: 	: 	: 	: 	: 	: 	: 	: 	: 	: 	: 	: 	: 	: 	: 	: 	: 	: 	: 	: 	: 	: 	: 	: 	: 	: 	: 	: 	: 	: 	: 	: 	: 	: 	: 	4669 	5865 	5256 	5913 	1473 	1271 	1925 	1750 	2013 	2102 	1759 	1766 	1731 	2134 	2033 	1746 	21703 	8127 	13193 	11520 	8490 	2305 	2090 	3732 	4059 	4576 	4558 	4275 	4066 	3179 	3370 	2952 	2168 	41330 	9806 	13267 	12451 	10529 	3186 	2458 	4162 	4222 	4437 	4608 	4124 	4214 	4113 	4235 	3420 	2874 	46053 	12319 	13656 	12236 	8425 	4287 	3598 	4434 	4253 	4699 	4704 	4275 	3928 	4033 	3098 	2840 	2487 	46636 	: 	: 	: 	: 	: 	: 	: 	: 	: 	: 	: 	: 	: 	: 	: 	: 	: 	: 	: 	: 	: 	: 	: 	: 	: 	: 	: 	: 	: 	: 	: 	: 	: 	: 	: 	: 	: 	: 	: 	: 	: 	: 
PAS,PAS_BRD_ARR,SK_LZIB_DK_EKCH	: 	: 	: 	: 	: 	: 	: 	: 	: 	: 	: 	: 	: 	: 	: 	: 	: 	: 	: 	: 	: 	: 	: 	: 	: 	: 	: 	: 	: 	: 	: 	: 	: 	: 	: 	: 	: 	: 	: 	: 	: 	: 	: 	: 	: 	: 	: 	: 	: 	: 	: 	: 	: 	: 	: 	: 	: 	: 	: 	: 	: 	: 	: 	: 	: 	: 	: 	: 	: 	: 	: 	: 	: 	: 	: 	: 	: 	: 	: 	: 	: 	: 	: 	: 	: 	: 	: 	: 	: 	: 	: 	: 	: 	: 	: 	: 	: 	: 	: 	: 	: 	: 	: 	: 	: 	: 	: 	: 	: 	: 	: 	: 	: 	: 	: 	: 	: 	: 	: 	: 	: 	: 	: 	: 	: 	: 	: 	: 	: 	: 	: 	: 	: 	: 	: 	: 	: 	: 	: 	: 	: 	: 	: 	: 	: 	: 	: 	: 	: 	: 	: 	: 	: 	: 	: 	: 	: 	: 	: 	: 	: 	: 	: 	: 	: 	: 	: 	: 	: 	: 	: 	: 	: 	: 	: 	: 	: 	: 	: 	2772 	2741 	2396 	2101 	963 	877 	932 	797 	876 	1068 	923 	660 	813 	858 	686 	557 	10010 	: 	: 	: 	: 	: 	: 	: 	: 	: 	: 	: 	: 	: 	: 	: 	: 	: 	: 	: 	: 	: 	: 	: 	: 	: 	: 	: 	: 	: 	: 	: 	: 	: 	: 	: 	: 	: 	: 	: 	: 	: 	: 
PAS,PAS_BRD_ARR,SK_LZIB_EG_HEGN	4636 	1718 	4536 	2618 	1361 	657 	717 	505 	496 	3026 	10078 	896 	: 	493 	658 	1875 	3269 	3570 	3239 	896 	: 	: 	: 	: 	: 	14000 	1937 	10915 	5110 	276 	: 	: 	1937 	2737 	4650 	3528 	2283 	1677 	1150 	: 	: 	276 	18238 	2570 	10016 	3220 	: 	151 	792 	1627 	2449 	3831 	3736 	2370 	699 	151 	: 	: 	: 	15806 	871 	7070 	4938 	: 	: 	250 	621 	221 	2737 	4112 	3200 	950 	788 	: 	: 	: 	12879 	2798 	12156 	6174 	160 	: 	765 	2033 	3167 	4143 	4846 	3696 	1285 	1193 	: 	: 	160 	21288 	5040 	17942 	7089 	1452 	190 	1071 	3779 	5360 	6264 	6318 	3956 	2214 	919 	455 	99 	898 	31523 	7443 	20738 	9842 	1953 	874 	1792 	4777 	6404 	7214 	7120 	5139 	3130 	1573 	671 	473 	809 	39976 	6098 	18209 	9467 	2205 	541 	1244 	4313 	5553 	6258 	6398 	4992 	2845 	1630 	984 	420 	801 	35979 	7081 	23616 	12428 	3906 	559 	1968 	4554 	6756 	8257 	8603 	6119 	3949 	2360 	1853 	1148 	905 	47031 	7247 	20107 	9849 	1855 	803 	1843 	4601 	5658 	7309 	7140 	5245 	2720 	1884 	1001 	503 	351 	39058 	4506 	12213 	7726 	2054 	661 	989 	2856 	3318 	4633 	4262 	3673 	2344 	1709 	1019 	424 	611 	26499 	: 	: 	: 	: 	: 	: 	: 	: 	: 	: 	: 	: 	: 	: 	: 	: 	: 	: 	: 	: 	: 	: 	: 	: 	: 	: 	: 	: 	: 	: 	: 	: 	: 	: 	: 	: 	: 	: 	: 	: 	: 	: 
PAS,PAS_BRD_ARR,SK_LZIB_EL_LGAV	4426 	4320 	1547 	1323 	1543 	1560 	1393 	1398 	1529 	5704 	6817 	6163 	6286 	1797 	1612 	2295 	2315 	2337 	2165 	2018 	2095 	2050 	2180 	2001 	2105 	24970 	6949 	7930 	6051 	218 	2494 	2026 	2429 	2470 	2819 	2641 	2077 	1971 	2003 	: 	: 	218 	21148 	: 	: 	: 	: 	: 	: 	: 	: 	: 	: 	: 	: 	: 	: 	: 	: 	: 	: 	: 	: 	: 	: 	: 	: 	: 	: 	: 	: 	: 	: 	: 	: 	: 	: 	: 	: 	: 	: 	: 	: 	: 	: 	: 	: 	: 	: 	: 	: 	: 	: 	: 	: 	: 	: 	: 	: 	: 	: 	: 	: 	: 	: 	: 	: 	: 	: 	: 	: 	: 	: 	: 	: 	: 	: 	: 	: 	: 	: 	: 	: 	: 	: 	: 	: 	: 	: 	: 	: 	: 	: 	: 	: 	: 	: 	: 	: 	: 	: 	: 	: 	: 	: 	: 	: 	: 	: 	: 	: 	: 	: 	: 	: 	: 	: 	: 	: 	: 	: 	: 	: 	: 	: 	: 	: 	: 	: 	: 	: 	: 	: 	: 	: 	: 	: 	: 	: 	: 	: 	: 	: 	: 	: 	: 	: 	: 	: 	: 	: 	: 	: 	: 	: 	: 	: 	: 	: 	: 	: 	: 	: 	: 	: 	: 	: 	: 	: 	: 	: 	: 	: 	: 	: 	: 	: 	: 	: 	: 	: 	: 	: 	: 	: 	: 	: 	: 	: 	: 	: 	: 	: 	: 	: 	: 	: 	: 
PAS,PAS_BRD_ARR,SK_LZIB_EL_LGIR	: 	: 	: 	: 	: 	: 	: 	: 	: 	274 	17448 	2078 	: 	: 	: 	274 	4780 	6312 	6356 	2078 	: 	: 	: 	: 	: 	19800 	151 	13217 	1531 	: 	: 	: 	151 	3856 	5103 	4258 	1531 	: 	: 	: 	: 	: 	14899 	268 	11335 	1098 	180 	168 	: 	100 	3449 	4375 	3511 	1098 	: 	: 	180 	: 	: 	12881 	112 	9355 	1280 	: 	112 	: 	: 	2251 	3789 	3315 	1280 	: 	: 	: 	: 	: 	10747 	: 	: 	: 	: 	: 	: 	: 	: 	: 	: 	: 	: 	: 	: 	: 	: 	: 	116 	8387 	1416 	: 	: 	: 	116 	2532 	2916 	2939 	1416 	: 	: 	: 	: 	: 	9919 	: 	8753 	1312 	: 	: 	: 	: 	2446 	3087 	3220 	1309 	: 	3 	: 	: 	: 	10065 	: 	: 	: 	: 	: 	: 	: 	: 	: 	: 	: 	: 	: 	: 	: 	: 	: 	148 	10844 	1857 	: 	: 	97 	51 	3313 	3888 	3643 	1848 	9 	: 	: 	: 	: 	12849 	49 	8807 	1417 	: 	: 	: 	49 	2271 	3419 	3117 	1417 	0 	: 	: 	: 	: 	10273 	371 	10239 	1642 	: 	149 	: 	222 	2884 	3349 	4006 	1640 	2 	: 	: 	: 	: 	12252 	: 	: 	: 	: 	: 	: 	: 	: 	: 	: 	: 	: 	: 	: 	: 	: 	: 	: 	: 	: 	: 	: 	: 	: 	: 	: 	: 	: 	: 	: 	: 	: 	: 	: 	: 	: 	: 	: 	: 	: 	: 	: 
PAS,PAS_BRD_ARR,SK_LZIB_EL_LGKR	: 	: 	: 	: 	: 	: 	: 	: 	: 	647 	9584 	1917 	: 	: 	: 	647 	2883 	3558 	3143 	1355 	547 	15 	: 	: 	: 	12148 	: 	: 	: 	: 	: 	: 	: 	: 	: 	: 	: 	: 	: 	: 	: 	: 	: 	: 	: 	: 	: 	: 	: 	: 	: 	: 	: 	: 	: 	: 	: 	: 	: 	: 	: 	: 	: 	: 	: 	: 	: 	: 	: 	: 	: 	: 	: 	: 	: 	: 	: 	: 	: 	: 	: 	: 	: 	: 	: 	: 	: 	: 	: 	: 	: 	: 	: 	: 	: 	: 	: 	: 	: 	: 	: 	: 	: 	: 	: 	: 	: 	: 	: 	: 	: 	: 	: 	: 	: 	: 	: 	: 	: 	: 	: 	: 	: 	: 	: 	: 	: 	: 	: 	: 	: 	: 	: 	: 	: 	: 	: 	: 	: 	: 	: 	: 	: 	: 	: 	: 	: 	: 	: 	: 	: 	: 	: 	: 	: 	: 	: 	: 	: 	: 	: 	: 	: 	: 	: 	: 	: 	: 	: 	: 	: 	: 	: 	: 	: 	: 	: 	: 	: 	: 	: 	: 	: 	: 	: 	: 	: 	: 	: 	: 	: 	: 	: 	: 	: 	: 	: 	: 	: 	: 	: 	: 	: 	: 	: 	: 	: 	: 	: 	: 	: 	: 	: 	: 	: 	: 	: 	: 	: 	: 	: 	: 	: 	: 	: 	: 	: 	: 	: 	: 	: 	: 	: 	: 	: 	: 	: 	: 
PAS,PAS_BRD_ARR,SK_LZIB_EL_LGRP	: 	: 	: 	: 	: 	: 	: 	: 	: 	184 	15382 	1879 	: 	: 	: 	184 	4643 	5584 	5155 	1879 	: 	: 	: 	: 	: 	17445 	138 	15476 	2582 	: 	: 	: 	138 	4201 	5749 	5526 	2582 	: 	: 	: 	: 	: 	18196 	157 	13909 	1958 	: 	: 	: 	157 	4089 	4923 	4897 	1958 	: 	: 	: 	: 	: 	16024 	: 	10312 	1710 	: 	: 	: 	: 	3068 	3488 	3756 	1710 	: 	: 	: 	: 	: 	12022 	315 	9656 	1268 	: 	: 	: 	315 	2783 	3216 	3657 	1268 	: 	: 	: 	: 	: 	11239 	271 	12410 	2400 	: 	: 	: 	271 	3526 	4378 	4506 	2400 	: 	: 	: 	: 	: 	15081 	326 	11373 	1594 	: 	: 	: 	326 	3352 	4215 	3806 	1594 	: 	: 	: 	: 	: 	13293 	296 	12447 	2074 	: 	: 	: 	296 	3357 	4644 	4446 	2074 	: 	: 	: 	: 	: 	14817 	358 	13353 	2359 	: 	: 	: 	358 	3999 	4670 	4684 	2359 	0 	: 	: 	: 	: 	16070 	255 	15796 	2941 	: 	: 	: 	255 	4486 	5601 	5709 	2941 	: 	: 	: 	: 	: 	18992 	964 	17448 	2999 	: 	: 	: 	964 	5161 	5816 	6471 	2999 	0 	: 	: 	: 	: 	21411 	: 	: 	: 	: 	: 	: 	: 	: 	: 	: 	: 	: 	: 	: 	: 	: 	: 	: 	: 	: 	: 	: 	: 	: 	: 	: 	: 	: 	: 	: 	: 	: 	: 	: 	: 	: 	: 	: 	: 	: 	: 	: 
PAS,PAS_BRD_ARR,SK_LZIB_ES_GCLP	: 	: 	: 	: 	: 	: 	: 	: 	: 	: 	: 	: 	: 	: 	: 	: 	: 	: 	: 	: 	: 	: 	: 	: 	: 	: 	: 	: 	: 	: 	: 	: 	: 	: 	: 	: 	: 	: 	: 	: 	: 	: 	: 	: 	: 	: 	: 	: 	: 	: 	: 	: 	: 	: 	: 	: 	: 	: 	: 	: 	: 	: 	: 	: 	: 	: 	: 	: 	: 	: 	: 	: 	: 	: 	: 	: 	: 	: 	: 	: 	: 	: 	: 	: 	: 	: 	: 	: 	: 	: 	: 	: 	: 	: 	4179 	4740 	4255 	1735 	1396 	1304 	1479 	1571 	1610 	1559 	1353 	1444 	1458 	1321 	414 	: 	14909 	: 	: 	: 	: 	: 	: 	: 	: 	: 	: 	: 	: 	: 	: 	: 	: 	: 	: 	: 	: 	: 	: 	: 	: 	: 	: 	: 	: 	: 	: 	: 	: 	: 	: 	: 	: 	: 	: 	: 	: 	: 	: 	: 	: 	: 	: 	: 	: 	: 	: 	: 	: 	: 	: 	: 	: 	: 	: 	: 	: 	: 	: 	: 	: 	: 	: 	: 	: 	: 	: 	: 	: 	: 	: 	: 	: 	: 	: 	: 	: 	: 	: 	: 	: 	: 	: 	: 	: 	: 	: 	: 	: 	: 	: 	: 	: 	: 	: 	: 	: 	: 	: 	: 	: 	: 	: 	: 	: 	: 	: 	: 	: 	: 	: 	: 	: 	: 	: 	: 	: 	: 	: 	: 	: 	: 	: 	: 
PAS,PAS_BRD_ARR,SK_LZIB_ES_LEAL	: 	: 	: 	: 	: 	: 	: 	: 	: 	: 	: 	: 	: 	: 	: 	: 	: 	: 	: 	: 	: 	: 	: 	: 	: 	: 	: 	: 	: 	: 	: 	: 	: 	: 	: 	: 	: 	: 	: 	: 	: 	: 	: 	: 	: 	: 	: 	: 	: 	: 	: 	: 	: 	: 	: 	: 	: 	: 	: 	: 	: 	: 	: 	: 	: 	: 	: 	: 	: 	: 	: 	: 	: 	: 	: 	: 	: 	: 	: 	: 	: 	: 	: 	: 	: 	: 	: 	: 	: 	: 	: 	: 	: 	: 	2053 	7100 	6130 	3809 	: 	: 	2053 	2278 	2508 	2314 	2145 	2012 	1973 	1679 	1157 	973 	19092 	3577 	4774 	4105 	3336 	864 	1350 	1363 	1572 	1607 	1595 	1335 	1424 	1346 	1341 	1045 	950 	15792 	3777 	5371 	1095 	: 	1040 	1301 	1436 	1429 	2364 	1578 	1095 	: 	: 	: 	: 	: 	10243 	: 	: 	: 	: 	: 	: 	: 	: 	: 	: 	: 	: 	: 	: 	: 	: 	: 	: 	: 	: 	: 	: 	: 	: 	: 	: 	: 	: 	: 	: 	: 	: 	: 	: 	: 	: 	: 	: 	: 	: 	: 	: 	: 	: 	: 	: 	: 	: 	: 	: 	: 	: 	: 	: 	: 	: 	: 	: 	: 	: 	: 	: 	: 	: 	: 	: 	: 	: 	: 	: 	: 	: 	: 	: 	: 	: 	: 	: 	: 	: 	: 	: 	: 	: 	: 	: 	: 	: 	: 	: 	: 	: 	: 
PAS,PAS_BRD_ARR,SK_LZIB_ES_LEBL	: 	: 	: 	: 	: 	: 	: 	: 	: 	: 	: 	: 	: 	: 	: 	: 	: 	: 	: 	: 	: 	: 	: 	: 	: 	: 	: 	: 	: 	: 	: 	: 	: 	: 	: 	: 	: 	: 	: 	: 	: 	: 	: 	: 	: 	: 	: 	: 	: 	: 	: 	: 	: 	: 	: 	: 	: 	: 	: 	: 	: 	: 	: 	: 	: 	: 	: 	: 	: 	: 	: 	: 	: 	: 	: 	: 	: 	: 	: 	: 	: 	: 	: 	: 	: 	: 	: 	: 	: 	: 	: 	: 	: 	: 	: 	: 	: 	: 	: 	: 	: 	: 	: 	: 	: 	: 	: 	: 	: 	: 	: 	: 	: 	: 	: 	: 	: 	: 	: 	: 	: 	: 	: 	: 	: 	: 	: 	: 	: 	: 	: 	: 	: 	: 	: 	: 	: 	: 	: 	: 	: 	: 	: 	: 	: 	: 	: 	: 	: 	: 	: 	: 	: 	: 	: 	: 	: 	: 	: 	: 	: 	: 	2101 	6080 	4148 	2733 	462 	154 	1485 	2016 	2017 	2047 	1706 	1321 	1121 	1085 	912 	736 	15062 	3288 	7561 	4437 	2090 	972 	855 	1461 	2538 	2750 	2273 	1795 	1334 	1308 	799 	651 	640 	17376 	: 	: 	: 	: 	: 	: 	: 	: 	: 	: 	: 	: 	: 	: 	: 	: 	: 	: 	: 	: 	: 	: 	: 	: 	: 	: 	: 	: 	: 	: 	: 	: 	: 	: 	: 	: 	: 	: 	: 	: 	: 	: 
PAS,PAS_BRD_ARR,SK_LZIB_ES_LEGE	4413 	4417 	2522 	1509 	1542 	1362 	1562 	1406 	1449 	4495 	6252 	4069 	4046 	1538 	1425 	1532 	1575 	3143 	1534 	1225 	1466 	1378 	1152 	1535 	1359 	18862 	4224 	6044 	4105 	3779 	1159 	1506 	1559 	1405 	3049 	1590 	1405 	1431 	1269 	1484 	1158 	1137 	18152 	4378 	5914 	4000 	1 	1512 	1312 	1554 	1397 	2432 	2085 	1374 	1265 	1361 	: 	: 	1 	14293 	1689 	4576 	3825 	725 	: 	169 	1520 	1581 	1432 	1563 	1375 	1358 	1092 	725 	: 	: 	10815 	1530 	4958 	4034 	223 	: 	: 	1530 	1849 	1585 	1524 	1270 	1357 	1407 	223 	: 	: 	10745 	1363 	4560 	4238 	1921 	: 	: 	1363 	1559 	1427 	1574 	1486 	1451 	1301 	1921 	: 	: 	12082 	1996 	6846 	5187 	4956 	: 	: 	1996 	2200 	2447 	2199 	1998 	1765 	1424 	2112 	1531 	1313 	18985 	4801 	4372 	4138 	75 	1779 	1476 	1546 	1476 	1408 	1488 	1275 	1361 	1502 	75 	: 	: 	13386 	2158 	9522 	7571 	5617 	: 	: 	2158 	2965 	3354 	3203 	2833 	2480 	2258 	2311 	1983 	1323 	24868 	: 	: 	: 	: 	: 	: 	: 	: 	: 	: 	: 	: 	: 	: 	: 	: 	: 	: 	: 	: 	: 	: 	: 	: 	: 	: 	: 	: 	: 	: 	: 	: 	: 	: 	: 	: 	: 	: 	: 	: 	: 	: 	: 	: 	: 	: 	: 	: 	: 	: 	: 	: 	: 	: 	: 	: 	: 	: 	: 	: 	: 	: 	: 	: 	: 	: 	: 	: 	: 	: 	: 	: 	: 	: 	: 	: 
PAS,PAS_BRD_ARR,SK_LZIB_ES_LEMD	4833 	5127 	1811 	1607 	1631 	1595 	1621 	1804 	1702 	5554 	6994 	6518 	6631 	1907 	1446 	2201 	2237 	2530 	2227 	2227 	2178 	2113 	2175 	2162 	2294 	25697 	6835 	6909 	6038 	166 	2282 	2350 	2203 	2222 	2283 	2404 	1949 	2084 	2005 	166 	: 	: 	19948 	: 	: 	: 	: 	: 	: 	: 	: 	: 	: 	: 	: 	: 	: 	: 	: 	: 	: 	: 	: 	: 	: 	: 	: 	: 	: 	: 	: 	: 	: 	: 	: 	: 	: 	: 	: 	: 	: 	: 	: 	: 	: 	: 	: 	: 	: 	: 	: 	: 	: 	: 	: 	: 	: 	: 	: 	: 	: 	: 	: 	: 	: 	: 	: 	: 	: 	: 	: 	: 	: 	: 	: 	: 	: 	: 	: 	: 	: 	: 	: 	: 	: 	: 	: 	: 	: 	: 	: 	: 	: 	: 	: 	: 	: 	: 	: 	: 	: 	: 	: 	: 	: 	: 	: 	: 	: 	: 	: 	: 	: 	: 	: 	: 	: 	: 	: 	: 	: 	: 	: 	: 	: 	: 	: 	: 	: 	: 	: 	: 	: 	: 	: 	: 	: 	: 	: 	: 	: 	: 	: 	: 	: 	: 	: 	: 	: 	: 	: 	: 	: 	: 	: 	: 	: 	: 	: 	: 	: 	: 	: 	: 	: 	: 	: 	: 	: 	: 	: 	: 	: 	: 	: 	: 	: 	: 	: 	: 	: 	: 	: 	: 	: 	: 	: 	: 	: 	: 	: 	: 	: 	: 	: 	: 	: 	: 
PAS,PAS_BRD_ARR,SK_LZIB_ES_LEMG	: 	: 	: 	: 	: 	: 	: 	: 	: 	1411 	6994 	4507 	668 	: 	2 	1409 	2117 	2367 	2510 	1500 	1462 	1545 	668 	: 	: 	13580 	1803 	6806 	4497 	170 	8 	178 	1617 	1902 	2342 	2562 	1684 	1513 	1300 	170 	: 	: 	13276 	1760 	6729 	4256 	3 	: 	186 	1574 	1944 	2513 	2272 	1632 	1273 	1351 	2 	1 	: 	12748 	1806 	6609 	4305 	336 	: 	187 	1619 	2112 	2086 	2411 	1736 	1449 	1120 	336 	: 	: 	13056 	1578 	10293 	6265 	354 	: 	: 	1578 	3301 	3673 	3319 	2683 	1829 	1753 	354 	: 	: 	18490 	1375 	5848 	4399 	3678 	: 	: 	1375 	1588 	2100 	2160 	1645 	1433 	1321 	1461 	1150 	1067 	15300 	: 	: 	: 	: 	: 	: 	: 	: 	: 	: 	: 	: 	: 	: 	: 	: 	: 	: 	: 	: 	: 	: 	: 	: 	: 	: 	: 	: 	: 	: 	: 	: 	: 	: 	: 	: 	: 	: 	: 	: 	: 	: 	: 	: 	: 	: 	: 	: 	: 	: 	: 	: 	: 	: 	: 	: 	: 	: 	: 	: 	: 	: 	: 	: 	: 	: 	: 	: 	: 	: 	: 	: 	: 	: 	: 	: 	: 	: 	: 	: 	: 	: 	: 	: 	: 	: 	: 	: 	: 	: 	: 	: 	: 	: 	: 	: 	: 	: 	: 	: 	: 	: 	: 	: 	: 	: 	: 	: 	: 	: 	: 	: 	: 	: 	: 	: 	: 	: 	: 	: 	: 	: 	: 	: 	: 	: 	: 
PAS,PAS_BRD_ARR,SK_LZIB_ES_LEPA	: 	: 	: 	: 	: 	: 	: 	: 	: 	1599 	10962 	4819 	: 	: 	: 	1599 	3149 	3907 	3906 	2194 	1410 	1215 	: 	: 	: 	17380 	1795 	9160 	4438 	106 	: 	174 	1621 	2631 	3313 	3216 	1858 	1418 	1162 	106 	: 	: 	15499 	1078 	9151 	3435 	: 	: 	183 	895 	2795 	3090 	3266 	1670 	1254 	511 	: 	: 	: 	13664 	1846 	12464 	4425 	236 	: 	280 	1566 	3556 	4440 	4468 	1996 	1182 	1247 	236 	: 	: 	18971 	1296 	11797 	4499 	182 	: 	: 	1296 	3338 	4879 	3580 	2318 	1117 	1064 	182 	: 	: 	17774 	2689 	16413 	8044 	102 	: 	: 	2689 	4740 	5821 	5852 	3625 	2191 	2228 	102 	: 	: 	27248 	2607 	13476 	4483 	: 	: 	: 	2607 	3895 	4604 	4977 	3003 	1480 	: 	: 	: 	: 	20566 	: 	: 	: 	: 	: 	: 	: 	: 	: 	: 	: 	: 	: 	: 	: 	: 	: 	: 	: 	: 	: 	: 	: 	: 	: 	: 	: 	: 	: 	: 	: 	: 	: 	: 	: 	: 	: 	: 	: 	: 	: 	: 	: 	: 	: 	: 	: 	: 	: 	: 	: 	: 	: 	: 	: 	: 	: 	: 	: 	: 	: 	: 	: 	: 	: 	: 	: 	: 	: 	: 	: 	: 	: 	: 	: 	: 	: 	: 	: 	: 	: 	: 	: 	: 	: 	: 	: 	: 	: 	: 	: 	: 	: 	: 	: 	: 	: 	: 	: 	: 	: 	: 	: 	: 	: 	: 	: 	: 	: 	: 
PAS,PAS_BRD_ARR,SK_LZIB_FR_LFMN	: 	: 	: 	: 	: 	: 	: 	: 	: 	: 	: 	: 	: 	: 	: 	: 	: 	: 	: 	: 	: 	: 	: 	: 	: 	: 	: 	: 	: 	: 	: 	: 	: 	: 	: 	: 	: 	: 	: 	: 	: 	: 	: 	: 	: 	: 	: 	: 	: 	: 	: 	: 	: 	: 	: 	: 	: 	: 	: 	: 	: 	: 	: 	: 	: 	: 	: 	: 	: 	: 	: 	: 	: 	: 	: 	: 	: 	: 	: 	: 	: 	: 	: 	: 	: 	: 	: 	: 	: 	: 	: 	: 	: 	: 	: 	: 	: 	: 	: 	: 	: 	: 	: 	: 	: 	: 	: 	: 	: 	: 	: 	: 	: 	: 	: 	: 	: 	: 	: 	: 	: 	: 	: 	: 	: 	: 	: 	: 	: 	: 	: 	: 	: 	: 	: 	: 	: 	: 	: 	: 	: 	: 	: 	: 	: 	: 	: 	: 	: 	: 	: 	: 	: 	: 	: 	: 	: 	: 	: 	: 	: 	: 	: 	: 	: 	: 	: 	: 	: 	: 	: 	: 	: 	: 	: 	: 	: 	: 	: 	1435 	4839 	4396 	2359 	: 	: 	1435 	1530 	1689 	1620 	1489 	1582 	1325 	1039 	665 	655 	13029 	: 	: 	: 	: 	: 	: 	: 	: 	: 	: 	: 	: 	: 	: 	: 	: 	: 	: 	: 	: 	: 	: 	: 	: 	: 	: 	: 	: 	: 	: 	: 	: 	: 	: 	: 	: 	: 	: 	: 	: 	: 	: 
PAS,PAS_BRD_ARR,SK_LZIB_FR_LFOB	: 	: 	: 	: 	: 	: 	: 	: 	: 	2432 	5646 	4899 	: 	: 	386 	2046 	1661 	1945 	2040 	1181 	1706 	2012 	: 	: 	: 	12977 	2535 	6609 	6331 	119 	: 	159 	2376 	2109 	2193 	2307 	2188 	2108 	2035 	119 	: 	: 	15594 	1191 	6645 	5641 	: 	: 	: 	1191 	1938 	2400 	2307 	1488 	2116 	2037 	: 	: 	: 	13477 	1830 	6560 	6126 	150 	: 	: 	1830 	2104 	2184 	2272 	1970 	2253 	1903 	150 	: 	: 	14666 	2226 	7981 	8054 	4547 	: 	: 	2226 	2083 	2883 	3015 	2590 	2615 	2849 	1312 	1701 	1534 	22808 	6102 	8282 	8342 	5125 	1926 	1497 	2679 	2415 	2841 	3026 	2715 	2847 	2780 	1953 	1708 	1464 	27851 	6128 	7815 	7468 	6687 	1901 	1741 	2486 	2292 	2812 	2711 	2721 	2694 	2053 	2469 	2201 	2017 	28098 	: 	: 	: 	: 	: 	: 	: 	: 	: 	: 	: 	: 	: 	: 	: 	: 	: 	: 	: 	: 	: 	: 	: 	: 	: 	: 	: 	: 	: 	: 	: 	: 	: 	: 	: 	: 	: 	: 	: 	: 	: 	: 	: 	: 	: 	: 	: 	: 	: 	: 	: 	: 	: 	: 	: 	: 	: 	: 	: 	: 	: 	: 	: 	: 	: 	: 	: 	: 	: 	: 	: 	: 	: 	: 	: 	: 	: 	: 	: 	: 	: 	: 	: 	: 	: 	: 	: 	: 	: 	: 	: 	: 	: 	: 	: 	: 	: 	: 	: 	: 	: 	: 	: 	: 	: 	: 	: 	: 	: 	: 
PAS,PAS_BRD_ARR,SK_LZIB_FR_LFPO	: 	: 	: 	: 	: 	: 	: 	: 	: 	: 	: 	: 	: 	: 	: 	: 	: 	: 	: 	: 	: 	: 	: 	: 	: 	: 	: 	: 	: 	: 	: 	: 	: 	: 	: 	: 	: 	: 	: 	: 	: 	: 	: 	: 	: 	: 	: 	: 	: 	: 	: 	: 	: 	: 	: 	: 	: 	: 	: 	: 	: 	: 	: 	: 	: 	: 	: 	: 	: 	: 	: 	: 	: 	: 	: 	: 	: 	: 	: 	: 	: 	: 	: 	: 	: 	: 	: 	: 	: 	: 	: 	: 	: 	: 	: 	: 	: 	: 	: 	: 	: 	: 	: 	: 	: 	: 	: 	: 	: 	: 	: 	: 	: 	: 	: 	: 	: 	: 	: 	: 	: 	: 	: 	: 	: 	: 	: 	: 	: 	6726 	13974 	12261 	: 	: 	: 	: 	3774 	2952 	3475 	5456 	5043 	4149 	3862 	4250 	32961 	14245 	10531 	17012 	13267 	4877 	4505 	4863 	3899 	3104 	3528 	4441 	6538 	6033 	5344 	4203 	3720 	55055 	13813 	9306 	13612 	11454 	4627 	4556 	4630 	3254 	2907 	3145 	3904 	5066 	4642 	4774 	3964 	2716 	48185 	12650 	9971 	14207 	11122 	3899 	3967 	4784 	3963 	2846 	3162 	4343 	5397 	4467 	4275 	3622 	3225 	47950 	: 	: 	: 	: 	: 	: 	: 	: 	: 	: 	: 	: 	: 	: 	: 	: 	: 	: 	: 	: 	: 	: 	: 	: 	: 	: 	: 	: 	: 	: 	: 	: 	: 	: 	: 	: 	: 	: 	: 	: 	: 	: 
PAS,PAS_BRD_ARR,SK_LZIB_FR_LFSB	: 	: 	: 	: 	: 	: 	: 	: 	: 	: 	: 	: 	: 	: 	: 	: 	: 	: 	: 	: 	: 	: 	: 	: 	: 	: 	: 	: 	: 	: 	: 	: 	: 	: 	: 	: 	: 	: 	: 	: 	: 	: 	: 	: 	: 	: 	: 	: 	: 	: 	: 	: 	: 	: 	: 	: 	: 	: 	: 	: 	: 	: 	: 	: 	: 	: 	: 	: 	: 	: 	: 	: 	: 	: 	: 	: 	: 	: 	: 	: 	: 	: 	: 	: 	: 	: 	: 	: 	: 	: 	: 	: 	: 	: 	: 	: 	: 	: 	: 	: 	: 	: 	: 	: 	: 	: 	: 	: 	: 	: 	: 	: 	: 	: 	: 	: 	: 	: 	: 	: 	: 	: 	: 	: 	: 	: 	: 	: 	: 	: 	: 	: 	: 	: 	: 	: 	: 	: 	: 	: 	: 	: 	: 	: 	: 	: 	: 	: 	: 	: 	: 	: 	: 	: 	: 	: 	: 	: 	: 	: 	: 	: 	1292 	5480 	4067 	4151 	: 	: 	1292 	1563 	1930 	1987 	1385 	1323 	1359 	1657 	1404 	1090 	14990 	4271 	4847 	4334 	3312 	1349 	1300 	1622 	1567 	1475 	1805 	1461 	1368 	1505 	1312 	960 	1040 	16764 	: 	: 	: 	: 	: 	: 	: 	: 	: 	: 	: 	: 	: 	: 	: 	: 	: 	: 	: 	: 	: 	: 	: 	: 	: 	: 	: 	: 	: 	: 	: 	: 	: 	: 	: 	: 	: 	: 	: 	: 	: 	: 
PAS,PAS_BRD_ARR,SK_LZIB_IE_EICK	: 	: 	: 	: 	: 	: 	: 	: 	: 	: 	: 	: 	: 	: 	: 	: 	: 	: 	: 	: 	: 	: 	: 	: 	: 	: 	: 	: 	: 	: 	: 	: 	: 	: 	: 	: 	: 	: 	: 	: 	: 	: 	: 	: 	: 	: 	: 	: 	: 	: 	: 	: 	: 	: 	: 	: 	: 	: 	: 	: 	: 	: 	: 	: 	: 	: 	: 	: 	: 	: 	: 	: 	: 	: 	: 	: 	: 	: 	: 	: 	: 	: 	: 	: 	: 	: 	: 	: 	: 	: 	: 	: 	: 	: 	: 	: 	: 	: 	: 	: 	: 	: 	: 	: 	: 	: 	: 	: 	: 	: 	: 	: 	: 	: 	: 	: 	: 	: 	: 	: 	: 	: 	: 	: 	: 	: 	: 	: 	: 	: 	: 	: 	: 	: 	: 	: 	: 	: 	: 	: 	: 	: 	: 	: 	: 	793 	4781 	4208 	3768 	: 	: 	793 	1362 	1592 	1827 	1408 	1481 	1319 	1486 	1232 	1050 	13550 	: 	: 	: 	: 	: 	: 	: 	: 	: 	: 	: 	: 	: 	: 	: 	: 	: 	: 	: 	: 	: 	: 	: 	: 	: 	: 	: 	: 	: 	: 	: 	: 	: 	: 	: 	: 	: 	: 	: 	: 	: 	: 	: 	: 	: 	: 	: 	: 	: 	: 	: 	: 	: 	: 	: 	: 	: 	: 	: 	: 	: 	: 	: 	: 	: 	: 	: 	: 	: 	: 	: 	: 	: 	: 	: 	: 
PAS,PAS_BRD_ARR,SK_LZIB_IE_EIDW	16499 	15291 	5772 	5515 	5530 	5454 	5493 	4819 	4979 	17679 	16616 	16134 	15323 	5760 	6384 	5535 	5639 	5439 	5538 	5305 	5567 	5262 	5612 	4898 	4813 	65752 	15835 	15715 	15592 	14318 	5182 	5203 	5450 	4784 	5221 	5710 	5247 	5256 	5089 	5278 	4509 	4531 	61460 	14343 	12726 	11479 	9387 	5158 	4669 	4516 	4036 	4067 	4623 	4276 	3624 	3579 	3355 	2893 	3139 	47935 	11570 	13360 	12581 	9553 	4050 	3367 	4153 	4087 	4335 	4938 	4345 	4192 	4044 	3828 	2804 	2921 	47064 	9580 	11523 	11676 	8768 	3869 	2790 	2921 	2994 	4354 	4175 	3585 	4174 	3917 	3154 	2618 	2996 	41547 	9356 	12049 	11466 	10358 	3611 	2762 	2983 	4058 	3931 	4060 	4001 	3797 	3668 	3560 	3290 	3508 	43229 	11595 	13142 	10695 	8259 	3808 	3595 	4192 	3750 	4700 	4692 	4233 	3578 	2884 	3103 	2492 	2664 	43691 	9645 	10198 	9196 	6563 	3100 	2951 	3594 	3613 	3287 	3298 	3079 	3141 	2976 	2304 	2038 	2221 	35602 	13690 	25354 	19059 	16359 	3238 	4357 	6095 	7150 	8973 	9231 	6713 	6494 	5852 	6605 	5223 	4531 	74462 	18073 	15781 	13811 	11411 	6653 	6029 	5391 	6056 	4757 	4968 	4299 	5198 	4314 	4516 	3544 	3351 	59076 	12193 	11612 	10056 	2826 	4895 	3855 	3443 	3482 	4157 	3973 	3369 	3346 	3341 	1232 	800 	794 	36687 	: 	: 	: 	: 	: 	: 	: 	: 	: 	: 	: 	: 	: 	: 	: 	: 	: 	: 	: 	: 	: 	: 	: 	: 	: 	: 	: 	: 	: 	: 	: 	: 	: 	: 	: 	: 	: 	: 	: 	: 	: 	: 
PAS,PAS_BRD_ARR,SK_LZIB_IN_VIAR	: 	: 	: 	: 	: 	: 	: 	: 	: 	: 	: 	: 	: 	: 	: 	: 	: 	: 	: 	: 	: 	: 	: 	: 	: 	: 	: 	: 	: 	: 	: 	: 	: 	: 	: 	: 	: 	: 	: 	: 	: 	: 	: 	: 	: 	: 	: 	: 	: 	: 	: 	: 	: 	: 	: 	: 	: 	: 	: 	: 	: 	: 	: 	: 	: 	: 	: 	: 	: 	: 	: 	: 	: 	: 	: 	: 	: 	: 	: 	: 	: 	: 	: 	: 	: 	: 	: 	: 	: 	: 	: 	: 	: 	: 	: 	: 	: 	: 	: 	: 	: 	: 	: 	: 	: 	: 	: 	: 	: 	: 	: 	: 	: 	: 	: 	: 	: 	: 	: 	: 	: 	: 	: 	: 	: 	: 	: 	: 	: 	: 	: 	: 	: 	: 	: 	: 	: 	: 	: 	: 	: 	: 	: 	: 	: 	1742 	: 	2538 	7320 	685 	813 	244 	: 	: 	: 	163 	341 	2034 	2534 	2101 	2685 	11600 	: 	: 	: 	: 	: 	: 	: 	: 	: 	: 	: 	: 	: 	: 	: 	: 	: 	: 	: 	: 	: 	: 	: 	: 	: 	: 	: 	: 	: 	: 	: 	: 	: 	: 	: 	: 	: 	: 	: 	: 	: 	: 	: 	: 	: 	: 	: 	: 	: 	: 	: 	: 	: 	: 	: 	: 	: 	: 	: 	: 	: 	: 	: 	: 	: 	: 	: 	: 	: 	: 	: 	: 	: 	: 	: 	: 
PAS,PAS_BRD_ARR,SK_LZIB_IT_LICT	: 	: 	: 	: 	: 	: 	: 	: 	: 	1452 	4679 	4179 	: 	: 	: 	1452 	1614 	1445 	1620 	1462 	1425 	1292 	: 	: 	: 	10310 	: 	: 	: 	: 	: 	: 	: 	: 	: 	: 	: 	: 	: 	: 	: 	: 	: 	1715 	4355 	3813 	: 	: 	169 	1546 	1365 	1411 	1579 	1342 	1176 	1295 	: 	: 	: 	9883 	: 	: 	: 	: 	: 	: 	: 	: 	: 	: 	: 	: 	: 	: 	: 	: 	: 	: 	: 	: 	: 	: 	: 	: 	: 	: 	: 	: 	: 	: 	: 	: 	: 	: 	: 	: 	: 	: 	: 	: 	: 	: 	: 	: 	: 	: 	: 	: 	: 	: 	: 	: 	: 	: 	: 	: 	: 	: 	: 	: 	: 	: 	: 	: 	: 	: 	: 	: 	: 	: 	: 	: 	: 	: 	: 	: 	: 	: 	: 	: 	: 	: 	: 	: 	: 	: 	: 	: 	: 	: 	: 	: 	: 	: 	: 	: 	: 	: 	: 	: 	: 	: 	: 	: 	: 	: 	: 	: 	: 	: 	: 	: 	: 	: 	: 	: 	: 	: 	: 	: 	: 	: 	: 	: 	: 	: 	: 	: 	: 	: 	: 	: 	: 	: 	: 	: 	: 	: 	: 	: 	: 	: 	: 	: 	: 	: 	: 	: 	: 	: 	: 	: 	: 	: 	: 	: 	: 	: 	: 	: 	: 	: 	: 	: 	: 	: 	: 	: 	: 	: 	: 	: 	: 	: 	: 	: 	: 	: 
PAS,PAS_BRD_ARR,SK_LZIB_IT_LIEA	: 	: 	: 	: 	: 	: 	: 	: 	: 	1614 	4659 	4333 	4086 	: 	: 	1614 	1431 	1619 	1609 	1328 	1461 	1544 	1430 	1300 	1356 	14692 	4167 	4317 	3744 	3835 	1808 	1146 	1213 	1620 	1442 	1255 	1254 	1248 	1242 	1432 	1276 	1127 	16063 	4857 	5397 	3610 	3092 	1588 	1483 	1786 	2425 	1437 	1535 	1355 	1058 	1197 	1356 	870 	866 	16956 	3979 	4726 	3633 	279 	1426 	1087 	1466 	1583 	1617 	1526 	1144 	1155 	1334 	279 	: 	: 	12617 	: 	: 	: 	: 	: 	: 	: 	: 	: 	: 	: 	: 	: 	: 	: 	: 	: 	: 	: 	: 	: 	: 	: 	: 	: 	: 	: 	: 	: 	: 	: 	: 	: 	: 	: 	: 	: 	: 	: 	: 	: 	: 	: 	: 	: 	: 	: 	: 	: 	: 	: 	: 	: 	: 	: 	: 	: 	: 	: 	: 	: 	: 	: 	: 	: 	: 	: 	: 	: 	: 	: 	: 	: 	: 	: 	: 	: 	: 	: 	: 	: 	: 	: 	: 	: 	: 	: 	: 	: 	: 	: 	: 	: 	: 	: 	: 	: 	: 	: 	: 	: 	: 	: 	: 	: 	: 	: 	: 	: 	: 	: 	: 	: 	: 	: 	: 	: 	: 	: 	: 	: 	: 	: 	: 	: 	: 	: 	: 	: 	: 	: 	: 	: 	: 	: 	: 	: 	: 	: 	: 	: 	: 	: 	: 	: 	: 	: 	: 	: 	: 	: 	: 	: 	: 	: 	: 	: 	: 	: 	: 	: 
PAS,PAS_BRD_ARR,SK_LZIB_IT_LIME	9226 	8705 	3244 	3021 	3208 	2997 	2989 	2778 	2938 	9470 	9248 	8812 	8693 	3192 	3099 	3179 	2964 	3112 	3172 	2710 	3133 	2969 	2915 	2852 	2926 	36223 	9539 	9308 	9294 	8191 	3446 	3061 	3032 	2996 	3137 	3175 	3138 	3170 	2986 	3104 	2572 	2515 	36332 	9072 	8902 	6415 	7842 	3099 	2924 	3049 	2884 	2869 	3149 	2514 	1099 	2802 	2981 	2562 	2299 	32231 	10449 	10266 	10111 	7971 	3452 	3324 	3673 	3121 	3714 	3431 	3387 	3254 	3470 	2908 	2485 	2578 	38797 	10551 	10819 	8851 	9104 	3470 	3057 	4024 	3607 	3599 	3613 	3146 	3123 	2582 	3291 	2877 	2936 	39325 	10469 	10457 	10376 	11908 	3908 	3224 	3337 	3367 	3478 	3612 	3349 	3481 	3546 	4344 	3923 	3641 	43210 	12947 	10320 	9102 	12303 	4916 	4430 	3601 	3181 	3356 	3783 	3120 	3175 	2807 	4628 	4111 	3564 	44672 	13458 	13084 	12235 	15980 	4581 	4393 	4484 	4015 	4295 	4774 	4107 	4114 	4014 	5649 	5410 	4921 	54757 	16879 	13490 	13378 	12513 	6295 	5582 	5002 	4436 	4461 	4593 	4162 	4596 	4620 	4774 	4193 	3546 	56260 	13390 	13993 	14151 	18070 	4840 	3939 	4611 	4239 	4788 	4966 	4565 	4665 	4921 	6913 	6109 	5048 	59604 	21127 	20924 	20393 	18107 	7670 	6578 	6879 	6478 	7675 	6771 	6194 	6704 	7495 	7382 	5794 	4931 	80551 	: 	: 	: 	: 	: 	: 	: 	: 	: 	: 	: 	: 	: 	: 	: 	: 	: 	: 	: 	: 	: 	: 	: 	: 	: 	: 	: 	: 	: 	: 	: 	: 	: 	: 	: 	: 	: 	: 	: 	: 	: 	: 
PAS,PAS_BRD_ARR,SK_LZIB_IT_LIPE	: 	: 	: 	: 	: 	: 	: 	: 	: 	: 	: 	: 	: 	: 	: 	: 	: 	: 	: 	: 	: 	: 	: 	: 	: 	: 	: 	: 	: 	: 	: 	: 	: 	: 	: 	: 	: 	: 	: 	: 	: 	: 	: 	: 	: 	: 	: 	: 	: 	: 	: 	: 	: 	: 	: 	: 	: 	: 	: 	: 	: 	: 	: 	: 	: 	: 	: 	: 	: 	: 	: 	: 	: 	: 	: 	: 	: 	: 	: 	: 	: 	: 	: 	: 	: 	: 	: 	: 	: 	: 	: 	: 	: 	: 	: 	: 	: 	: 	: 	: 	: 	: 	: 	: 	: 	: 	: 	: 	: 	: 	: 	1830 	5524 	4488 	4065 	9 	: 	1821 	1825 	1893 	1806 	1544 	1604 	1340 	1702 	1330 	1033 	15907 	: 	: 	: 	: 	: 	: 	: 	: 	: 	: 	: 	: 	: 	: 	: 	: 	: 	: 	: 	: 	: 	: 	: 	: 	: 	: 	: 	: 	: 	: 	: 	: 	: 	: 	: 	: 	: 	: 	: 	: 	: 	: 	: 	: 	: 	: 	: 	: 	: 	: 	: 	: 	: 	: 	: 	: 	: 	: 	: 	: 	: 	: 	: 	: 	: 	: 	: 	: 	: 	: 	: 	: 	: 	: 	: 	: 	: 	: 	: 	: 	: 	: 	: 	: 	: 	: 	: 	: 	: 	: 	: 	: 	: 	: 	: 	: 	: 	: 	: 	: 	: 	: 	: 	: 	: 	: 	: 	: 	: 	: 
PAS,PAS_BRD_ARR,SK_LZIB_IT_LIRA	6900 	6598 	2272 	2278 	2494 	2128 	2481 	2084 	2033 	5388 	6830 	6258 	6482 	2044 	2259 	1085 	2146 	2488 	2196 	1923 	2230 	2105 	2352 	2002 	2128 	24958 	7163 	9143 	8508 	5960 	2355 	1801 	3007 	3109 	3100 	2934 	2714 	2987 	2807 	2291 	1663 	2006 	30774 	6827 	8760 	8195 	3419 	2062 	2162 	2603 	2850 	3136 	2774 	2837 	2716 	2642 	1440 	1028 	951 	27201 	5109 	6739 	6477 	3266 	1418 	1437 	2254 	2171 	2315 	2253 	2166 	2336 	1975 	1327 	1027 	912 	21591 	4278 	6091 	6386 	4768 	1112 	1037 	2129 	1560 	2397 	2134 	2112 	2128 	2146 	1956 	1354 	1458 	21523 	5916 	6689 	6280 	5325 	2128 	1809 	1979 	2130 	2240 	2319 	2106 	2095 	2079 	2202 	1664 	1459 	24210 	5891 	6369 	5473 	4700 	1918 	1927 	2046 	2060 	2201 	2108 	2041 	1980 	1452 	2045 	1375 	1280 	22433 	: 	: 	: 	: 	: 	: 	: 	: 	: 	: 	: 	: 	: 	: 	: 	: 	: 	: 	: 	: 	: 	: 	: 	: 	: 	: 	: 	: 	: 	: 	: 	: 	: 	: 	: 	: 	: 	: 	: 	: 	: 	: 	: 	: 	: 	: 	: 	: 	: 	: 	: 	: 	: 	: 	: 	: 	: 	: 	: 	: 	: 	: 	: 	: 	: 	: 	: 	: 	: 	: 	: 	: 	: 	: 	: 	: 	: 	: 	: 	: 	: 	: 	: 	: 	: 	: 	: 	: 	: 	: 	: 	: 	: 	: 	: 	: 	: 	: 	: 	: 	: 	: 	: 	: 	: 	: 	: 	: 	: 	: 
PAS,PAS_BRD_ARR,SK_LZIB_IT_LIRF	: 	: 	: 	: 	: 	: 	: 	: 	: 	: 	: 	: 	: 	: 	: 	: 	: 	: 	: 	: 	: 	: 	: 	: 	: 	: 	: 	: 	: 	: 	: 	: 	: 	: 	: 	: 	: 	: 	: 	: 	: 	: 	: 	: 	: 	: 	: 	: 	: 	: 	: 	: 	: 	: 	: 	: 	: 	: 	: 	: 	: 	: 	: 	: 	: 	: 	: 	: 	: 	: 	: 	: 	: 	: 	: 	: 	: 	: 	: 	: 	: 	: 	: 	: 	: 	: 	: 	: 	: 	: 	: 	: 	: 	: 	: 	: 	: 	: 	: 	: 	: 	: 	: 	: 	: 	: 	: 	: 	: 	: 	: 	: 	: 	: 	: 	: 	: 	: 	: 	: 	: 	: 	: 	: 	: 	: 	: 	: 	6392 	4445 	8255 	7206 	2035 	2186 	2171 	933 	1831 	1681 	1908 	3251 	3096 	2863 	2288 	2055 	26298 	9005 	6333 	9298 	8001 	3107 	2848 	3050 	2418 	2066 	1849 	2391 	3556 	3351 	3615 	2562 	1824 	32637 	9027 	7006 	7997 	6137 	3345 	2835 	2847 	2303 	2386 	2317 	2341 	2742 	2914 	2983 	1576 	1578 	30167 	7296 	6721 	6961 	4566 	2508 	2276 	2512 	2283 	2325 	2113 	2130 	2455 	2376 	2093 	1376 	1097 	25544 	: 	: 	: 	: 	: 	: 	: 	: 	: 	: 	: 	: 	: 	: 	: 	: 	: 	: 	: 	: 	: 	: 	: 	: 	: 	: 	: 	: 	: 	: 	: 	: 	: 	: 	: 	: 	: 	: 	: 	: 	: 	: 
PAS,PAS_BRD_ARR,SK_LZIB_IT_LIRP	: 	: 	: 	: 	: 	: 	: 	: 	: 	: 	: 	: 	: 	: 	: 	: 	: 	: 	: 	: 	: 	: 	: 	: 	: 	: 	: 	: 	: 	: 	: 	: 	: 	: 	: 	: 	: 	: 	: 	: 	: 	: 	: 	: 	: 	: 	: 	: 	: 	: 	: 	: 	: 	: 	: 	: 	: 	: 	: 	: 	: 	: 	: 	: 	: 	: 	: 	: 	: 	: 	: 	: 	: 	: 	: 	: 	: 	: 	: 	: 	: 	: 	: 	: 	: 	: 	: 	: 	: 	: 	: 	: 	: 	: 	: 	: 	: 	: 	: 	: 	: 	: 	: 	: 	: 	: 	: 	: 	: 	: 	: 	915 	3669 	2916 	1988 	: 	: 	915 	1140 	1314 	1215 	994 	938 	984 	780 	627 	581 	9488 	: 	: 	: 	: 	: 	: 	: 	: 	: 	: 	: 	: 	: 	: 	: 	: 	: 	: 	: 	: 	: 	: 	: 	: 	: 	: 	: 	: 	: 	: 	: 	: 	: 	: 	: 	: 	: 	: 	: 	: 	: 	: 	: 	: 	: 	: 	: 	: 	: 	: 	: 	: 	: 	: 	: 	: 	: 	: 	: 	: 	: 	: 	: 	: 	: 	: 	: 	: 	: 	: 	: 	: 	: 	: 	: 	: 	: 	: 	: 	: 	: 	: 	: 	: 	: 	: 	: 	: 	: 	: 	: 	: 	: 	: 	: 	: 	: 	: 	: 	: 	: 	: 	: 	: 	: 	: 	: 	: 	: 	: 
PAS,PAS_BRD_ARR,SK_LZIB_MK_LWSK	4128 	4013 	2123 	1428 	1411 	1289 	1520 	1041 	1452 	3871 	4312 	3881 	152 	1265 	1219 	1387 	1477 	1471 	1364 	1229 	1367 	1285 	152 	0 	0 	12216 	: 	: 	: 	: 	: 	: 	: 	: 	: 	: 	: 	: 	: 	: 	: 	: 	: 	: 	: 	: 	: 	: 	: 	: 	: 	: 	: 	: 	: 	: 	: 	: 	: 	: 	: 	: 	: 	: 	: 	: 	: 	: 	: 	: 	: 	: 	: 	: 	: 	: 	: 	: 	: 	: 	: 	: 	: 	: 	: 	: 	: 	: 	: 	: 	: 	: 	: 	: 	: 	: 	: 	: 	: 	: 	: 	: 	: 	: 	: 	: 	: 	: 	: 	: 	: 	: 	: 	: 	: 	: 	: 	: 	: 	: 	: 	: 	: 	: 	: 	: 	: 	: 	: 	: 	: 	: 	: 	: 	: 	: 	: 	: 	: 	: 	: 	: 	: 	: 	: 	: 	: 	: 	: 	: 	: 	: 	: 	: 	: 	: 	: 	: 	: 	: 	: 	: 	: 	: 	: 	: 	: 	: 	: 	: 	: 	: 	: 	: 	: 	: 	: 	: 	: 	: 	: 	: 	: 	: 	: 	: 	: 	: 	: 	: 	: 	: 	: 	: 	: 	: 	: 	: 	: 	: 	: 	: 	: 	: 	: 	: 	: 	: 	: 	: 	: 	: 	: 	: 	: 	: 	: 	: 	: 	: 	: 	: 	: 	: 	: 	: 	: 	: 	: 	: 	: 	: 	: 	: 	: 	: 	: 	: 
PAS,PAS_BRD_ARR,SK_LZIB_NL_EHAM	: 	: 	: 	: 	: 	: 	: 	: 	: 	: 	: 	: 	: 	: 	: 	: 	: 	: 	: 	: 	: 	: 	: 	: 	: 	: 	: 	: 	: 	: 	: 	: 	: 	: 	: 	: 	: 	: 	: 	: 	: 	: 	: 	: 	: 	: 	: 	: 	: 	: 	: 	: 	: 	: 	: 	: 	: 	: 	: 	: 	: 	: 	: 	: 	: 	: 	: 	: 	: 	: 	: 	: 	: 	: 	: 	: 	: 	: 	: 	: 	: 	: 	: 	: 	: 	: 	: 	: 	: 	: 	: 	: 	: 	: 	: 	: 	: 	: 	: 	: 	: 	: 	: 	: 	: 	: 	: 	: 	: 	: 	: 	: 	: 	: 	: 	: 	: 	: 	: 	: 	: 	: 	: 	: 	: 	: 	: 	: 	: 	: 	: 	: 	: 	: 	: 	: 	: 	: 	: 	: 	: 	: 	: 	: 	: 	: 	: 	: 	: 	: 	: 	: 	: 	: 	: 	: 	: 	: 	: 	: 	: 	: 	2499 	6880 	8449 	7591 	: 	: 	2499 	2309 	2172 	2399 	2340 	3144 	2965 	3063 	2704 	1824 	25419 	6862 	7761 	8946 	5810 	2309 	1950 	2603 	2504 	2623 	2634 	2735 	3142 	3069 	2267 	2018 	1525 	29379 	: 	: 	: 	: 	: 	: 	: 	: 	: 	: 	: 	: 	: 	: 	: 	: 	: 	: 	: 	: 	: 	: 	: 	: 	: 	: 	: 	: 	: 	: 	: 	: 	: 	: 	: 	: 	: 	: 	: 	: 	: 	: 
PAS,PAS_BRD_ARR,SK_LZIB_RO_LRBS	: 	: 	: 	: 	: 	: 	: 	: 	: 	: 	: 	: 	: 	: 	: 	: 	: 	: 	: 	: 	: 	: 	: 	: 	: 	: 	: 	: 	: 	: 	: 	: 	: 	: 	: 	: 	: 	: 	: 	: 	: 	: 	: 	: 	: 	: 	: 	: 	: 	: 	: 	: 	: 	: 	: 	: 	: 	: 	: 	: 	: 	: 	: 	: 	: 	: 	: 	: 	: 	: 	: 	: 	: 	: 	: 	: 	: 	: 	: 	: 	: 	: 	: 	: 	: 	: 	: 	: 	: 	: 	: 	: 	: 	: 	: 	: 	: 	: 	: 	: 	: 	: 	: 	: 	: 	: 	: 	: 	: 	: 	: 	: 	: 	: 	: 	: 	: 	: 	: 	: 	: 	: 	: 	: 	: 	: 	: 	: 	: 	: 	: 	: 	: 	: 	: 	: 	: 	: 	: 	: 	: 	: 	: 	: 	: 	: 	: 	: 	: 	: 	: 	: 	: 	: 	: 	: 	: 	: 	: 	: 	: 	: 	: 	: 	: 	: 	: 	: 	: 	: 	: 	: 	: 	: 	: 	: 	: 	: 	: 	3993 	5389 	3929 	2262 	1185 	1190 	1618 	1874 	1808 	1707 	1348 	1211 	1370 	905 	765 	592 	15573 	: 	: 	: 	: 	: 	: 	: 	: 	: 	: 	: 	: 	: 	: 	: 	: 	: 	: 	: 	: 	: 	: 	: 	: 	: 	: 	: 	: 	: 	: 	: 	: 	: 	: 	: 	: 	: 	: 	: 	: 	: 	: 
PAS,PAS_BRD_ARR,SK_LZIB_RU_UUEE	: 	: 	: 	: 	: 	: 	: 	: 	: 	: 	: 	: 	: 	: 	: 	: 	: 	: 	: 	: 	: 	: 	: 	: 	: 	: 	: 	: 	: 	: 	: 	: 	: 	: 	: 	: 	: 	: 	: 	: 	: 	: 	: 	: 	: 	: 	: 	: 	: 	: 	: 	: 	: 	: 	: 	: 	: 	: 	: 	: 	: 	: 	: 	: 	: 	: 	: 	: 	: 	: 	: 	: 	: 	: 	: 	: 	: 	: 	: 	: 	: 	: 	: 	: 	: 	: 	: 	: 	: 	: 	: 	: 	: 	: 	: 	: 	: 	: 	: 	: 	: 	: 	: 	: 	: 	: 	: 	: 	: 	: 	: 	: 	: 	: 	: 	: 	: 	: 	: 	: 	: 	: 	: 	: 	: 	: 	: 	: 	: 	: 	: 	: 	: 	: 	: 	: 	: 	: 	: 	: 	: 	: 	: 	: 	: 	: 	: 	: 	: 	: 	: 	: 	: 	: 	: 	: 	: 	: 	: 	: 	: 	: 	: 	: 	: 	: 	: 	: 	: 	: 	: 	: 	: 	: 	: 	: 	: 	: 	: 	3107 	3369 	2717 	2552 	1013 	942 	1152 	1167 	1081 	1121 	995 	920 	802 	883 	878 	791 	11745 	: 	: 	: 	: 	: 	: 	: 	: 	: 	: 	: 	: 	: 	: 	: 	: 	: 	: 	: 	: 	: 	: 	: 	: 	: 	: 	: 	: 	: 	: 	: 	: 	: 	: 	: 	: 	: 	: 	: 	: 	: 	12132 
PAS,PAS_BRD_ARR,SK_LZIB_RU_UUWW	9362 	10019 	3082 	3150 	3083 	3129 	3791 	2701 	3527 	10289 	6903 	9422 	9050 	3651 	3255 	3383 	2901 	2109 	1893 	2013 	3784 	3625 	3104 	2855 	3091 	35664 	: 	: 	: 	: 	: 	: 	: 	: 	: 	: 	: 	: 	: 	: 	: 	: 	: 	: 	: 	: 	: 	: 	: 	: 	: 	: 	: 	: 	: 	: 	: 	: 	: 	: 	: 	: 	: 	: 	: 	: 	: 	: 	: 	: 	: 	: 	: 	: 	: 	: 	: 	2511 	3570 	2713 	2299 	890 	593 	1028 	1263 	1054 	1253 	860 	787 	1066 	880 	702 	717 	11093 	: 	: 	: 	: 	: 	: 	: 	: 	: 	: 	: 	: 	: 	: 	: 	: 	: 	: 	: 	: 	: 	: 	: 	: 	: 	: 	: 	: 	: 	: 	: 	: 	: 	: 	: 	: 	: 	: 	: 	: 	: 	: 	: 	: 	: 	: 	: 	: 	: 	: 	: 	: 	: 	: 	: 	: 	: 	: 	: 	: 	: 	: 	: 	: 	: 	: 	: 	: 	: 	: 	: 	: 	: 	: 	: 	: 	: 	: 	: 	: 	: 	: 	: 	: 	: 	: 	: 	: 	: 	: 	: 	: 	: 	: 	: 	: 	: 	: 	: 	: 	: 	: 	: 	: 	: 	: 	: 	: 	: 	: 	: 	: 	: 	: 	: 	: 	: 	: 	: 	: 	: 	: 	: 	: 	: 	: 	: 	: 	: 	: 	: 	: 	: 	: 	: 	: 	: 	: 	: 	: 	: 	: 	: 	: 
PAS,PAS_BRD_ARR,SK_LZIB_SE_ESKN	: 	: 	: 	: 	: 	: 	: 	: 	: 	: 	: 	: 	: 	: 	: 	: 	: 	: 	: 	: 	: 	: 	: 	: 	: 	: 	: 	: 	: 	: 	: 	: 	: 	: 	: 	: 	: 	: 	: 	: 	: 	: 	: 	: 	: 	: 	: 	: 	: 	: 	: 	: 	: 	: 	: 	: 	: 	: 	: 	: 	: 	: 	: 	: 	: 	: 	: 	: 	: 	: 	: 	: 	: 	: 	: 	: 	: 	: 	: 	: 	: 	: 	: 	: 	: 	: 	: 	: 	: 	: 	: 	: 	: 	: 	: 	: 	: 	: 	: 	: 	: 	: 	: 	: 	: 	: 	: 	: 	: 	: 	: 	3733 	5934 	5029 	3772 	943 	1084 	1706 	1795 	1774 	2365 	1930 	1624 	1475 	1719 	1030 	1023 	18468 	4583 	6004 	5791 	4154 	1683 	1068 	1832 	1913 	1918 	2173 	2093 	1753 	1945 	1495 	1523 	1136 	20532 	6073 	10418 	9585 	6055 	1518 	1464 	3091 	3764 	3158 	3496 	3259 	3422 	2904 	2542 	2051 	1462 	32131 	: 	: 	: 	: 	: 	: 	: 	: 	: 	: 	: 	: 	: 	: 	: 	: 	: 	: 	: 	: 	: 	: 	: 	: 	: 	: 	: 	: 	: 	: 	: 	: 	: 	: 	: 	: 	: 	: 	: 	: 	: 	: 	: 	: 	: 	: 	: 	: 	: 	: 	: 	: 	: 	: 	: 	: 	: 	: 	: 	: 	: 	: 	: 	: 	: 	: 	: 	: 	: 	: 	: 	: 	: 	: 	: 	: 
PAS,PAS_BRD_ARR,SK_LZIB_SK_LZKZ	: 	: 	: 	: 	: 	: 	: 	: 	: 	2269 	1858 	2842 	2012 	650 	965 	654 	811 	531 	516 	1144 	816 	882 	896 	666 	450 	8981 	2423 	1917 	2593 	2085 	764 	865 	794 	930 	446 	541 	980 	742 	871 	751 	788 	546 	9018 	: 	: 	: 	: 	: 	: 	: 	: 	: 	: 	: 	: 	: 	: 	: 	: 	: 	: 	: 	: 	: 	: 	: 	: 	: 	: 	: 	: 	: 	: 	: 	: 	: 	: 	2755 	3866 	4078 	3347 	558 	801 	1396 	1205 	1320 	1341 	1302 	1457 	1319 	1328 	1081 	938 	14046 	3951 	3700 	4754 	3687 	1170 	1374 	1407 	1391 	1192 	1117 	1559 	1927 	1268 	1367 	1178 	1142 	16092 	4407 	4645 	5173 	5325 	1237 	1545 	1625 	1589 	1580 	1476 	1834 	1721 	1618 	1882 	1812 	1631 	19550 	6257 	11051 	18492 	16978 	1693 	2024 	2540 	2479 	4119 	4453 	6119 	6193 	6180 	5195 	5241 	6542 	52778 	20557 	25577 	27921 	24274 	6160 	7620 	6777 	8348 	8900 	8329 	9903 	8979 	9039 	8547 	7608 	8119 	98329 	25371 	22187 	23088 	17781 	6703 	8837 	9831 	7426 	7420 	7341 	7947 	8328 	6813 	6905 	5367 	5509 	88427 	14665 	15225 	15552 	12944 	4222 	5164 	5279 	5142 	5208 	4875 	5483 	5283 	4786 	4881 	3831 	4232 	58386 	: 	: 	: 	: 	: 	: 	: 	: 	: 	: 	: 	: 	: 	: 	: 	: 	: 	: 	: 	: 	: 	: 	: 	: 	: 	: 	: 	: 	: 	: 	: 	: 	: 	: 	: 	: 	: 	: 	: 	: 	: 	4688 
PAS,PAS_BRD_ARR,SK_LZIB_TN_DTMB	: 	: 	: 	: 	: 	: 	: 	: 	: 	: 	: 	: 	: 	: 	: 	: 	: 	: 	: 	: 	: 	: 	: 	: 	: 	: 	: 	: 	: 	: 	: 	: 	: 	: 	: 	: 	: 	: 	: 	: 	: 	: 	: 	141 	13573 	1823 	: 	: 	: 	141 	3322 	5016 	5235 	1823 	: 	: 	: 	: 	: 	15537 	264 	13384 	1880 	: 	: 	: 	264 	2838 	5347 	5199 	1880 	: 	: 	: 	: 	: 	15528 	112 	13719 	2509 	: 	: 	: 	112 	2793 	5578 	5348 	2472 	37 	: 	: 	: 	: 	16340 	110 	10558 	825 	: 	: 	: 	110 	3058 	4006 	3494 	825 	: 	: 	: 	: 	: 	11493 	358 	11927 	1854 	: 	: 	: 	358 	3125 	4511 	4291 	1723 	131 	: 	: 	: 	: 	14139 	414 	11826 	2745 	: 	: 	: 	414 	3057 	4064 	4705 	2515 	230 	: 	: 	: 	: 	14985 	714 	16648 	3510 	: 	: 	: 	714 	4231 	6017 	6400 	3001 	509 	: 	: 	: 	: 	20872 	1331 	13321 	2845 	: 	: 	: 	1331 	3574 	4739 	5008 	2374 	471 	: 	: 	: 	: 	17497 	930 	11298 	2535 	: 	: 	: 	930 	3618 	3837 	3843 	2283 	252 	: 	: 	: 	: 	14763 	: 	: 	: 	: 	: 	: 	: 	: 	: 	: 	: 	: 	: 	: 	: 	: 	: 	: 	: 	: 	: 	: 	: 	: 	: 	: 	: 	: 	: 	: 	: 	: 	: 	: 	: 	: 	: 	: 	: 	: 	: 	10318 
PAS,PAS_BRD_ARR,SK_LZIB_TR_LTAI	3905 	10 	13582 	3721 	184 	: 	: 	6 	4 	712 	21164 	1745 	: 	: 	185 	527 	5749 	6948 	8467 	1745 	: 	: 	: 	: 	: 	23621 	1046 	56333 	9831 	512 	: 	178 	868 	13862 	21267 	21204 	9272 	559 	: 	329 	: 	183 	67722 	1445 	47267 	8659 	: 	: 	181 	1264 	12810 	17550 	16907 	7804 	855 	: 	: 	: 	: 	57371 	2280 	50801 	9634 	315 	182 	: 	2098 	13592 	18481 	18728 	9374 	260 	: 	315 	: 	: 	63030 	2633 	41191 	9361 	353 	: 	230 	2403 	11957 	14574 	14660 	8029 	634 	698 	353 	: 	: 	53538 	3362 	48113 	10778 	590 	: 	368 	2994 	13740 	16868 	17505 	9229 	756 	793 	590 	: 	: 	62843 	3477 	31186 	8623 	: 	: 	730 	2747 	8421 	11191 	11574 	7481 	1142 	: 	: 	: 	: 	43286 	1484 	27793 	6536 	: 	: 	: 	1484 	8059 	10296 	9438 	5568 	806 	162 	: 	: 	: 	35813 	135 	21612 	4649 	5 	: 	: 	135 	5807 	7878 	7927 	4649 	: 	: 	: 	: 	5 	26401 	400 	17001 	2761 	: 	: 	255 	145 	4565 	6281 	6155 	2761 	: 	: 	: 	: 	: 	20162 	416 	9402 	992 	5 	295 	: 	121 	2354 	3492 	3556 	992 	: 	: 	5 	: 	: 	10815 	: 	: 	: 	: 	: 	: 	: 	: 	: 	: 	: 	: 	: 	: 	: 	: 	: 	: 	: 	: 	: 	: 	: 	: 	: 	: 	: 	: 	: 	: 	: 	: 	: 	: 	: 	: 	: 	: 	: 	: 	: 	9941 
PAS,PAS_BRD_ARR,SK_LZIB_UK_EGBB	7058 	6669 	2392 	2373 	2344 	2341 	2324 	2153 	2192 	7142 	7328 	6864 	7567 	2528 	2337 	2277 	2233 	2731 	2364 	2307 	2357 	2200 	2406 	2628 	2533 	28901 	6807 	6939 	6693 	6549 	2624 	1794 	2389 	2210 	2359 	2370 	2302 	2287 	2104 	2287 	2103 	2159 	26988 	5737 	6448 	6659 	4020 	2105 	2064 	1568 	1531 	2350 	2567 	2015 	2458 	2186 	1411 	1237 	1372 	22864 	5383 	6777 	6504 	3799 	1721 	1415 	2247 	1956 	2528 	2293 	2193 	2196 	2115 	1295 	1281 	1223 	22463 	4761 	6569 	6206 	5812 	1763 	1127 	1871 	2002 	2278 	2289 	2138 	2259 	1809 	2191 	1794 	1827 	23348 	6220 	6680 	6603 	6115 	2256 	1890 	2074 	2039 	2317 	2324 	2188 	2207 	2208 	2152 	1902 	2061 	25618 	6404 	7010 	5843 	5522 	2208 	2106 	2090 	2090 	2451 	2469 	1989 	2157 	1697 	1977 	1865 	1680 	24779 	6255 	6372 	5732 	1502 	2233 	1757 	2265 	2102 	2254 	2016 	1854 	1798 	2080 	567 	414 	521 	19861 	6613 	11892 	5722 	8085 	2513 	2022 	2078 	3460 	4221 	4211 	1883 	1900 	1939 	3480 	2779 	1826 	32312 	: 	: 	: 	: 	: 	: 	: 	: 	: 	: 	: 	: 	: 	: 	: 	: 	: 	: 	: 	: 	: 	: 	: 	: 	: 	: 	: 	: 	: 	: 	: 	: 	: 	: 	: 	: 	: 	: 	: 	: 	: 	: 	: 	: 	: 	: 	: 	: 	: 	: 	: 	: 	: 	: 	: 	: 	: 	: 	: 	: 	: 	: 	: 	: 	: 	: 	: 	: 	: 	: 	: 	: 	: 	: 	: 	: 
PAS,PAS_BRD_ARR,SK_LZIB_UK_EGCC	6997 	6963 	2357 	2342 	2341 	2314 	2331 	2147 	2485 	7050 	7109 	6918 	: 	2493 	2275 	2282 	2255 	2321 	2533 	2321 	2305 	2292 	: 	: 	: 	21077 	: 	: 	: 	: 	: 	: 	: 	: 	: 	: 	: 	: 	: 	: 	: 	: 	: 	: 	: 	: 	: 	: 	: 	: 	: 	: 	: 	: 	: 	: 	: 	: 	: 	: 	: 	: 	: 	: 	: 	: 	: 	: 	: 	: 	: 	: 	: 	: 	: 	: 	: 	: 	: 	: 	: 	: 	: 	: 	: 	: 	: 	: 	: 	: 	: 	: 	: 	: 	: 	: 	: 	: 	: 	: 	: 	: 	: 	: 	: 	: 	: 	: 	: 	: 	: 	: 	: 	: 	: 	: 	: 	: 	: 	: 	: 	: 	: 	: 	: 	: 	: 	: 	359 	5150 	8049 	7255 	354 	5 	: 	: 	2413 	2737 	2306 	2876 	2867 	2800 	2345 	2110 	20813 	7725 	11023 	11144 	9688 	3012 	2159 	2554 	3174 	3954 	3895 	3642 	4056 	3446 	3817 	3083 	2788 	39580 	8715 	7053 	5653 	4178 	3416 	2936 	2363 	2265 	2520 	2268 	1991 	1906 	1756 	1476 	1274 	1428 	25599 	4437 	6061 	5236 	2931 	1545 	1263 	1629 	1947 	2036 	2078 	1669 	1839 	1728 	1114 	910 	907 	18665 	: 	: 	: 	: 	: 	: 	: 	: 	: 	: 	: 	: 	: 	: 	: 	: 	: 	: 	: 	: 	: 	: 	: 	: 	: 	: 	: 	: 	: 	: 	: 	: 	: 	: 	: 	: 	: 	: 	: 	: 	: 	: 
PAS,PAS_BRD_ARR,SK_LZIB_UK_EGGD	: 	: 	: 	: 	: 	: 	: 	: 	: 	: 	: 	: 	: 	: 	: 	: 	: 	: 	: 	: 	: 	: 	: 	: 	: 	: 	: 	: 	: 	: 	: 	: 	: 	: 	: 	: 	: 	: 	: 	: 	: 	: 	: 	: 	: 	: 	: 	: 	: 	: 	: 	: 	: 	: 	: 	: 	: 	: 	: 	: 	1583 	4402 	3926 	495 	: 	174 	1409 	1407 	1580 	1415 	1385 	1397 	1144 	495 	: 	: 	10406 	1320 	4387 	3839 	3380 	: 	311 	1009 	1325 	1565 	1497 	1210 	1391 	1238 	1155 	1216 	1009 	12926 	: 	: 	: 	: 	: 	: 	: 	: 	: 	: 	: 	: 	: 	: 	: 	: 	: 	4662 	4367 	3726 	3612 	1870 	1276 	1516 	1254 	1547 	1566 	1238 	1316 	1172 	1217 	1173 	1222 	16367 	3757 	4455 	3640 	2980 	1446 	1065 	1246 	1280 	1590 	1585 	1399 	1206 	1035 	1059 	887 	1034 	14832 	3868 	4045 	4465 	4516 	1072 	1107 	1689 	1157 	1376 	1512 	1226 	1527 	1712 	1758 	1427 	1331 	16894 	: 	: 	: 	: 	: 	: 	: 	: 	: 	: 	: 	: 	: 	: 	: 	: 	: 	: 	: 	: 	: 	: 	: 	: 	: 	: 	: 	: 	: 	: 	: 	: 	: 	: 	: 	: 	: 	: 	: 	: 	: 	: 	: 	: 	: 	: 	: 	: 	: 	: 	: 	: 	: 	: 	: 	: 	: 	: 	: 	: 	: 	: 	: 	: 	: 	: 	: 	: 	: 	: 	: 	: 	: 	: 	: 	: 
PAS,PAS_BRD_ARR,SK_LZIB_UK_EGGP	: 	: 	: 	: 	: 	: 	: 	: 	: 	: 	: 	: 	: 	: 	: 	: 	: 	: 	: 	: 	: 	: 	: 	: 	: 	: 	6939 	6881 	6830 	6629 	2591 	1958 	2390 	2160 	2346 	2375 	2324 	2305 	2201 	2297 	2077 	2255 	27279 	6285 	5699 	5157 	4304 	2122 	2037 	2126 	1550 	1642 	2507 	1372 	1579 	2206 	1446 	1302 	1556 	21445 	5434 	6555 	6479 	4843 	1778 	1462 	2194 	1918 	2506 	2131 	2144 	2199 	2136 	2001 	1302 	1540 	23311 	5017 	6480 	6075 	5706 	1748 	1263 	2006 	1988 	2227 	2265 	2084 	2144 	1847 	2121 	1742 	1843 	23278 	5459 	4442 	4065 	4050 	2225 	1847 	1387 	1276 	1578 	1588 	1262 	1359 	1444 	1354 	1248 	1448 	18016 	5065 	6268 	5074 	4844 	1680 	1406 	1979 	1904 	2068 	2296 	1936 	1720 	1418 	1920 	1468 	1456 	21251 	: 	: 	: 	: 	: 	: 	: 	: 	: 	: 	: 	: 	: 	: 	: 	: 	: 	: 	: 	: 	: 	: 	: 	: 	: 	: 	: 	: 	: 	: 	: 	: 	: 	: 	: 	: 	: 	: 	: 	: 	: 	: 	: 	: 	: 	: 	: 	: 	: 	: 	: 	: 	: 	: 	: 	: 	: 	: 	: 	: 	: 	: 	: 	: 	: 	: 	: 	: 	: 	: 	: 	: 	: 	: 	: 	: 	: 	: 	: 	: 	: 	: 	: 	: 	: 	: 	: 	: 	: 	: 	: 	: 	: 	: 	: 	: 	: 	: 	: 	: 	: 	: 	: 	: 	: 	: 	: 	: 	: 	: 
PAS,PAS_BRD_ARR,SK_LZIB_UK_EGGW	: 	: 	: 	: 	: 	: 	: 	: 	: 	3188 	9123 	8641 	8158 	: 	178 	3010 	2683 	3239 	3201 	2849 	2993 	2799 	2662 	2798 	2698 	29110 	8745 	9974 	9972 	7628 	3064 	2807 	2874 	2542 	3249 	4183 	3211 	3724 	3037 	2887 	2505 	2236 	36319 	9028 	9770 	8735 	7187 	2742 	2665 	3621 	3421 	3243 	3106 	3056 	2945 	2734 	2761 	2376 	2050 	34720 	8592 	9132 	8751 	5894 	3241 	2598 	2753 	2902 	3043 	3187 	2862 	3110 	2779 	2198 	1833 	1863 	32369 	7905 	10655 	10228 	6410 	2561 	2331 	3013 	3195 	3787 	3673 	3472 	3414 	3342 	2771 	1888 	1751 	35198 	9251 	15399 	13611 	11164 	2710 	1940 	4601 	4529 	5395 	5475 	4510 	4532 	4569 	4043 	3782 	3339 	49425 	13076 	14185 	10979 	618 	4586 	3946 	4544 	4453 	5194 	4538 	3800 	4036 	3143 	611 	3 	4 	38858 	13 	5959 	9665 	11913 	: 	: 	13 	4 	2812 	3143 	2592 	3461 	3612 	3910 	3576 	4427 	27550 	16198 	23627 	18037 	13850 	5604 	5128 	5466 	7103 	8351 	8173 	5687 	7016 	5334 	5976 	4633 	3241 	71712 	: 	: 	: 	: 	: 	: 	: 	: 	: 	: 	: 	: 	: 	: 	: 	: 	: 	128 	10096 	10826 	9513 	9 	4 	115 	3814 	3387 	2895 	3656 	3480 	3690 	3583 	3095 	2835 	30563 	: 	: 	: 	: 	: 	: 	: 	: 	: 	: 	: 	: 	: 	: 	: 	: 	: 	: 	: 	: 	: 	: 	: 	: 	: 	: 	: 	: 	: 	: 	: 	: 	: 	: 	: 	: 	: 	: 	: 	: 	: 	: 
PAS,PAS_BRD_ARR,SK_LZIB_UK_EGNM	4531 	4068 	1629 	1610 	1546 	1375 	1482 	1352 	1234 	: 	: 	: 	: 	: 	: 	: 	: 	: 	: 	: 	: 	: 	: 	: 	: 	: 	: 	: 	: 	: 	: 	: 	: 	: 	: 	: 	: 	: 	: 	: 	: 	: 	: 	: 	: 	: 	: 	: 	: 	: 	: 	: 	: 	: 	: 	: 	: 	: 	: 	: 	: 	: 	: 	: 	: 	: 	: 	: 	: 	: 	: 	: 	: 	: 	: 	: 	: 	: 	: 	: 	: 	: 	: 	: 	: 	: 	: 	: 	: 	: 	: 	: 	: 	: 	: 	: 	: 	: 	: 	: 	: 	: 	: 	: 	: 	: 	: 	: 	: 	: 	: 	: 	: 	: 	: 	: 	: 	: 	: 	: 	: 	: 	: 	: 	: 	: 	: 	: 	: 	: 	: 	: 	: 	: 	: 	: 	: 	: 	: 	: 	: 	: 	: 	: 	: 	: 	: 	: 	: 	: 	: 	: 	: 	: 	: 	: 	: 	: 	: 	: 	: 	: 	: 	: 	: 	: 	: 	: 	: 	: 	: 	: 	: 	: 	: 	: 	: 	: 	: 	: 	: 	: 	: 	: 	: 	: 	: 	: 	: 	: 	: 	: 	: 	: 	: 	: 	: 	: 	: 	: 	: 	: 	: 	: 	: 	: 	: 	: 	: 	: 	: 	: 	: 	: 	: 	: 	: 	: 	: 	: 	: 	: 	: 	: 	: 	: 	: 	: 	: 	: 	: 	: 	: 	: 	: 	: 	: 	: 
PAS,PAS_BRD_ARR,SK_LZIB_UK_EGNX	: 	: 	: 	: 	: 	: 	: 	: 	: 	: 	: 	: 	: 	: 	: 	: 	: 	: 	: 	: 	: 	: 	: 	: 	: 	: 	: 	: 	: 	: 	: 	: 	: 	: 	: 	: 	: 	: 	: 	: 	: 	: 	: 	: 	: 	: 	: 	: 	: 	: 	: 	: 	: 	: 	: 	: 	: 	: 	: 	: 	: 	: 	: 	: 	: 	: 	: 	: 	: 	: 	: 	: 	: 	: 	: 	: 	: 	: 	: 	: 	: 	: 	: 	: 	: 	: 	: 	: 	: 	: 	: 	: 	: 	: 	: 	: 	: 	: 	: 	: 	: 	: 	: 	: 	: 	: 	: 	: 	: 	: 	: 	: 	: 	: 	: 	: 	: 	: 	: 	: 	: 	: 	: 	: 	: 	: 	: 	: 	: 	809 	3932 	6376 	: 	: 	: 	: 	: 	809 	1212 	1324 	1396 	2120 	2189 	2067 	11117 	7182 	8216 	7497 	6704 	2420 	2251 	2511 	2485 	3021 	2710 	2655 	2534 	2308 	2526 	2276 	1902 	29599 	7826 	9036 	7511 	2389 	2609 	2430 	2787 	2840 	3100 	3096 	2534 	2605 	2372 	2124 	265 	: 	26762 	: 	: 	: 	: 	: 	: 	: 	: 	: 	: 	: 	: 	: 	: 	: 	: 	: 	: 	: 	: 	: 	: 	: 	: 	: 	: 	: 	: 	: 	: 	: 	: 	: 	: 	: 	: 	: 	: 	: 	: 	: 	: 	: 	: 	: 	: 	: 	: 	: 	: 	: 	: 	: 	: 	: 	: 	: 	: 	: 
PAS,PAS_BRD_ARR,SK_LZIB_UK_EGPH	4582 	4202 	2380 	1617 	1428 	1537 	1536 	1399 	1267 	4503 	5536 	4440 	700 	1581 	1398 	1524 	1399 	1614 	2523 	1609 	1569 	1262 	700 	: 	: 	15179 	1032 	5741 	4578 	177 	: 	: 	1032 	1563 	1616 	2562 	1435 	1607 	1536 	177 	: 	: 	11528 	1214 	5639 	4463 	: 	: 	: 	1214 	1572 	1723 	2344 	1402 	1575 	1486 	: 	: 	: 	11316 	2534 	6511 	6014 	349 	: 	315 	2219 	1882 	2437 	2192 	2033 	2078 	1903 	349 	: 	: 	15408 	1905 	4549 	5353 	3675 	: 	: 	1905 	2073 	882 	1594 	2142 	1921 	1290 	1248 	1271 	1156 	15482 	4567 	6513 	5685 	4279 	1114 	1317 	2136 	2008 	2237 	2268 	2070 	1727 	1888 	1881 	1150 	1248 	21044 	4908 	8643 	6845 	3590 	1149 	1255 	2504 	2733 	2870 	3040 	2492 	2466 	1887 	1475 	1124 	991 	23986 	4889 	8669 	6596 	4299 	1172 	1341 	2376 	2571 	3136 	2962 	2328 	2300 	1968 	1526 	1396 	1377 	24453 	: 	: 	: 	: 	: 	: 	: 	: 	: 	: 	: 	: 	: 	: 	: 	: 	: 	: 	: 	: 	: 	: 	: 	: 	: 	: 	: 	: 	: 	: 	: 	: 	: 	: 	: 	: 	: 	: 	: 	: 	: 	: 	: 	: 	: 	: 	: 	: 	: 	: 	: 	: 	: 	: 	: 	: 	: 	: 	: 	: 	: 	: 	: 	: 	: 	: 	: 	: 	: 	: 	: 	: 	: 	: 	: 	: 	: 	: 	: 	: 	: 	: 	: 	: 	: 	: 	: 	: 	: 	: 	: 	: 	: 
PAS,PAS_BRD_ARR,SK_LZIB_UK_EGSS	23353 	22659 	7080 	7701 	7940 	7712 	8041 	7311 	7307 	26960 	30565 	30933 	28029 	8452 	7921 	10587 	9773 	9618 	11174 	10504 	10865 	9564 	10334 	9518 	8177 	116487 	31153 	28223 	27984 	27060 	10448 	10004 	10701 	9909 	8333 	9981 	9376 	9731 	8877 	10319 	9047 	7694 	114420 	30046 	25351 	26583 	19884 	10878 	9438 	9730 	8374 	7909 	9068 	8689 	9326 	8568 	7141 	6620 	6123 	101864 	26376 	25597 	26866 	21621 	8762 	7717 	9897 	9275 	8070 	8252 	9206 	9367 	8293 	8352 	6678 	6591 	100460 	26980 	32000 	26253 	21652 	8491 	7903 	10586 	9969 	11243 	10788 	9831 	9367 	7055 	7863 	7066 	6723 	106885 	25659 	30768 	28158 	22890 	8542 	7454 	9663 	9169 	10646 	10953 	9386 	9355 	9417 	8517 	7215 	7158 	107475 	26907 	30660 	27030 	31737 	9073 	8243 	9591 	9328 	10506 	10826 	9691 	10024 	7315 	12424 	10238 	9075 	116334 	35803 	32161 	28332 	24815 	12249 	11571 	11983 	10786 	10791 	10584 	9357 	9657 	9318 	9159 	8096 	7560 	121111 	27429 	30902 	27200 	24323 	9413 	8785 	9231 	9655 	10706 	10541 	9094 	9812 	8294 	9218 	7868 	7237 	109854 	32849 	50559 	46224 	37378 	9280 	8993 	14576 	15658 	17592 	17309 	15033 	16320 	14871 	13892 	11839 	11647 	167010 	43022 	47326 	41218 	31999 	14488 	13926 	14608 	14629 	16587 	16110 	13535 	13916 	13767 	12969 	10120 	8910 	163565 	: 	: 	: 	: 	: 	: 	: 	: 	: 	: 	: 	: 	: 	: 	: 	: 	: 	: 	: 	: 	: 	: 	: 	: 	: 	: 	: 	: 	: 	: 	: 	: 	: 	: 	: 	: 	: 	: 	: 	: 	: 	: 
PAS,PAS_BRD_ARR,SK_LZKZ_AT_LOWW	7315 	5211 	2412 	2635 	2436 	2244 	2271 	1511 	1429 	6777 	7489 	7266 	5512 	2034 	2162 	2581 	2688 	2299 	2502 	2564 	2411 	2291 	2110 	1830 	1572 	27044 	6756 	8141 	8480 	5958 	1972 	2067 	2717 	2803 	2493 	2845 	3140 	2800 	2540 	2429 	1880 	1649 	29335 	6435 	7706 	7353 	5188 	1968 	2074 	2393 	2653 	2249 	2804 	2719 	2440 	2194 	1917 	1682 	1589 	26682 	6955 	7682 	7209 	5489 	2220 	2145 	2590 	2641 	2290 	2751 	2704 	2271 	2234 	2130 	1804 	1555 	27335 	6239 	7540 	8561 	5523 	1849 	2094 	2296 	2372 	2420 	2748 	4319 	2141 	2101 	2251 	1797 	1475 	27863 	5809 	5429 	5766 	4202 	2097 	1898 	1814 	1938 	1550 	1941 	1761 	2074 	1931 	1651 	1309 	1242 	21206 	4148 	4083 	3495 	2603 	1284 	1323 	1541 	1565 	1203 	1315 	1388 	1260 	847 	994 	860 	749 	14329 	3195 	2999 	2896 	2679 	950 	1026 	1219 	1199 	905 	895 	1096 	954 	846 	1107 	840 	732 	11769 	3432 	4280 	4535 	3837 	972 	1061 	1399 	1553 	1213 	1514 	1693 	1431 	1411 	1276 	1347 	1214 	16084 	4288 	4611 	4395 	3515 	1292 	1378 	1618 	1721 	1356 	1534 	1658 	1457 	1280 	1328 	1141 	1046 	16809 	3997 	4220 	3850 	3345 	1143 	1277 	1577 	1614 	1322 	1284 	1403 	1392 	1055 	1266 	1055 	1024 	15412 	: 	: 	: 	: 	: 	: 	: 	: 	: 	: 	: 	: 	: 	: 	: 	: 	: 	: 	: 	: 	: 	: 	: 	: 	: 	: 	: 	: 	: 	: 	: 	: 	: 	: 	: 	: 	: 	: 	: 	: 	: 	5663 
PAS,PAS_BRD_ARR,SK_LZKZ_BG_LBBG	: 	: 	: 	: 	: 	: 	: 	: 	: 	: 	14464 	250 	: 	: 	: 	: 	1705 	6578 	6181 	250 	: 	: 	: 	: 	: 	14714 	: 	12367 	132 	: 	: 	: 	: 	1354 	5456 	5557 	132 	: 	: 	: 	: 	: 	12499 	: 	12281 	406 	: 	: 	: 	: 	733 	6259 	5289 	406 	: 	: 	: 	: 	: 	12687 	: 	11896 	217 	: 	: 	: 	: 	855 	6087 	4954 	217 	: 	: 	: 	: 	: 	12113 	: 	12065 	186 	: 	: 	: 	: 	1144 	6052 	4869 	186 	: 	: 	: 	: 	: 	12251 	: 	9176 	85 	: 	: 	: 	: 	778 	4286 	4112 	85 	: 	: 	: 	: 	: 	9261 	: 	: 	: 	: 	: 	: 	: 	: 	: 	: 	: 	: 	: 	: 	: 	: 	: 	: 	: 	: 	: 	: 	: 	: 	: 	: 	: 	: 	: 	: 	: 	: 	: 	: 	: 	: 	: 	: 	: 	: 	: 	: 	: 	: 	: 	: 	: 	: 	: 	: 	: 	: 	: 	: 	: 	: 	: 	: 	: 	: 	: 	: 	: 	: 	: 	: 	: 	: 	: 	: 	: 	: 	: 	: 	: 	: 	: 	: 	: 	: 	: 	: 	: 	: 	: 	: 	: 	: 	: 	: 	: 	: 	: 	: 	: 	: 	: 	: 	: 	: 	: 	: 	: 	: 	: 	: 	: 	: 	: 	: 	: 	: 	: 	: 	: 	: 	: 	: 	: 	: 	: 	: 	: 	: 	: 	: 	: 
PAS,PAS_BRD_ARR,SK_LZKZ_CZ_LKPR	7293 	4988 	2328 	2556 	2535 	2202 	1663 	1553 	1772 	8102 	9254 	8589 	6203 	2646 	2509 	2947 	3387 	2796 	3071 	3189 	2801 	2599 	2344 	1811 	2048 	32148 	8711 	8692 	6073 	3910 	2589 	2955 	3167 	3097 	2545 	3050 	2454 	1944 	1675 	1402 	1247 	1261 	27386 	5384 	5980 	6324 	4866 	1743 	1765 	1876 	2097 	1895 	1988 	2185 	2095 	2044 	1952 	1513 	1401 	22554 	7249 	6752 	6746 	5994 	2632 	2121 	2496 	2557 	1934 	2261 	2248 	2308 	2190 	2476 	1837 	1681 	26741 	7844 	6361 	8293 	7226 	2439 	2593 	2812 	2635 	1782 	1944 	2775 	2844 	2674 	2546 	2423 	2257 	29724 	9478 	9983 	11834 	9699 	3032 	2916 	3530 	3521 	3054 	3408 	4038 	4018 	3778 	3360 	3346 	2993 	40994 	12401 	12628 	11948 	10890 	3739 	4021 	4641 	4564 	3718 	4346 	4359 	4365 	3224 	4131 	3563 	3196 	47867 	13575 	14111 	13855 	10290 	4357 	4340 	4878 	4768 	4644 	4699 	5076 	4506 	4273 	3677 	3465 	3148 	51831 	16130 	23979 	24547 	19330 	4507 	4425 	7198 	8290 	7411 	8278 	8873 	8674 	7000 	7250 	6375 	5705 	83986 	20402 	14456 	13915 	11748 	7397 	7589 	5416 	4945 	4500 	5011 	5123 	4584 	4208 	4367 	3872 	3509 	60521 	14323 	15167 	13775 	10635 	5306 	4444 	4573 	5206 	5083 	4878 	4986 	4568 	4221 	3859 	3315 	3461 	53900 	: 	: 	: 	: 	: 	: 	: 	: 	: 	: 	: 	: 	: 	: 	: 	: 	: 	: 	: 	: 	: 	: 	: 	: 	: 	: 	: 	: 	: 	: 	: 	: 	: 	: 	: 	: 	: 	: 	: 	: 	: 	37177 
PAS,PAS_BRD_ARR,SK_LZKZ_EG_HEGN	: 	: 	: 	: 	: 	: 	: 	: 	: 	: 	: 	: 	: 	: 	: 	: 	: 	: 	: 	: 	: 	: 	: 	: 	: 	: 	: 	: 	: 	: 	: 	: 	: 	: 	: 	: 	: 	: 	: 	: 	: 	: 	: 	: 	: 	: 	: 	: 	: 	: 	: 	: 	: 	: 	: 	: 	: 	: 	: 	: 	: 	: 	: 	: 	: 	: 	: 	: 	: 	: 	: 	: 	: 	: 	: 	: 	: 	: 	: 	: 	: 	: 	: 	: 	: 	: 	: 	: 	: 	: 	: 	: 	: 	: 	: 	: 	: 	: 	: 	: 	: 	: 	: 	: 	: 	: 	: 	: 	: 	: 	: 	673 	6357 	1648 	: 	: 	: 	673 	1796 	2142 	2419 	1362 	286 	: 	: 	: 	: 	8678 	297 	6668 	2063 	: 	: 	: 	297 	2137 	2149 	2382 	1489 	574 	: 	: 	: 	: 	9028 	770 	7611 	2131 	: 	: 	: 	770 	2158 	2577 	2876 	1958 	173 	: 	: 	: 	: 	10512 	1086 	5732 	1828 	: 	: 	: 	1086 	1529 	2120 	2083 	1478 	350 	: 	: 	: 	: 	8646 	: 	: 	: 	: 	: 	: 	: 	: 	: 	: 	: 	: 	: 	: 	: 	: 	: 	: 	: 	: 	: 	: 	: 	: 	: 	: 	: 	: 	: 	: 	: 	: 	: 	: 	: 	: 	: 	: 	: 	: 	: 	: 	: 	: 	: 	: 	: 	: 	: 	: 	: 	: 	: 	: 	: 	: 	: 	: 	: 
PAS,PAS_BRD_ARR,SK_LZKZ_IE_EIDW	: 	: 	: 	: 	: 	: 	: 	: 	: 	: 	: 	: 	: 	: 	: 	: 	: 	: 	: 	: 	: 	: 	: 	: 	: 	: 	: 	: 	: 	: 	: 	: 	: 	: 	: 	: 	: 	: 	: 	: 	: 	: 	: 	: 	: 	: 	: 	: 	: 	: 	: 	: 	: 	: 	: 	: 	: 	: 	: 	: 	: 	: 	: 	: 	: 	: 	: 	: 	: 	: 	: 	: 	: 	: 	: 	: 	: 	: 	: 	: 	: 	: 	: 	: 	: 	: 	: 	: 	: 	: 	: 	: 	: 	: 	: 	: 	: 	: 	: 	: 	: 	: 	: 	: 	: 	: 	: 	: 	: 	: 	: 	: 	: 	: 	: 	: 	: 	: 	: 	: 	: 	: 	: 	: 	: 	: 	: 	: 	: 	: 	: 	: 	: 	: 	: 	: 	: 	: 	: 	: 	: 	: 	: 	: 	: 	870 	4559 	4438 	3801 	: 	: 	870 	1197 	1601 	1761 	1439 	1586 	1413 	1514 	1108 	1179 	13668 	: 	: 	: 	: 	: 	: 	: 	: 	: 	: 	: 	: 	: 	: 	: 	: 	: 	: 	: 	: 	: 	: 	: 	: 	: 	: 	: 	: 	: 	: 	: 	: 	: 	: 	: 	: 	: 	: 	: 	: 	: 	: 	: 	: 	: 	: 	: 	: 	: 	: 	: 	: 	: 	: 	: 	: 	: 	: 	: 	: 	: 	: 	: 	: 	: 	: 	: 	: 	: 	: 	: 	: 	: 	: 	: 	: 
PAS,PAS_BRD_ARR,SK_LZKZ_IT_LIME	: 	: 	: 	: 	: 	: 	: 	: 	: 	: 	: 	: 	: 	: 	: 	: 	: 	: 	: 	: 	: 	: 	: 	: 	: 	: 	3328 	3717 	914 	0 	884 	1205 	1239 	1104 	1331 	1282 	914 	: 	0 	: 	0 	: 	7959 	: 	: 	: 	: 	: 	: 	: 	: 	: 	: 	: 	: 	: 	: 	: 	: 	: 	: 	: 	: 	: 	: 	: 	: 	: 	: 	: 	: 	: 	: 	: 	: 	: 	: 	: 	: 	: 	: 	: 	: 	: 	: 	: 	: 	: 	: 	: 	: 	: 	: 	: 	: 	: 	: 	: 	: 	: 	: 	: 	: 	: 	: 	: 	: 	: 	: 	: 	: 	: 	: 	: 	: 	: 	: 	: 	: 	: 	: 	: 	: 	: 	: 	: 	: 	: 	: 	: 	: 	: 	: 	: 	: 	: 	: 	: 	: 	: 	: 	: 	: 	: 	: 	: 	: 	: 	: 	: 	: 	: 	: 	: 	: 	: 	: 	: 	: 	: 	: 	: 	: 	: 	: 	: 	: 	: 	: 	: 	: 	: 	: 	: 	: 	: 	: 	: 	: 	: 	: 	: 	: 	: 	: 	: 	: 	: 	: 	: 	: 	: 	: 	: 	: 	: 	: 	: 	: 	: 	: 	: 	: 	: 	: 	: 	: 	: 	: 	: 	: 	: 	: 	: 	: 	: 	: 	: 	: 	: 	: 	: 	: 	: 	: 	: 	: 	: 	: 	: 	: 	: 	: 	: 	: 	: 	: 	: 
PAS,PAS_BRD_ARR,SK_LZKZ_PL_EPWA	: 	: 	: 	: 	: 	: 	: 	: 	: 	2857 	2498 	2163 	68 	957 	950 	950 	863 	766 	869 	861 	769 	533 	63 	5 	: 	7586 	: 	: 	: 	: 	: 	: 	: 	: 	: 	: 	: 	: 	: 	: 	: 	: 	: 	: 	: 	: 	: 	: 	: 	: 	: 	: 	: 	: 	: 	: 	: 	: 	: 	: 	: 	: 	: 	: 	: 	: 	: 	: 	: 	: 	: 	: 	: 	: 	: 	: 	: 	: 	: 	: 	: 	: 	: 	: 	: 	: 	: 	: 	: 	: 	: 	: 	: 	: 	: 	: 	: 	: 	: 	: 	: 	: 	: 	: 	: 	: 	: 	: 	: 	: 	: 	: 	: 	: 	: 	: 	: 	: 	: 	: 	: 	: 	: 	: 	: 	: 	: 	: 	: 	: 	: 	: 	: 	: 	: 	: 	: 	: 	: 	: 	: 	: 	: 	: 	: 	: 	: 	: 	: 	: 	: 	: 	: 	: 	: 	: 	: 	: 	: 	: 	: 	: 	: 	: 	: 	: 	: 	: 	: 	: 	: 	: 	: 	: 	: 	: 	: 	: 	: 	: 	: 	: 	: 	: 	: 	: 	: 	: 	: 	: 	: 	: 	: 	: 	: 	: 	: 	: 	: 	: 	: 	: 	: 	: 	: 	: 	: 	: 	: 	: 	: 	: 	: 	: 	: 	: 	: 	: 	: 	: 	: 	: 	: 	: 	: 	: 	: 	: 	: 	: 	: 	: 	: 	: 	: 	: 	: 	: 
PAS,PAS_BRD_ARR,SK_LZKZ_SK_LZIB	3379 	3580 	1101 	1344 	1102 	933 	1273 	1257 	1050 	3791 	3918 	4476 	3648 	1359 	1319 	1113 	1276 	1284 	1358 	2130 	1295 	1051 	1325 	1298 	1025 	15833 	3674 	3055 	3333 	2757 	1234 	1323 	1117 	991 	841 	1223 	1503 	851 	979 	1048 	890 	819 	12819 	3210 	3858 	4438 	2612 	984 	922 	1304 	1435 	1029 	1394 	1807 	1411 	1220 	898 	894 	820 	14118 	483 	1557 	4089 	3761 	27 	146 	310 	277 	760 	520 	1545 	1281 	1263 	1349 	1225 	1187 	9890 	2779 	4831 	4313 	3330 	614 	774 	1391 	1280 	1882 	1669 	1515 	1440 	1358 	1297 	1053 	980 	15253 	4073 	4349 	4800 	3862 	1200 	1441 	1432 	1737 	1259 	1353 	1549 	1923 	1328 	1446 	1269 	1147 	17084 	4795 	5588 	5720 	5384 	1389 	1628 	1778 	1835 	1886 	1867 	2503 	1760 	1457 	2027 	1759 	1598 	21487 	6453 	10948 	17737 	13873 	1975 	2048 	2430 	2488 	4016 	4444 	5982 	5576 	6179 	4664 	4447 	4762 	49011 	20896 	25244 	27134 	21633 	6881 	7154 	6861 	8037 	8405 	8802 	9583 	8908 	8643 	8293 	6988 	6352 	94907 	25801 	24919 	22114 	16222 	7944 	8383 	9474 	7565 	8919 	8435 	7689 	7773 	6652 	6605 	5052 	4565 	89056 	15246 	15726 	14982 	12069 	5328 	4853 	5065 	5073 	5511 	5142 	5165 	5211 	4606 	4821 	3843 	3405 	58023 	: 	: 	: 	: 	: 	: 	: 	: 	: 	: 	: 	: 	: 	: 	: 	: 	: 	: 	: 	: 	: 	: 	: 	: 	: 	: 	: 	: 	: 	: 	: 	: 	: 	: 	: 	: 	: 	: 	: 	: 	: 	: 
PAS,PAS_BRD_ARR,SK_LZKZ_TR_LTAI	: 	: 	: 	: 	: 	: 	: 	: 	: 	: 	8008 	327 	: 	: 	: 	: 	1965 	3004 	3039 	327 	: 	: 	: 	: 	: 	8335 	: 	20997 	3646 	184 	: 	: 	: 	5278 	7494 	8225 	3646 	: 	: 	184 	: 	: 	24827 	82 	18670 	3103 	: 	: 	: 	82 	5217 	6678 	6775 	3103 	0 	: 	: 	: 	: 	21855 	: 	16236 	2684 	: 	: 	: 	: 	4330 	5772 	6134 	2684 	: 	0 	: 	: 	: 	18920 	311 	14211 	2801 	: 	: 	: 	311 	4118 	5079 	5014 	2801 	: 	: 	: 	: 	: 	17323 	173 	14562 	2653 	: 	: 	: 	173 	3942 	5020 	5600 	2653 	: 	: 	: 	: 	: 	17388 	330 	10209 	2425 	: 	: 	: 	330 	2439 	3761 	4009 	2271 	154 	: 	: 	: 	: 	12964 	: 	: 	: 	: 	: 	: 	: 	: 	: 	: 	: 	: 	: 	: 	: 	: 	: 	: 	: 	: 	: 	: 	: 	: 	: 	: 	: 	: 	: 	: 	: 	: 	: 	: 	: 	: 	: 	: 	: 	: 	: 	: 	: 	: 	: 	: 	: 	: 	: 	: 	: 	: 	: 	: 	: 	: 	: 	: 	: 	: 	: 	: 	: 	: 	: 	: 	: 	: 	: 	: 	: 	: 	: 	: 	: 	: 	: 	: 	: 	: 	: 	: 	: 	: 	: 	: 	: 	: 	: 	: 	: 	: 	: 	: 	: 	: 	: 	: 	: 	: 	: 	: 	: 	: 	: 	: 	: 	: 	: 	: 
PAS,PAS_BRD_ARR,SK_LZKZ_UA_UKBB	: 	: 	: 	: 	: 	: 	: 	: 	: 	3202 	3890 	4132 	3039 	963 	893 	1346 	1572 	1307 	1011 	1637 	1287 	1208 	1032 	831 	1176 	14263 	: 	: 	: 	: 	: 	: 	: 	: 	: 	: 	: 	: 	: 	: 	: 	: 	: 	: 	: 	: 	: 	: 	: 	: 	: 	: 	: 	: 	: 	: 	: 	: 	: 	: 	: 	: 	: 	: 	: 	: 	: 	: 	: 	: 	: 	: 	: 	: 	: 	: 	: 	: 	: 	: 	: 	: 	: 	: 	: 	: 	: 	: 	: 	: 	: 	: 	: 	: 	: 	: 	: 	: 	: 	: 	: 	: 	: 	: 	: 	: 	: 	: 	: 	: 	: 	: 	: 	: 	: 	: 	: 	: 	: 	: 	: 	: 	: 	: 	: 	: 	: 	: 	: 	: 	: 	: 	: 	: 	: 	: 	: 	: 	: 	: 	: 	: 	: 	: 	: 	: 	: 	: 	: 	: 	: 	: 	: 	: 	: 	: 	: 	: 	: 	: 	: 	: 	: 	: 	: 	: 	: 	: 	: 	: 	: 	: 	: 	: 	: 	: 	: 	: 	: 	: 	: 	: 	: 	: 	: 	: 	: 	: 	: 	: 	: 	: 	: 	: 	: 	: 	: 	: 	: 	: 	: 	: 	: 	: 	: 	: 	: 	: 	: 	: 	: 	: 	: 	: 	: 	: 	: 	: 	: 	: 	: 	: 	: 	: 	: 	: 	: 	: 	: 	: 	: 	: 	: 	: 	: 	: 	: 	: 
PAS,PAS_BRD_ARR,SK_LZKZ_UK_EGCN	5163 	4230 	2236 	1837 	1507 	1819 	1261 	1323 	1646 	4325 	6108 	4498 	4040 	1516 	1393 	1416 	1631 	2173 	2304 	1617 	1470 	1411 	1396 	1224 	1420 	18971 	4010 	4400 	1156 	: 	1470 	1295 	1245 	1384 	1499 	1517 	1156 	: 	: 	: 	: 	: 	9566 	: 	: 	: 	: 	: 	: 	: 	: 	: 	: 	: 	: 	: 	: 	: 	: 	: 	: 	: 	: 	: 	: 	: 	: 	: 	: 	: 	: 	: 	: 	: 	: 	: 	: 	: 	: 	: 	: 	: 	: 	: 	: 	: 	: 	: 	: 	: 	: 	: 	: 	: 	: 	: 	: 	: 	: 	: 	: 	: 	: 	: 	: 	: 	: 	: 	: 	: 	: 	: 	: 	: 	: 	: 	: 	: 	: 	: 	: 	: 	: 	: 	: 	: 	: 	: 	: 	: 	: 	: 	: 	: 	: 	: 	: 	: 	: 	: 	: 	: 	: 	: 	: 	: 	: 	: 	: 	: 	: 	: 	: 	: 	: 	: 	: 	: 	: 	: 	: 	: 	: 	: 	: 	: 	: 	: 	: 	: 	: 	: 	: 	: 	: 	: 	: 	: 	: 	: 	: 	: 	: 	: 	: 	: 	: 	: 	: 	: 	: 	: 	: 	: 	: 	: 	: 	: 	: 	: 	: 	: 	: 	: 	: 	: 	: 	: 	: 	: 	: 	: 	: 	: 	: 	: 	: 	: 	: 	: 	: 	: 	: 	: 	: 	: 	: 	: 	: 	: 	: 	: 	: 	: 	: 	: 	: 	: 
PAS,PAS_BRD_ARR,SK_LZKZ_UK_EGGD	: 	: 	: 	: 	: 	: 	: 	: 	: 	3800 	4263 	3598 	2508 	1403 	1057 	1340 	1239 	1472 	1552 	1073 	1360 	1165 	925 	605 	978 	14169 	: 	: 	: 	: 	: 	: 	: 	: 	: 	: 	: 	: 	: 	: 	: 	: 	: 	: 	: 	: 	: 	: 	: 	: 	: 	: 	: 	: 	: 	: 	: 	: 	: 	: 	: 	: 	: 	: 	: 	: 	: 	: 	: 	: 	: 	: 	: 	: 	: 	: 	: 	: 	: 	: 	: 	: 	: 	: 	: 	: 	: 	: 	: 	: 	: 	: 	: 	: 	: 	: 	: 	: 	: 	: 	: 	: 	: 	: 	: 	: 	: 	: 	: 	: 	: 	: 	: 	: 	: 	: 	: 	: 	: 	: 	: 	: 	: 	: 	: 	: 	: 	: 	: 	: 	: 	: 	: 	: 	: 	: 	: 	: 	: 	: 	: 	: 	: 	: 	: 	: 	: 	: 	: 	: 	: 	: 	: 	: 	: 	: 	: 	: 	: 	: 	: 	: 	: 	: 	: 	: 	: 	: 	: 	: 	: 	: 	: 	: 	: 	: 	: 	: 	: 	: 	: 	: 	: 	: 	: 	: 	: 	: 	: 	: 	: 	: 	: 	: 	: 	: 	: 	: 	: 	: 	: 	: 	: 	: 	: 	: 	: 	: 	: 	: 	: 	: 	: 	: 	: 	: 	: 	: 	: 	: 	: 	: 	: 	: 	: 	: 	: 	: 	: 	: 	: 	: 	: 	: 	: 	: 	: 	: 
PAS,PAS_BRD_ARR,SK_LZKZ_UK_EGGW	17017 	14046 	5217 	5659 	5647 	5711 	5045 	4309 	4692 	16421 	18915 	16870 	13936 	5818 	5115 	5488 	5276 	6687 	6952 	6027 	5791 	5052 	5306 	4382 	4248 	66142 	13812 	20053 	16342 	13016 	4713 	4301 	4798 	5341 	7348 	7364 	6618 	5076 	4648 	4844 	4055 	4117 	63223 	13486 	20048 	11921 	9386 	4491 	4366 	4629 	5285 	7157 	7606 	5127 	3568 	3226 	3196 	2914 	3276 	54841 	: 	: 	: 	: 	: 	: 	: 	: 	: 	: 	: 	: 	: 	: 	: 	: 	: 	: 	: 	: 	: 	: 	: 	: 	: 	: 	: 	: 	: 	: 	: 	: 	: 	: 	: 	: 	: 	: 	: 	: 	: 	: 	: 	: 	: 	: 	: 	: 	: 	: 	: 	: 	: 	: 	: 	: 	: 	: 	: 	: 	: 	: 	: 	: 	: 	: 	: 	: 	: 	3631 	4760 	4969 	: 	: 	: 	: 	1937 	1694 	1514 	1522 	1724 	1755 	1465 	1749 	13360 	5000 	7262 	4722 	4504 	1976 	1601 	1423 	1802 	2279 	3181 	1627 	1573 	1522 	1633 	1429 	1442 	21488 	: 	: 	: 	: 	: 	: 	: 	: 	: 	: 	: 	: 	: 	: 	: 	: 	: 	: 	: 	: 	: 	: 	: 	: 	: 	: 	: 	: 	: 	: 	: 	: 	: 	: 	: 	: 	: 	: 	: 	: 	: 	: 	: 	: 	: 	: 	: 	: 	: 	: 	: 	: 	: 	: 	: 	: 	: 	: 	: 	: 	: 	: 	: 	: 	: 	: 	: 	: 	: 	: 	: 	: 	: 	: 	: 	: 
PAS,PAS_BRD_DEP,SK_LZ99_AT_LO99	: 	: 	: 	: 	: 	: 	: 	: 	: 	: 	: 	: 	: 	: 	: 	: 	: 	: 	: 	: 	: 	: 	: 	: 	: 	: 	: 	: 	: 	: 	: 	: 	: 	: 	: 	: 	: 	: 	: 	: 	: 	: 	: 	: 	: 	: 	: 	: 	: 	: 	: 	: 	: 	: 	: 	: 	: 	: 	: 	: 	: 	: 	: 	: 	: 	: 	: 	: 	: 	: 	: 	: 	: 	: 	: 	: 	: 	: 	: 	: 	: 	: 	: 	: 	: 	: 	: 	: 	: 	: 	: 	: 	: 	: 	: 	: 	: 	: 	: 	: 	: 	: 	: 	: 	: 	: 	: 	: 	: 	: 	: 	: 	: 	: 	: 	: 	: 	: 	: 	: 	: 	: 	: 	: 	: 	: 	: 	: 	: 	: 	: 	: 	: 	: 	: 	: 	: 	: 	: 	: 	: 	: 	: 	: 	: 	: 	: 	: 	: 	: 	: 	: 	: 	: 	: 	: 	: 	: 	: 	: 	: 	: 	: 	: 	: 	: 	: 	: 	: 	: 	: 	: 	: 	: 	: 	: 	: 	: 	: 	: 	: 	: 	: 	: 	: 	: 	: 	: 	: 	: 	: 	: 	: 	: 	: 	: 	3577 	3625 	3717 	2690 	1264 	1100 	1213 	1322 	1072 	1231 	1494 	1113 	1110 	982 	776 	932 	13609 	2708 	2848 	2908 	2035 	820 	874 	1014 	1070 	848 	930 	1067 	930 	911 	10499 	: 	: 	: 	: 	: 	: 	: 	: 	: 	: 	: 
PAS,PAS_BRD_DEP,SK_LZ99_BE_EB99	: 	: 	: 	: 	: 	: 	: 	: 	: 	: 	: 	: 	: 	: 	: 	: 	: 	: 	: 	: 	: 	: 	: 	: 	: 	: 	: 	: 	: 	: 	: 	: 	: 	: 	: 	: 	: 	: 	: 	: 	: 	: 	: 	: 	: 	: 	: 	: 	: 	: 	: 	: 	: 	: 	: 	: 	: 	: 	: 	: 	: 	: 	: 	: 	: 	: 	: 	: 	: 	: 	: 	: 	: 	: 	: 	: 	: 	: 	: 	: 	: 	: 	: 	: 	: 	: 	: 	: 	: 	: 	: 	: 	: 	: 	: 	: 	: 	: 	: 	: 	: 	: 	: 	: 	: 	: 	: 	: 	: 	: 	: 	: 	: 	: 	: 	: 	: 	: 	: 	: 	: 	: 	: 	: 	: 	: 	: 	: 	: 	: 	: 	: 	: 	: 	: 	: 	: 	: 	: 	: 	: 	: 	: 	: 	: 	: 	: 	: 	: 	: 	: 	: 	: 	: 	: 	: 	: 	: 	: 	: 	: 	: 	: 	: 	: 	: 	: 	: 	: 	: 	: 	: 	: 	: 	: 	: 	: 	: 	: 	: 	: 	: 	: 	: 	: 	: 	: 	: 	: 	: 	: 	: 	: 	: 	: 	: 	4534 	3088 	4288 	2906 	1241 	1763 	1530 	1463 	661 	964 	1358 	1520 	1410 	995 	1094 	817 	14816 	: 	: 	: 	: 	: 	: 	: 	: 	: 	: 	: 	: 	: 	: 	: 	: 	: 	: 	: 	: 	: 	: 	: 	: 	: 
PAS,PAS_BRD_DEP,SK_LZ99_BG_LB99	: 	: 	: 	: 	: 	: 	: 	: 	: 	: 	: 	: 	: 	: 	: 	: 	: 	: 	: 	: 	: 	: 	: 	: 	: 	: 	: 	: 	: 	: 	: 	: 	: 	: 	: 	: 	: 	: 	: 	: 	: 	: 	: 	: 	: 	: 	: 	: 	: 	: 	: 	: 	: 	: 	: 	: 	: 	: 	: 	: 	: 	: 	: 	: 	: 	: 	: 	: 	: 	: 	: 	: 	: 	: 	: 	: 	: 	: 	: 	: 	: 	: 	: 	: 	: 	: 	: 	: 	: 	: 	: 	: 	: 	: 	: 	: 	: 	: 	: 	: 	: 	: 	: 	: 	: 	: 	: 	: 	: 	: 	: 	: 	: 	: 	: 	: 	: 	: 	: 	: 	: 	: 	: 	: 	: 	: 	: 	: 	: 	: 	: 	: 	: 	: 	: 	: 	: 	: 	: 	: 	: 	: 	: 	: 	: 	: 	: 	: 	: 	: 	: 	: 	: 	: 	: 	: 	: 	: 	: 	: 	: 	: 	: 	: 	: 	: 	: 	: 	: 	: 	: 	: 	: 	: 	: 	: 	: 	: 	: 	: 	: 	: 	: 	: 	: 	: 	: 	: 	: 	: 	: 	: 	: 	: 	: 	: 	665 	19534 	3153 	0 	665 	: 	: 	1408 	9324 	8802 	3153 	: 	: 	0 	: 	: 	23352 	: 	14770 	2901 	122 	: 	: 	: 	670 	6585 	7515 	2899 	2 	: 	17793 	118 	12521 	1680 	45 	14364 	66 	8016 	1113 	67 	9262 	: 
PAS,PAS_BRD_DEP,SK_LZ99_CZ_LK99	: 	: 	: 	: 	: 	: 	: 	: 	: 	: 	: 	: 	: 	: 	: 	: 	: 	: 	: 	: 	: 	: 	: 	: 	: 	: 	: 	: 	: 	: 	: 	: 	: 	: 	: 	: 	: 	: 	: 	: 	: 	: 	: 	: 	: 	: 	: 	: 	: 	: 	: 	: 	: 	: 	: 	: 	: 	: 	: 	: 	: 	: 	: 	: 	: 	: 	: 	: 	: 	: 	: 	: 	: 	: 	: 	: 	: 	: 	: 	: 	: 	: 	: 	: 	: 	: 	: 	: 	: 	: 	: 	: 	: 	: 	: 	: 	: 	: 	: 	: 	: 	: 	: 	: 	: 	: 	: 	: 	: 	: 	: 	: 	: 	: 	: 	: 	: 	: 	: 	: 	: 	: 	: 	: 	: 	: 	: 	: 	: 	: 	: 	: 	: 	: 	: 	: 	: 	: 	: 	: 	: 	: 	: 	: 	: 	: 	: 	: 	: 	: 	: 	: 	: 	: 	: 	: 	: 	: 	: 	: 	: 	: 	: 	: 	: 	: 	: 	: 	: 	: 	: 	: 	: 	: 	: 	: 	: 	: 	: 	: 	: 	: 	: 	: 	: 	: 	: 	: 	: 	: 	: 	: 	: 	: 	: 	: 	21302 	27378 	25799 	22066 	6131 	6817 	8354 	9245 	8683 	9450 	10197 	7824 	7778 	7499 	6389 	8178 	96545 	22898 	26375 	25101 	19866 	6720 	7486 	8692 	9140 	8383 	8852 	9415 	8145 	7541 	94240 	20232 	23358 	20737 	16132 	80459 	20075 	23046 	17981 	17588 	78690 	: 
PAS,PAS_BRD_DEP,SK_LZ99_DE_ED99	: 	: 	: 	: 	: 	: 	: 	: 	: 	: 	: 	: 	: 	: 	: 	: 	: 	: 	: 	: 	: 	: 	: 	: 	: 	: 	: 	: 	: 	: 	: 	: 	: 	: 	: 	: 	: 	: 	: 	: 	: 	: 	: 	: 	: 	: 	: 	: 	: 	: 	: 	: 	: 	: 	: 	: 	: 	: 	: 	: 	: 	: 	: 	: 	: 	: 	: 	: 	: 	: 	: 	: 	: 	: 	: 	: 	: 	: 	: 	: 	: 	: 	: 	: 	: 	: 	: 	: 	: 	: 	: 	: 	: 	: 	: 	: 	: 	: 	: 	: 	: 	: 	: 	: 	: 	: 	: 	: 	: 	: 	: 	: 	: 	: 	: 	: 	: 	: 	: 	: 	: 	: 	: 	: 	: 	: 	: 	: 	: 	: 	: 	: 	: 	: 	: 	: 	: 	: 	: 	: 	: 	: 	: 	: 	: 	: 	: 	: 	: 	: 	: 	: 	: 	: 	: 	: 	: 	: 	: 	: 	: 	: 	: 	: 	: 	: 	: 	: 	: 	: 	: 	: 	: 	: 	: 	: 	: 	: 	: 	: 	: 	: 	: 	: 	: 	: 	: 	: 	: 	: 	: 	: 	: 	: 	: 	: 	17431 	10072 	11803 	11568 	6236 	7424 	3771 	3755 	2952 	3365 	4649 	3151 	4003 	4760 	3211 	3597 	50874 	8573 	7317 	5047 	2387 	3762 	2428 	2383 	2645 	2292 	2380 	2189 	1876 	982 	23324 	: 	: 	: 	: 	: 	: 	: 	: 	: 	: 	: 
PAS,PAS_BRD_DEP,SK_LZ99_EG_HE99	: 	: 	: 	: 	: 	: 	: 	: 	: 	: 	: 	: 	: 	: 	: 	: 	: 	: 	: 	: 	: 	: 	: 	: 	: 	: 	: 	: 	: 	: 	: 	: 	: 	: 	: 	: 	: 	: 	: 	: 	: 	: 	: 	: 	: 	: 	: 	: 	: 	: 	: 	: 	: 	: 	: 	: 	: 	: 	: 	: 	: 	: 	: 	: 	: 	: 	: 	: 	: 	: 	: 	: 	: 	: 	: 	: 	: 	: 	: 	: 	: 	: 	: 	: 	: 	: 	: 	: 	: 	: 	: 	: 	: 	: 	: 	: 	: 	: 	: 	: 	: 	: 	: 	: 	: 	: 	: 	: 	: 	: 	: 	: 	: 	: 	: 	: 	: 	: 	: 	: 	: 	: 	: 	: 	: 	: 	: 	: 	: 	: 	: 	: 	: 	: 	: 	: 	: 	: 	: 	: 	: 	: 	: 	: 	: 	: 	: 	: 	: 	: 	: 	: 	: 	: 	: 	: 	: 	: 	: 	: 	: 	: 	: 	: 	: 	: 	: 	: 	: 	: 	: 	: 	: 	: 	: 	: 	: 	: 	: 	: 	: 	: 	: 	: 	: 	: 	: 	: 	: 	: 	: 	: 	: 	: 	: 	: 	5241 	22696 	17978 	2485 	902 	1067 	3272 	5797 	7622 	9277 	8518 	7043 	2417 	1455 	575 	455 	48400 	10343 	31505 	19355 	2794 	1495 	1865 	6983 	9782 	10524 	11199 	10735 	6852 	1768 	63997 	7389 	13510 	4716 	1425 	27040 	4467 	8191 	4442 	153 	17253 	: 
PAS,PAS_BRD_DEP,SK_LZ99_EL_LG99	: 	: 	: 	: 	: 	: 	: 	: 	: 	: 	: 	: 	: 	: 	: 	: 	: 	: 	: 	: 	: 	: 	: 	: 	: 	: 	: 	: 	: 	: 	: 	: 	: 	: 	: 	: 	: 	: 	: 	: 	: 	: 	: 	: 	: 	: 	: 	: 	: 	: 	: 	: 	: 	: 	: 	: 	: 	: 	: 	: 	: 	: 	: 	: 	: 	: 	: 	: 	: 	: 	: 	: 	: 	: 	: 	: 	: 	: 	: 	: 	: 	: 	: 	: 	: 	: 	: 	: 	: 	: 	: 	: 	: 	: 	: 	: 	: 	: 	: 	: 	: 	: 	: 	: 	: 	: 	: 	: 	: 	: 	: 	: 	: 	: 	: 	: 	: 	: 	: 	: 	: 	: 	: 	: 	: 	: 	: 	: 	: 	: 	: 	: 	: 	: 	: 	: 	: 	: 	: 	: 	: 	: 	: 	: 	: 	: 	: 	: 	: 	: 	: 	: 	: 	: 	: 	: 	: 	: 	: 	: 	: 	: 	: 	: 	: 	: 	: 	: 	: 	: 	: 	: 	: 	: 	: 	: 	: 	: 	: 	: 	: 	: 	: 	: 	: 	: 	: 	: 	: 	: 	: 	: 	: 	: 	: 	: 	116 	45224 	11883 	119 	: 	: 	116 	9629 	17524 	18071 	11400 	483 	: 	: 	: 	119 	57342 	501 	38993 	11049 	174 	201 	162 	138 	7978 	15257 	15758 	10470 	579 	: 	50717 	344 	35799 	9850 	172 	46165 	730 	28165 	8235 	: 	37130 	: 
PAS,PAS_BRD_DEP,SK_LZ99_ES_LE99	: 	: 	: 	: 	: 	: 	: 	: 	: 	: 	: 	: 	: 	: 	: 	: 	: 	: 	: 	: 	: 	: 	: 	: 	: 	: 	: 	: 	: 	: 	: 	: 	: 	: 	: 	: 	: 	: 	: 	: 	: 	: 	: 	: 	: 	: 	: 	: 	: 	: 	: 	: 	: 	: 	: 	: 	: 	: 	: 	: 	: 	: 	: 	: 	: 	: 	: 	: 	: 	: 	: 	: 	: 	: 	: 	: 	: 	: 	: 	: 	: 	: 	: 	: 	: 	: 	: 	: 	: 	: 	: 	: 	: 	: 	: 	: 	: 	: 	: 	: 	: 	: 	: 	: 	: 	: 	: 	: 	: 	: 	: 	: 	: 	: 	: 	: 	: 	: 	: 	: 	: 	: 	: 	: 	: 	: 	: 	: 	: 	: 	: 	: 	: 	: 	: 	: 	: 	: 	: 	: 	: 	: 	: 	: 	: 	: 	: 	: 	: 	: 	: 	: 	: 	: 	: 	: 	: 	: 	: 	: 	: 	: 	: 	: 	: 	: 	: 	: 	: 	: 	: 	: 	: 	: 	: 	: 	: 	: 	: 	: 	: 	: 	: 	: 	: 	: 	: 	: 	: 	: 	: 	: 	: 	: 	: 	: 	3041 	12208 	5577 	2228 	704 	1134 	1203 	2901 	4753 	4554 	3490 	1112 	975 	912 	607 	709 	23054 	2026 	9940 	4198 	188 	555 	594 	877 	1953 	3841 	4146 	2625 	870 	703 	16352 	: 	: 	: 	: 	: 	: 	: 	: 	: 	: 	: 
PAS,PAS_BRD_DEP,SK_LZ99_FR_LF99	: 	: 	: 	: 	: 	: 	: 	: 	: 	: 	: 	: 	: 	: 	: 	: 	: 	: 	: 	: 	: 	: 	: 	: 	: 	: 	: 	: 	: 	: 	: 	: 	: 	: 	: 	: 	: 	: 	: 	: 	: 	: 	: 	: 	: 	: 	: 	: 	: 	: 	: 	: 	: 	: 	: 	: 	: 	: 	: 	: 	: 	: 	: 	: 	: 	: 	: 	: 	: 	: 	: 	: 	: 	: 	: 	: 	: 	: 	: 	: 	: 	: 	: 	: 	: 	: 	: 	: 	: 	: 	: 	: 	: 	: 	: 	: 	: 	: 	: 	: 	: 	: 	: 	: 	: 	: 	: 	: 	: 	: 	: 	: 	: 	: 	: 	: 	: 	: 	: 	: 	: 	: 	: 	: 	: 	: 	: 	: 	: 	: 	: 	: 	: 	: 	: 	: 	: 	: 	: 	: 	: 	: 	: 	: 	: 	: 	: 	: 	: 	: 	: 	: 	: 	: 	: 	: 	: 	: 	: 	: 	: 	: 	: 	: 	: 	: 	: 	: 	: 	: 	: 	: 	: 	: 	: 	: 	: 	: 	: 	: 	: 	: 	: 	: 	: 	: 	: 	: 	: 	: 	: 	: 	: 	: 	: 	: 	16229 	15813 	18010 	10520 	5247 	5573 	5409 	5404 	5172 	5237 	6407 	6553 	5050 	4210 	3406 	2904 	60572 	12661 	12790 	13980 	6407 	3334 	3983 	5344 	4635 	4163 	3992 	4910 	5921 	3149 	45838 	8868 	2532 	65 	128 	11593 	: 	: 	: 	: 	: 	: 
PAS,PAS_BRD_DEP,SK_LZ99_HR_LD99	: 	: 	: 	: 	: 	: 	: 	: 	: 	: 	: 	: 	: 	: 	: 	: 	: 	: 	: 	: 	: 	: 	: 	: 	: 	: 	: 	: 	: 	: 	: 	: 	: 	: 	: 	: 	: 	: 	: 	: 	: 	: 	: 	: 	: 	: 	: 	: 	: 	: 	: 	: 	: 	: 	: 	: 	: 	: 	: 	: 	: 	: 	: 	: 	: 	: 	: 	: 	: 	: 	: 	: 	: 	: 	: 	: 	: 	: 	: 	: 	: 	: 	: 	: 	: 	: 	: 	: 	: 	: 	: 	: 	: 	: 	: 	: 	: 	: 	: 	: 	: 	: 	: 	: 	: 	: 	: 	: 	: 	: 	: 	: 	: 	: 	: 	: 	: 	: 	: 	: 	: 	: 	: 	: 	: 	: 	: 	: 	: 	: 	: 	: 	: 	: 	: 	: 	: 	: 	: 	: 	: 	: 	: 	: 	: 	: 	: 	: 	: 	: 	: 	: 	: 	: 	: 	: 	: 	: 	: 	: 	: 	: 	: 	: 	: 	: 	: 	: 	: 	: 	: 	: 	: 	: 	: 	: 	: 	: 	: 	: 	: 	: 	: 	: 	: 	: 	: 	: 	: 	: 	: 	: 	: 	: 	: 	: 	291 	10205 	3347 	2 	275 	16 	0 	1882 	4089 	4234 	2615 	732 	: 	: 	: 	2 	13845 	: 	: 	: 	: 	: 	: 	: 	: 	: 	: 	: 	: 	: 	: 	: 	: 	: 	: 	: 	: 	: 	: 	: 	: 	: 
PAS,PAS_BRD_DEP,SK_LZ99_IN_VI99	: 	: 	: 	: 	: 	: 	: 	: 	: 	: 	: 	: 	: 	: 	: 	: 	: 	: 	: 	: 	: 	: 	: 	: 	: 	: 	: 	: 	: 	: 	: 	: 	: 	: 	: 	: 	: 	: 	: 	: 	: 	: 	: 	: 	: 	: 	: 	: 	: 	: 	: 	: 	: 	: 	: 	: 	: 	: 	: 	: 	: 	: 	: 	: 	: 	: 	: 	: 	: 	: 	: 	: 	: 	: 	: 	: 	: 	: 	: 	: 	: 	: 	: 	: 	: 	: 	: 	: 	: 	: 	: 	: 	: 	: 	: 	: 	: 	: 	: 	: 	: 	: 	: 	: 	: 	: 	: 	: 	: 	: 	: 	: 	: 	: 	: 	: 	: 	: 	: 	: 	: 	: 	: 	: 	: 	: 	: 	: 	: 	: 	: 	: 	: 	: 	: 	: 	: 	: 	: 	: 	: 	: 	: 	: 	: 	: 	: 	: 	: 	: 	: 	: 	: 	: 	: 	: 	: 	: 	: 	: 	: 	: 	: 	: 	: 	: 	: 	: 	: 	: 	: 	: 	: 	: 	: 	: 	: 	: 	: 	: 	: 	: 	: 	: 	: 	: 	: 	: 	: 	: 	: 	: 	: 	: 	: 	: 	5735 	4771 	3382 	8342 	1701 	1615 	2419 	874 	1815 	2082 	990 	820 	1572 	3405 	3436 	1501 	22230 	: 	: 	: 	: 	: 	: 	: 	: 	: 	: 	: 	: 	: 	: 	: 	: 	: 	: 	: 	: 	: 	: 	: 	: 	: 
PAS,PAS_BRD_DEP,SK_LZ99_IT_LI99	: 	: 	: 	: 	: 	: 	: 	: 	: 	: 	: 	: 	: 	: 	: 	: 	: 	: 	: 	: 	: 	: 	: 	: 	: 	: 	: 	: 	: 	: 	: 	: 	: 	: 	: 	: 	: 	: 	: 	: 	: 	: 	: 	: 	: 	: 	: 	: 	: 	: 	: 	: 	: 	: 	: 	: 	: 	: 	: 	: 	: 	: 	: 	: 	: 	: 	: 	: 	: 	: 	: 	: 	: 	: 	: 	: 	: 	: 	: 	: 	: 	: 	: 	: 	: 	: 	: 	: 	: 	: 	: 	: 	: 	: 	: 	: 	: 	: 	: 	: 	: 	: 	: 	: 	: 	: 	: 	: 	: 	: 	: 	: 	: 	: 	: 	: 	: 	: 	: 	: 	: 	: 	: 	: 	: 	: 	: 	: 	: 	: 	: 	: 	: 	: 	: 	: 	: 	: 	: 	: 	: 	: 	: 	: 	: 	: 	: 	: 	: 	: 	: 	: 	: 	: 	: 	: 	: 	: 	: 	: 	: 	: 	: 	: 	: 	: 	: 	: 	: 	: 	: 	: 	: 	: 	: 	: 	: 	: 	: 	: 	: 	: 	: 	: 	: 	: 	: 	: 	: 	: 	: 	: 	: 	: 	: 	: 	22283 	15945 	16194 	10942 	7515 	7900 	6868 	4925 	5540 	5480 	5635 	5370 	5189 	4587 	3169 	3186 	65364 	7675 	6978 	6964 	2611 	2477 	2591 	2607 	2855 	2360 	1763 	2173 	2616 	2175 	24228 	: 	: 	: 	: 	: 	: 	: 	: 	: 	: 	: 
PAS,PAS_BRD_DEP,SK_LZ99_NL_EH99	: 	: 	: 	: 	: 	: 	: 	: 	: 	: 	: 	: 	: 	: 	: 	: 	: 	: 	: 	: 	: 	: 	: 	: 	: 	: 	: 	: 	: 	: 	: 	: 	: 	: 	: 	: 	: 	: 	: 	: 	: 	: 	: 	: 	: 	: 	: 	: 	: 	: 	: 	: 	: 	: 	: 	: 	: 	: 	: 	: 	: 	: 	: 	: 	: 	: 	: 	: 	: 	: 	: 	: 	: 	: 	: 	: 	: 	: 	: 	: 	: 	: 	: 	: 	: 	: 	: 	: 	: 	: 	: 	: 	: 	: 	: 	: 	: 	: 	: 	: 	: 	: 	: 	: 	: 	: 	: 	: 	: 	: 	: 	: 	: 	: 	: 	: 	: 	: 	: 	: 	: 	: 	: 	: 	: 	: 	: 	: 	: 	: 	: 	: 	: 	: 	: 	: 	: 	: 	: 	: 	: 	: 	: 	: 	: 	: 	: 	: 	: 	: 	: 	: 	: 	: 	: 	: 	: 	: 	: 	: 	: 	: 	: 	: 	: 	: 	: 	: 	: 	: 	: 	: 	: 	: 	: 	: 	: 	: 	: 	: 	: 	: 	: 	: 	: 	: 	: 	: 	: 	: 	: 	: 	: 	: 	: 	: 	5266 	6984 	8060 	4974 	1404 	1616 	2246 	2015 	2503 	2466 	2911 	2717 	2432 	1921 	1414 	1639 	25284 	4603 	4344 	4346 	276 	1502 	1534 	1567 	1554 	1578 	1212 	1281 	1633 	1432 	13569 	: 	: 	: 	: 	: 	: 	: 	: 	: 	: 	: 
PAS,PAS_BRD_DEP,SK_LZ99_RU_UU99	: 	: 	: 	: 	: 	: 	: 	: 	: 	: 	: 	: 	: 	: 	: 	: 	: 	: 	: 	: 	: 	: 	: 	: 	: 	: 	: 	: 	: 	: 	: 	: 	: 	: 	: 	: 	: 	: 	: 	: 	: 	: 	: 	: 	: 	: 	: 	: 	: 	: 	: 	: 	: 	: 	: 	: 	: 	: 	: 	: 	: 	: 	: 	: 	: 	: 	: 	: 	: 	: 	: 	: 	: 	: 	: 	: 	: 	: 	: 	: 	: 	: 	: 	: 	: 	: 	: 	: 	: 	: 	: 	: 	: 	: 	: 	: 	: 	: 	: 	: 	: 	: 	: 	: 	: 	: 	: 	: 	: 	: 	: 	: 	: 	: 	: 	: 	: 	: 	: 	: 	: 	: 	: 	: 	: 	: 	: 	: 	: 	: 	: 	: 	: 	: 	: 	: 	: 	: 	: 	: 	: 	: 	: 	: 	: 	: 	: 	: 	: 	: 	: 	: 	: 	: 	: 	: 	: 	: 	: 	: 	: 	: 	: 	: 	: 	: 	: 	: 	: 	: 	: 	: 	: 	: 	: 	: 	: 	: 	: 	: 	: 	: 	: 	: 	: 	: 	: 	: 	: 	: 	: 	: 	: 	: 	: 	: 	3245 	3305 	3429 	2399 	791 	1035 	1419 	1068 	1269 	968 	1091 	1233 	1105 	642 	704 	1053 	12378 	2610 	3449 	3503 	2969 	675 	975 	960 	1021 	1295 	1133 	923 	1488 	1092 	12531 	2986 	3205 	2592 	2624 	11407 	2646 	3517 	2970 	4898 	14031 	: 
PAS,PAS_BRD_DEP,SK_LZ99_SK_LZ99	: 	: 	: 	: 	: 	: 	: 	: 	: 	: 	: 	: 	: 	: 	: 	: 	: 	: 	: 	: 	: 	: 	: 	: 	: 	: 	: 	: 	: 	: 	: 	: 	: 	: 	: 	: 	: 	: 	: 	: 	: 	: 	: 	: 	: 	: 	: 	: 	: 	: 	: 	: 	: 	: 	: 	: 	: 	: 	: 	: 	: 	: 	: 	: 	: 	: 	: 	: 	: 	: 	: 	: 	: 	: 	: 	: 	: 	: 	: 	: 	: 	: 	: 	: 	: 	: 	: 	: 	: 	: 	: 	: 	: 	: 	: 	: 	: 	: 	: 	: 	: 	: 	: 	: 	: 	: 	: 	: 	: 	: 	: 	: 	: 	: 	: 	: 	: 	: 	: 	: 	: 	: 	: 	: 	: 	: 	: 	: 	: 	: 	: 	: 	: 	: 	: 	: 	: 	: 	: 	: 	: 	: 	: 	: 	: 	: 	: 	: 	: 	: 	: 	: 	: 	: 	: 	: 	: 	: 	: 	: 	: 	: 	: 	: 	: 	: 	: 	: 	: 	: 	: 	: 	: 	: 	: 	: 	: 	: 	: 	: 	: 	: 	: 	: 	: 	: 	: 	: 	: 	: 	: 	: 	: 	: 	: 	: 	19979 	16454 	17531 	9474 	7145 	6281 	6553 	5987 	5196 	5271 	6031 	5357 	6143 	4055 	3017 	2402 	63438 	8944 	8866 	9529 	8322 	2631 	3131 	3182 	3381 	2772 	2713 	3355 	3069 	3105 	35661 	9499 	8049 	8156 	6314 	32018 	9319 	7099 	9342 	5813 	31573 	: 
PAS,PAS_BRD_DEP,SK_LZ99_TN_DT99	: 	: 	: 	: 	: 	: 	: 	: 	: 	: 	: 	: 	: 	: 	: 	: 	: 	: 	: 	: 	: 	: 	: 	: 	: 	: 	: 	: 	: 	: 	: 	: 	: 	: 	: 	: 	: 	: 	: 	: 	: 	: 	: 	: 	: 	: 	: 	: 	: 	: 	: 	: 	: 	: 	: 	: 	: 	: 	: 	: 	: 	: 	: 	: 	: 	: 	: 	: 	: 	: 	: 	: 	: 	: 	: 	: 	: 	: 	: 	: 	: 	: 	: 	: 	: 	: 	: 	: 	: 	: 	: 	: 	: 	: 	: 	: 	: 	: 	: 	: 	: 	: 	: 	: 	: 	: 	: 	: 	: 	: 	: 	: 	: 	: 	: 	: 	: 	: 	: 	: 	: 	: 	: 	: 	: 	: 	: 	: 	: 	: 	: 	: 	: 	: 	: 	: 	: 	: 	: 	: 	: 	: 	: 	: 	: 	: 	: 	: 	: 	: 	: 	: 	: 	: 	: 	: 	: 	: 	: 	: 	: 	: 	: 	: 	: 	: 	: 	: 	: 	: 	: 	: 	: 	: 	: 	: 	: 	: 	: 	: 	: 	: 	: 	: 	: 	: 	: 	: 	: 	: 	: 	: 	: 	: 	: 	: 	263 	27596 	9041 	82 	: 	: 	263 	6522 	10234 	10840 	7471 	1570 	: 	: 	: 	82 	36982 	932 	22066 	7684 	: 	: 	: 	932 	5291 	8184 	8591 	6177 	1507 	: 	30682 	575 	13940 	5298 	: 	19813 	423 	9441 	3939 	151 	13954 	: 
PAS,PAS_BRD_DEP,SK_LZ99_TR_LT99	: 	: 	: 	: 	: 	: 	: 	: 	: 	: 	: 	: 	: 	: 	: 	: 	: 	: 	: 	: 	: 	: 	: 	: 	: 	: 	: 	: 	: 	: 	: 	: 	: 	: 	: 	: 	: 	: 	: 	: 	: 	: 	: 	: 	: 	: 	: 	: 	: 	: 	: 	: 	: 	: 	: 	: 	: 	: 	: 	: 	: 	: 	: 	: 	: 	: 	: 	: 	: 	: 	: 	: 	: 	: 	: 	: 	: 	: 	: 	: 	: 	: 	: 	: 	: 	: 	: 	: 	: 	: 	: 	: 	: 	: 	: 	: 	: 	: 	: 	: 	: 	: 	: 	: 	: 	: 	: 	: 	: 	: 	: 	: 	: 	: 	: 	: 	: 	: 	: 	: 	: 	: 	: 	: 	: 	: 	: 	: 	: 	: 	: 	: 	: 	: 	: 	: 	: 	: 	: 	: 	: 	: 	: 	: 	: 	: 	: 	: 	: 	: 	: 	: 	: 	: 	: 	: 	: 	: 	: 	: 	: 	: 	: 	: 	: 	: 	: 	: 	: 	: 	: 	: 	: 	: 	: 	: 	: 	: 	: 	: 	: 	: 	: 	: 	: 	: 	: 	: 	: 	: 	: 	: 	: 	: 	: 	: 	135 	12730 	4834 	0 	: 	: 	135 	2794 	4585 	5351 	4827 	7 	0 	: 	0 	: 	17699 	71 	16148 	4450 	0 	: 	0 	71 	3663 	5867 	6618 	4446 	0 	4 	20669 	48 	8592 	2239 	: 	10879 	70 	17184 	4776 	: 	22030 	: 
PAS,PAS_BRD_DEP,SK_LZ99_UK_EG99	: 	: 	: 	: 	: 	: 	: 	: 	: 	: 	: 	: 	: 	: 	: 	: 	: 	: 	: 	: 	: 	: 	: 	: 	: 	: 	: 	: 	: 	: 	: 	: 	: 	: 	: 	: 	: 	: 	: 	: 	: 	: 	: 	: 	: 	: 	: 	: 	: 	: 	: 	: 	: 	: 	: 	: 	: 	: 	: 	: 	: 	: 	: 	: 	: 	: 	: 	: 	: 	: 	: 	: 	: 	: 	: 	: 	: 	: 	: 	: 	: 	: 	: 	: 	: 	: 	: 	: 	: 	: 	: 	: 	: 	: 	: 	: 	: 	: 	: 	: 	: 	: 	: 	: 	: 	: 	: 	: 	: 	: 	: 	: 	: 	: 	: 	: 	: 	: 	: 	: 	: 	: 	: 	: 	: 	: 	: 	: 	: 	: 	: 	: 	: 	: 	: 	: 	: 	: 	: 	: 	: 	: 	: 	: 	: 	: 	: 	: 	: 	: 	: 	: 	: 	: 	: 	: 	: 	: 	: 	: 	: 	: 	: 	: 	: 	: 	: 	: 	: 	: 	: 	: 	: 	: 	: 	: 	: 	: 	: 	: 	: 	: 	: 	: 	: 	: 	: 	: 	: 	: 	: 	: 	: 	: 	: 	: 	44468 	36938 	34047 	27762 	14152 	17943 	12373 	11690 	12963 	12285 	11449 	10471 	12127 	10999 	8051 	8712 	143215 	15325 	19887 	19223 	10540 	5417 	4484 	5424 	5920 	7894 	6073 	5988 	6845 	6390 	64975 	8573 	5937 	7 	6 	14523 	: 	: 	: 	: 	: 	: 
PAS,PAS_BRD_DEP,SK_LZIB_AE_OMDB	5047 	6639 	1759 	1089 	1786 	2172 	2070 	2346 	2223 	5787 	5959 	4220 	4930 	2284 	1771 	1732 	1963 	1988 	2008 	1115 	1732 	1373 	1642 	1698 	1590 	20896 	3832 	4549 	3455 	3199 	1516 	1167 	1149 	1342 	2009 	1198 	859 	1199 	1397 	1424 	1034 	741 	15035 	: 	: 	: 	: 	: 	: 	: 	: 	: 	: 	: 	: 	: 	: 	: 	: 	: 	: 	: 	: 	: 	: 	: 	: 	: 	: 	: 	: 	: 	: 	: 	: 	: 	: 	: 	: 	: 	: 	: 	: 	: 	: 	: 	: 	: 	: 	: 	: 	: 	: 	: 	: 	: 	: 	: 	: 	: 	: 	: 	: 	: 	: 	: 	: 	: 	: 	: 	: 	: 	: 	: 	: 	: 	: 	: 	: 	: 	: 	: 	: 	: 	: 	: 	: 	: 	: 	: 	: 	: 	: 	: 	: 	: 	: 	: 	: 	: 	: 	: 	: 	: 	: 	: 	: 	: 	: 	: 	: 	: 	: 	: 	: 	: 	: 	: 	: 	: 	: 	: 	: 	: 	: 	: 	: 	: 	: 	: 	: 	: 	: 	: 	: 	: 	: 	: 	: 	: 	: 	: 	: 	: 	: 	: 	: 	: 	: 	: 	: 	: 	: 	: 	: 	: 	: 	: 	: 	: 	: 	: 	: 	: 	: 	: 	: 	: 	: 	: 	: 	: 	: 	: 	: 	: 	: 	: 	: 	: 	: 	: 	: 	: 	: 	: 	: 	: 	: 	: 	: 	: 	: 	: 	: 	: 	: 	: 
PAS,PAS_BRD_DEP,SK_LZIB_BE_EBBR	: 	: 	: 	: 	: 	: 	: 	: 	: 	5842 	13457 	11134 	7 	: 	1378 	4464 	4466 	4717 	4274 	3954 	4342 	2838 	0 	7 	0 	30440 	: 	: 	: 	: 	: 	: 	: 	: 	: 	: 	: 	: 	: 	: 	: 	: 	: 	: 	: 	: 	: 	: 	: 	: 	: 	: 	: 	: 	: 	: 	: 	: 	: 	: 	: 	: 	: 	: 	: 	: 	: 	: 	: 	: 	: 	: 	: 	: 	: 	: 	: 	: 	: 	: 	: 	: 	: 	: 	: 	: 	: 	: 	: 	: 	: 	: 	: 	: 	: 	: 	: 	: 	: 	: 	: 	: 	: 	: 	: 	: 	: 	: 	: 	: 	: 	: 	: 	: 	: 	: 	: 	: 	: 	: 	: 	: 	: 	: 	: 	: 	: 	: 	: 	: 	: 	: 	: 	: 	: 	: 	: 	: 	: 	: 	: 	: 	: 	: 	: 	: 	: 	: 	: 	: 	: 	: 	: 	: 	: 	: 	: 	: 	: 	: 	: 	: 	: 	: 	: 	: 	: 	: 	: 	: 	: 	: 	: 	: 	: 	: 	: 	: 	: 	4084 	3241 	5183 	4849 	965 	1454 	1665 	1365 	814 	1062 	1738 	1844 	1601 	1589 	1563 	1697 	17357 	: 	: 	: 	: 	: 	: 	: 	: 	: 	: 	: 	: 	: 	: 	: 	: 	: 	: 	: 	: 	: 	: 	: 	: 	: 	: 	: 	: 	: 	: 	: 	: 	: 	: 	: 	: 	: 	: 	: 	: 	: 	: 
PAS,PAS_BRD_DEP,SK_LZIB_BE_EBCI	9162 	6593 	3186 	2975 	3187 	3000 	2461 	1989 	2143 	3626 	: 	950 	9639 	2075 	1551 	: 	: 	: 	: 	: 	: 	950 	2692 	3533 	3414 	14215 	8583 	6345 	5931 	8180 	2668 	3393 	2522 	2106 	2060 	2179 	1980 	1877 	2074 	2824 	2621 	2735 	29039 	8001 	6816 	6597 	6822 	2504 	2960 	2537 	2236 	2318 	2262 	2221 	2205 	2171 	2461 	2149 	2212 	28236 	7938 	9023 	8702 	7003 	2305 	2744 	2889 	3100 	2968 	2955 	2769 	2996 	2937 	2435 	2206 	2362 	32666 	7948 	7960 	8321 	7401 	2438 	2497 	3013 	3083 	2431 	2446 	2723 	2777 	2821 	2284 	2414 	2703 	31630 	8090 	8786 	8497 	8507 	2549 	2669 	2872 	2749 	3061 	2976 	2929 	3015 	2553 	3237 	2578 	2692 	33880 	8274 	8294 	7337 	6824 	2374 	3137 	2763 	2536 	2995 	2763 	2638 	2739 	1960 	2358 	2081 	2385 	30729 	6374 	5622 	5209 	50 	2211 	2189 	1974 	1905 	1947 	1770 	1806 	1584 	1819 	50 	: 	: 	17255 	: 	: 	: 	: 	: 	: 	: 	: 	: 	: 	: 	: 	: 	: 	: 	: 	: 	: 	: 	: 	: 	: 	: 	: 	: 	: 	: 	: 	: 	: 	: 	: 	: 	: 	: 	: 	: 	: 	: 	: 	: 	: 	: 	: 	: 	: 	: 	: 	: 	: 	: 	: 	: 	: 	: 	: 	: 	: 	: 	: 	: 	: 	: 	: 	: 	: 	: 	: 	: 	: 	: 	: 	: 	: 	: 	: 	: 	: 	: 	: 	: 	: 	: 	: 	: 	: 	: 	: 	: 	: 	: 	: 	: 
PAS,PAS_BRD_DEP,SK_LZIB_BG_LBBG	2841 	: 	9630 	2841 	: 	: 	: 	: 	: 	: 	20314 	2663 	: 	: 	: 	: 	700 	9196 	10418 	2663 	: 	: 	: 	: 	: 	22977 	: 	18028 	3173 	: 	: 	: 	: 	503 	8091 	9434 	3173 	: 	: 	: 	: 	: 	21201 	: 	18055 	2913 	: 	: 	: 	: 	554 	8201 	9300 	2913 	: 	: 	: 	: 	: 	20968 	: 	19184 	3769 	: 	: 	: 	: 	546 	8962 	9676 	3769 	: 	: 	: 	: 	: 	22953 	: 	19984 	3432 	: 	: 	: 	: 	590 	9337 	10057 	3432 	: 	: 	: 	: 	: 	23416 	: 	20237 	3386 	: 	: 	: 	: 	703 	9008 	10526 	3386 	: 	: 	: 	: 	: 	23623 	: 	15065 	2287 	: 	: 	: 	: 	212 	7037 	7816 	2287 	: 	: 	: 	: 	: 	17352 	: 	14024 	2959 	: 	: 	: 	: 	376 	6557 	7091 	2959 	: 	: 	: 	: 	: 	16983 	: 	19298 	4126 	: 	: 	: 	: 	1243 	8144 	9911 	4126 	: 	: 	: 	: 	: 	23424 	: 	17341 	3198 	: 	: 	: 	: 	1124 	7651 	8566 	3198 	: 	: 	: 	: 	: 	20539 	: 	14870 	2378 	: 	: 	: 	: 	840 	7113 	6917 	2378 	: 	: 	: 	: 	: 	17248 	: 	: 	: 	: 	: 	: 	: 	: 	: 	: 	: 	: 	: 	: 	: 	: 	: 	: 	: 	: 	: 	: 	: 	: 	: 	: 	: 	: 	: 	: 	: 	: 	: 	: 	: 	: 	: 	: 	: 	: 	: 	: 
PAS,PAS_BRD_DEP,SK_LZIB_BG_LBSF	: 	: 	: 	: 	: 	: 	: 	: 	: 	: 	: 	: 	: 	: 	: 	: 	: 	: 	: 	: 	: 	: 	: 	: 	: 	: 	: 	: 	: 	: 	: 	: 	: 	: 	: 	: 	: 	: 	: 	: 	: 	: 	: 	: 	: 	: 	: 	: 	: 	: 	: 	: 	: 	: 	: 	: 	: 	: 	: 	: 	: 	: 	: 	: 	: 	: 	: 	: 	: 	: 	: 	: 	: 	: 	: 	: 	: 	: 	: 	: 	: 	: 	: 	: 	: 	: 	: 	: 	: 	: 	: 	: 	: 	: 	: 	: 	: 	: 	: 	: 	: 	: 	: 	: 	: 	: 	: 	: 	: 	: 	: 	: 	: 	: 	: 	: 	: 	: 	: 	: 	: 	: 	: 	: 	: 	: 	: 	: 	: 	: 	: 	: 	: 	: 	: 	: 	: 	: 	: 	: 	: 	: 	: 	: 	: 	: 	: 	: 	: 	: 	: 	: 	: 	: 	: 	: 	: 	: 	: 	: 	: 	: 	: 	: 	: 	: 	: 	: 	: 	: 	: 	: 	: 	: 	: 	: 	: 	: 	: 	4281 	5063 	4111 	2834 	1299 	1474 	1508 	1498 	1693 	1872 	1565 	1356 	1190 	1163 	892 	779 	16289 	: 	: 	: 	: 	: 	: 	: 	: 	: 	: 	: 	: 	: 	: 	: 	: 	: 	: 	: 	: 	: 	: 	: 	: 	: 	: 	: 	: 	: 	: 	: 	: 	: 	: 	: 	: 	: 	: 	: 	: 	: 	: 
PAS,PAS_BRD_DEP,SK_LZIB_CZ_LKPR	: 	: 	: 	: 	: 	: 	: 	: 	: 	4352 	2935 	4242 	4033 	1584 	1648 	1120 	1115 	998 	822 	1828 	1310 	1104 	1372 	1504 	1157 	15562 	: 	: 	: 	: 	: 	: 	: 	: 	: 	: 	: 	: 	: 	: 	: 	: 	: 	: 	: 	: 	: 	: 	: 	: 	: 	: 	: 	: 	: 	: 	: 	: 	: 	: 	: 	: 	: 	: 	: 	: 	: 	: 	: 	: 	: 	: 	: 	: 	: 	: 	: 	: 	: 	: 	: 	: 	: 	: 	: 	: 	: 	: 	: 	: 	: 	: 	: 	: 	184 	1610 	4806 	4273 	75 	50 	59 	86 	53 	1471 	1501 	1955 	1350 	1546 	1395 	1332 	10873 	6563 	8262 	8179 	7881 	1637 	1647 	3279 	3131 	2381 	2750 	2854 	3040 	2285 	2956 	2425 	2500 	30885 	9365 	10179 	9515 	8122 	2427 	3189 	3749 	4013 	2939 	3227 	3503 	3009 	3003 	2997 	2516 	2609 	37181 	9153 	10008 	11818 	16233 	2420 	3101 	3632 	3595 	2963 	3450 	4353 	3718 	3747 	5528 	5435 	5270 	47212 	18972 	12031 	12831 	10955 	6306 	7641 	5025 	4472 	3848 	3711 	5014 	4074 	3743 	3893 	3525 	3537 	54789 	11428 	13621 	12382 	9413 	3470 	3855 	4103 	4419 	4548 	4654 	5608 	3620 	3154 	3134 	3117 	3162 	46844 	: 	: 	: 	: 	: 	: 	: 	: 	: 	: 	: 	: 	: 	: 	: 	: 	: 	: 	: 	: 	: 	: 	: 	: 	: 	: 	: 	: 	: 	: 	: 	: 	: 	: 	: 	: 	: 	: 	: 	: 	: 	42507 
PAS,PAS_BRD_DEP,SK_LZIB_DE_EDDB	8575 	7207 	3000 	2842 	2812 	2921 	2434 	2312 	2461 	9525 	14757 	13795 	13419 	2433 	2032 	5060 	4943 	5196 	4618 	4586 	4890 	4319 	4633 	4577 	4209 	51496 	: 	: 	: 	: 	: 	: 	: 	: 	: 	: 	: 	: 	: 	: 	: 	: 	: 	: 	: 	: 	: 	: 	: 	: 	: 	: 	: 	: 	: 	: 	: 	: 	: 	: 	: 	: 	: 	: 	: 	: 	: 	: 	: 	: 	: 	: 	: 	: 	: 	: 	: 	: 	: 	: 	: 	: 	: 	: 	: 	: 	: 	: 	: 	: 	: 	: 	: 	: 	: 	: 	: 	: 	: 	: 	: 	: 	: 	: 	: 	: 	: 	: 	: 	: 	: 	: 	: 	: 	: 	: 	: 	: 	: 	: 	: 	: 	: 	: 	: 	: 	: 	: 	: 	: 	: 	: 	: 	: 	: 	: 	: 	: 	: 	: 	: 	: 	: 	: 	: 	: 	: 	: 	: 	: 	: 	: 	: 	: 	: 	: 	: 	: 	: 	: 	: 	: 	: 	: 	: 	: 	: 	: 	: 	: 	: 	: 	: 	: 	: 	: 	: 	: 	: 	: 	: 	: 	: 	: 	: 	: 	: 	: 	: 	: 	: 	: 	: 	: 	: 	: 	: 	: 	: 	: 	: 	: 	: 	: 	: 	: 	: 	: 	: 	: 	: 	: 	: 	: 	: 	: 	: 	: 	: 	: 	: 	: 	: 	: 	: 	: 	: 	: 	: 	: 	: 	: 	: 	: 	: 	: 	: 	: 
PAS,PAS_BRD_DEP,SK_LZIB_DE_EDDK	: 	: 	: 	: 	: 	: 	: 	: 	: 	: 	: 	: 	: 	: 	: 	: 	: 	: 	: 	: 	: 	: 	: 	: 	: 	: 	: 	: 	: 	: 	: 	: 	: 	: 	: 	: 	: 	: 	: 	: 	: 	: 	: 	: 	: 	: 	: 	: 	: 	: 	: 	: 	: 	: 	: 	: 	: 	: 	: 	: 	: 	: 	: 	: 	: 	: 	: 	: 	: 	: 	: 	: 	: 	: 	: 	: 	: 	: 	: 	: 	: 	: 	: 	: 	: 	: 	: 	: 	: 	: 	: 	: 	: 	: 	: 	: 	: 	: 	: 	: 	: 	: 	: 	: 	: 	: 	: 	: 	: 	: 	: 	: 	: 	: 	: 	: 	: 	: 	: 	: 	: 	: 	: 	: 	: 	: 	: 	: 	: 	: 	: 	: 	: 	: 	: 	: 	: 	: 	: 	: 	: 	: 	: 	: 	: 	: 	: 	: 	: 	: 	: 	: 	: 	: 	: 	: 	: 	: 	: 	: 	: 	: 	: 	: 	: 	: 	: 	: 	: 	: 	: 	: 	: 	: 	: 	: 	: 	: 	: 	2668 	3190 	3064 	2412 	732 	771 	1165 	1000 	1124 	1066 	1042 	1113 	909 	967 	743 	702 	11334 	: 	: 	: 	: 	: 	: 	: 	: 	: 	: 	: 	: 	: 	: 	: 	: 	: 	: 	: 	: 	: 	: 	: 	: 	: 	: 	: 	: 	: 	: 	: 	: 	: 	: 	: 	: 	: 	: 	: 	: 	: 	: 
PAS,PAS_BRD_DEP,SK_LZIB_DE_EDDM	: 	: 	: 	: 	: 	: 	: 	: 	: 	: 	: 	: 	: 	: 	: 	: 	: 	: 	: 	: 	: 	: 	: 	: 	: 	: 	: 	: 	: 	: 	: 	: 	: 	: 	: 	: 	: 	: 	: 	: 	: 	: 	: 	: 	: 	: 	: 	: 	: 	: 	: 	: 	: 	: 	: 	: 	: 	: 	: 	: 	: 	: 	: 	: 	: 	: 	: 	: 	: 	: 	: 	: 	: 	: 	: 	: 	: 	: 	: 	: 	: 	: 	: 	: 	: 	: 	: 	: 	: 	: 	: 	: 	: 	: 	: 	: 	: 	: 	: 	: 	: 	: 	: 	: 	: 	: 	: 	: 	: 	: 	: 	: 	: 	: 	: 	: 	: 	: 	: 	: 	: 	: 	: 	: 	: 	: 	: 	: 	: 	: 	: 	: 	: 	: 	: 	: 	: 	: 	: 	: 	: 	: 	: 	: 	: 	4939 	5792 	6891 	6138 	1072 	1724 	2143 	2040 	1879 	1873 	2369 	2171 	2351 	1990 	1983 	2165 	23760 	7064 	7310 	7757 	6561 	1856 	2390 	2818 	2925 	2007 	2378 	2860 	2666 	2231 	2550 	2068 	1943 	28692 	7342 	7011 	7644 	6180 	1985 	2471 	2886 	2501 	2092 	2418 	2741 	2665 	2238 	2366 	1949 	1865 	28177 	: 	: 	: 	: 	: 	: 	: 	: 	: 	: 	: 	: 	: 	: 	: 	: 	: 	: 	: 	: 	: 	: 	: 	: 	: 	: 	: 	: 	: 	: 	: 	: 	: 	: 	: 	: 	: 	: 	: 	: 	: 	: 
PAS,PAS_BRD_DEP,SK_LZIB_DE_EDFH	: 	: 	: 	: 	: 	: 	: 	: 	: 	: 	: 	: 	: 	: 	: 	: 	: 	: 	: 	: 	: 	: 	: 	: 	: 	: 	: 	: 	: 	: 	: 	: 	: 	: 	: 	: 	: 	: 	: 	: 	: 	: 	: 	: 	: 	: 	: 	: 	: 	: 	: 	: 	: 	: 	: 	: 	: 	: 	: 	: 	: 	: 	: 	: 	: 	: 	: 	: 	: 	: 	: 	: 	: 	: 	: 	: 	: 	: 	: 	: 	: 	: 	: 	: 	: 	: 	: 	: 	: 	: 	: 	: 	: 	: 	: 	: 	: 	: 	: 	: 	: 	: 	: 	: 	: 	: 	: 	: 	: 	: 	: 	: 	: 	: 	: 	: 	: 	: 	: 	: 	: 	: 	: 	: 	: 	: 	: 	: 	4336 	5764 	5350 	6055 	1223 	1271 	1842 	1745 	2049 	1970 	1915 	1697 	1738 	2121 	2007 	1927 	21505 	7839 	12839 	11253 	8650 	1968 	2056 	3815 	3784 	4539 	4516 	4090 	3925 	3238 	3129 	2886 	2635 	40581 	9354 	12582 	12749 	10659 	2726 	2473 	4155 	3869 	4413 	4300 	4293 	4059 	4397 	3747 	3326 	3586 	45344 	11660 	12928 	12290 	9042 	3642 	3492 	4526 	4038 	4636 	4254 	4386 	3850 	4054 	3051 	2687 	3304 	45920 	: 	: 	: 	: 	: 	: 	: 	: 	: 	: 	: 	: 	: 	: 	: 	: 	: 	: 	: 	: 	: 	: 	: 	: 	: 	: 	: 	: 	: 	: 	: 	: 	: 	: 	: 	: 	: 	: 	: 	: 	: 	: 
PAS,PAS_BRD_DEP,SK_LZIB_DK_EKCH	: 	: 	: 	: 	: 	: 	: 	: 	: 	: 	: 	: 	: 	: 	: 	: 	: 	: 	: 	: 	: 	: 	: 	: 	: 	: 	: 	: 	: 	: 	: 	: 	: 	: 	: 	: 	: 	: 	: 	: 	: 	: 	: 	: 	: 	: 	: 	: 	: 	: 	: 	: 	: 	: 	: 	: 	: 	: 	: 	: 	: 	: 	: 	: 	: 	: 	: 	: 	: 	: 	: 	: 	: 	: 	: 	: 	: 	: 	: 	: 	: 	: 	: 	: 	: 	: 	: 	: 	: 	: 	: 	: 	: 	: 	: 	: 	: 	: 	: 	: 	: 	: 	: 	: 	: 	: 	: 	: 	: 	: 	: 	: 	: 	: 	: 	: 	: 	: 	: 	: 	: 	: 	: 	: 	: 	: 	: 	: 	: 	: 	: 	: 	: 	: 	: 	: 	: 	: 	: 	: 	: 	: 	: 	: 	: 	: 	: 	: 	: 	: 	: 	: 	: 	: 	: 	: 	: 	: 	: 	: 	: 	: 	: 	: 	: 	: 	: 	: 	: 	: 	: 	: 	: 	: 	: 	: 	: 	: 	: 	2591 	2856 	2446 	2343 	741 	875 	975 	765 	1032 	1059 	881 	732 	833 	879 	757 	707 	10236 	: 	: 	: 	: 	: 	: 	: 	: 	: 	: 	: 	: 	: 	: 	: 	: 	: 	: 	: 	: 	: 	: 	: 	: 	: 	: 	: 	: 	: 	: 	: 	: 	: 	: 	: 	: 	: 	: 	: 	: 	: 	: 
PAS,PAS_BRD_DEP,SK_LZIB_EG_HEGN	6270 	1597 	5301 	3254 	2351 	665 	742 	545 	310 	2499 	11024 	1298 	: 	640 	581 	1278 	3365 	3836 	3823 	1298 	: 	: 	: 	: 	: 	14821 	1392 	10207 	5656 	502 	: 	: 	1392 	2437 	3666 	4104 	2862 	1612 	1182 	315 	: 	187 	17757 	2425 	10378 	4628 	: 	293 	397 	1735 	2629 	3737 	4012 	3051 	1222 	355 	: 	: 	: 	17431 	706 	5537 	6438 	184 	: 	268 	438 	398 	1416 	3723 	3873 	1769 	796 	184 	: 	: 	12865 	1989 	11081 	7297 	350 	: 	504 	1485 	3052 	3639 	4390 	3859 	2233 	1205 	333 	: 	17 	20717 	4110 	16599 	8011 	878 	289 	804 	3017 	4589 	5898 	6112 	4509 	2171 	1331 	525 	4 	349 	29598 	5772 	20225 	10659 	2271 	940 	1559 	3273 	5738 	7038 	7449 	5971 	3418 	1270 	945 	600 	726 	38927 	5244 	17714 	11048 	2424 	915 	1101 	3228 	5090 	6209 	6415 	5741 	3470 	1837 	1228 	798 	398 	36430 	5857 	22743 	14658 	4292 	1068 	1279 	3510 	6481 	7691 	8571 	7410 	4465 	2783 	2094 	1447 	751 	47550 	6017 	19544 	11982 	2133 	998 	1447 	3572 	5549 	6718 	7277 	5905 	3807 	2270 	1154 	519 	460 	39676 	3613 	11927 	8819 	2119 	758 	779 	2076 	3421 	4331 	4175 	3835 	3105 	1879 	1219 	504 	396 	26478 	: 	: 	: 	: 	: 	: 	: 	: 	: 	: 	: 	: 	: 	: 	: 	: 	: 	: 	: 	: 	: 	: 	: 	: 	: 	: 	: 	: 	: 	: 	: 	: 	: 	: 	: 	: 	: 	: 	: 	: 	: 	: 
PAS,PAS_BRD_DEP,SK_LZIB_EL_LGAV	4666 	4429 	1657 	1438 	1616 	1612 	1435 	1428 	1566 	5645 	6850 	6645 	6574 	2029 	1502 	2114 	2222 	2267 	2361 	2324 	2245 	2076 	2263 	2022 	2289 	25714 	6348 	7358 	6700 	168 	2369 	1845 	2134 	1846 	2719 	2793 	2551 	2063 	2086 	: 	: 	168 	20574 	: 	: 	: 	: 	: 	: 	: 	: 	: 	: 	: 	: 	: 	: 	: 	: 	: 	: 	: 	: 	: 	: 	: 	: 	: 	: 	: 	: 	: 	: 	: 	: 	: 	: 	: 	: 	: 	: 	: 	: 	: 	: 	: 	: 	: 	: 	: 	: 	: 	: 	: 	: 	: 	: 	: 	: 	: 	: 	: 	: 	: 	: 	: 	: 	: 	: 	: 	: 	: 	: 	: 	: 	: 	: 	: 	: 	: 	: 	: 	: 	: 	: 	: 	: 	: 	: 	: 	: 	: 	: 	: 	: 	: 	: 	: 	: 	: 	: 	: 	: 	: 	: 	: 	: 	: 	: 	: 	: 	: 	: 	: 	: 	: 	: 	: 	: 	: 	: 	: 	: 	: 	: 	: 	: 	: 	: 	: 	: 	: 	: 	: 	: 	: 	: 	: 	: 	: 	: 	: 	: 	: 	: 	: 	: 	: 	: 	: 	: 	: 	: 	: 	: 	: 	: 	: 	: 	: 	: 	: 	: 	: 	: 	: 	: 	: 	: 	: 	: 	: 	: 	: 	: 	: 	: 	: 	: 	: 	: 	: 	: 	: 	: 	: 	: 	: 	: 	: 	: 	: 	: 	: 	: 	: 	: 	: 
PAS,PAS_BRD_DEP,SK_LZIB_EL_LGIR	: 	: 	: 	: 	: 	: 	: 	: 	: 	4 	16247 	3678 	: 	: 	: 	4 	3245 	6221 	6781 	3678 	: 	: 	: 	: 	: 	19929 	: 	12143 	2804 	: 	: 	: 	: 	2646 	4909 	4588 	2628 	176 	: 	: 	: 	: 	14947 	367 	10179 	2220 	177 	280 	: 	87 	2210 	4045 	3924 	2220 	: 	: 	177 	: 	: 	12943 	: 	7812 	2145 	: 	: 	: 	: 	1417 	3205 	3190 	2145 	: 	: 	: 	: 	: 	9957 	: 	: 	: 	: 	: 	: 	: 	: 	: 	: 	: 	: 	: 	: 	: 	: 	: 	: 	7891 	2230 	: 	: 	: 	: 	1740 	2904 	3247 	2230 	: 	: 	: 	: 	: 	10121 	: 	7832 	2341 	3 	: 	: 	: 	1578 	2808 	3446 	2341 	: 	: 	3 	: 	: 	10176 	: 	: 	: 	: 	: 	: 	: 	: 	: 	: 	: 	: 	: 	: 	: 	: 	: 	140 	10958 	3257 	: 	: 	96 	44 	2440 	4217 	4301 	3201 	52 	4 	: 	: 	: 	14355 	0 	7858 	2539 	: 	: 	: 	0 	1354 	3297 	3207 	2426 	113 	: 	: 	: 	: 	10397 	178 	11034 	3072 	: 	149 	: 	29 	2029 	4242 	4763 	2818 	254 	: 	: 	: 	: 	14284 	: 	: 	: 	: 	: 	: 	: 	: 	: 	: 	: 	: 	: 	: 	: 	: 	: 	: 	: 	: 	: 	: 	: 	: 	: 	: 	: 	: 	: 	: 	: 	: 	: 	: 	: 	: 	: 	: 	: 	: 	: 	: 
PAS,PAS_BRD_DEP,SK_LZIB_EL_LGKR	: 	: 	: 	: 	: 	: 	: 	: 	: 	473 	8995 	2833 	: 	: 	: 	473 	2092 	3526 	3377 	2024 	637 	172 	: 	: 	: 	12301 	: 	: 	: 	: 	: 	: 	: 	: 	: 	: 	: 	: 	: 	: 	: 	: 	: 	: 	: 	: 	: 	: 	: 	: 	: 	: 	: 	: 	: 	: 	: 	: 	: 	: 	: 	: 	: 	: 	: 	: 	: 	: 	: 	: 	: 	: 	: 	: 	: 	: 	: 	: 	: 	: 	: 	: 	: 	: 	: 	: 	: 	: 	: 	: 	: 	: 	: 	: 	: 	: 	: 	: 	: 	: 	: 	: 	: 	: 	: 	: 	: 	: 	: 	: 	: 	: 	: 	: 	: 	: 	: 	: 	: 	: 	: 	: 	: 	: 	: 	: 	: 	: 	: 	: 	: 	: 	: 	: 	: 	: 	: 	: 	: 	: 	: 	: 	: 	: 	: 	: 	: 	: 	: 	: 	: 	: 	: 	: 	: 	: 	: 	: 	: 	: 	: 	: 	: 	: 	: 	: 	: 	: 	: 	: 	: 	: 	: 	: 	: 	: 	: 	: 	: 	: 	: 	: 	: 	: 	: 	: 	: 	: 	: 	: 	: 	: 	: 	: 	: 	: 	: 	: 	: 	: 	: 	: 	: 	: 	: 	: 	: 	: 	: 	: 	: 	: 	: 	: 	: 	: 	: 	: 	: 	: 	: 	: 	: 	: 	: 	: 	: 	: 	: 	: 	: 	: 	: 	: 	: 	: 	: 	: 
PAS,PAS_BRD_DEP,SK_LZIB_EL_LGRP	: 	: 	: 	: 	: 	: 	: 	: 	: 	: 	14255 	3068 	: 	: 	: 	: 	3188 	5529 	5538 	3068 	: 	: 	: 	: 	: 	17323 	: 	14137 	3900 	: 	: 	: 	: 	2921 	5562 	5654 	3900 	: 	: 	: 	: 	: 	18037 	12 	14133 	3523 	: 	: 	: 	12 	3259 	5264 	5610 	3523 	: 	: 	: 	: 	: 	17668 	: 	9450 	2945 	: 	: 	: 	: 	2074 	3524 	3852 	2945 	: 	: 	: 	: 	: 	12395 	14 	10136 	2219 	: 	: 	: 	14 	2377 	3625 	4134 	2219 	: 	: 	: 	: 	: 	12369 	: 	11390 	3705 	: 	: 	: 	: 	2432 	4136 	4822 	3577 	128 	: 	: 	: 	: 	15095 	: 	10481 	2691 	: 	: 	: 	: 	2423 	4137 	3921 	2691 	: 	: 	: 	: 	: 	13172 	: 	11293 	3472 	: 	: 	: 	: 	2419 	4408 	4466 	3472 	: 	: 	: 	: 	: 	14765 	0 	12424 	3794 	: 	: 	: 	0 	2810 	4516 	5098 	3613 	181 	: 	: 	: 	: 	16218 	24 	14490 	4507 	: 	: 	: 	24 	3189 	5326 	5975 	4507 	: 	: 	: 	: 	: 	19021 	217 	16559 	4921 	: 	: 	: 	217 	3782 	6051 	6726 	4818 	103 	: 	: 	: 	: 	21697 	: 	: 	: 	: 	: 	: 	: 	: 	: 	: 	: 	: 	: 	: 	: 	: 	: 	: 	: 	: 	: 	: 	: 	: 	: 	: 	: 	: 	: 	: 	: 	: 	: 	: 	: 	: 	: 	: 	: 	: 	: 	: 
PAS,PAS_BRD_DEP,SK_LZIB_ES_GCLP	: 	: 	: 	: 	: 	: 	: 	: 	: 	: 	: 	: 	: 	: 	: 	: 	: 	: 	: 	: 	: 	: 	: 	: 	: 	: 	: 	: 	: 	: 	: 	: 	: 	: 	: 	: 	: 	: 	: 	: 	: 	: 	: 	: 	: 	: 	: 	: 	: 	: 	: 	: 	: 	: 	: 	: 	: 	: 	: 	: 	: 	: 	: 	: 	: 	: 	: 	: 	: 	: 	: 	: 	: 	: 	: 	: 	: 	: 	: 	: 	: 	: 	: 	: 	: 	: 	: 	: 	: 	: 	: 	: 	: 	: 	4317 	6074 	4496 	1931 	1458 	1287 	1572 	1863 	2042 	2169 	1573 	1465 	1458 	1277 	654 	: 	16818 	: 	: 	: 	: 	: 	: 	: 	: 	: 	: 	: 	: 	: 	: 	: 	: 	: 	: 	: 	: 	: 	: 	: 	: 	: 	: 	: 	: 	: 	: 	: 	: 	: 	: 	: 	: 	: 	: 	: 	: 	: 	: 	: 	: 	: 	: 	: 	: 	: 	: 	: 	: 	: 	: 	: 	: 	: 	: 	: 	: 	: 	: 	: 	: 	: 	: 	: 	: 	: 	: 	: 	: 	: 	: 	: 	: 	: 	: 	: 	: 	: 	: 	: 	: 	: 	: 	: 	: 	: 	: 	: 	: 	: 	: 	: 	: 	: 	: 	: 	: 	: 	: 	: 	: 	: 	: 	: 	: 	: 	: 	: 	: 	: 	: 	: 	: 	: 	: 	: 	: 	: 	: 	: 	: 	: 	: 	: 
PAS,PAS_BRD_DEP,SK_LZIB_ES_LEAL	: 	: 	: 	: 	: 	: 	: 	: 	: 	: 	: 	: 	: 	: 	: 	: 	: 	: 	: 	: 	: 	: 	: 	: 	: 	: 	: 	: 	: 	: 	: 	: 	: 	: 	: 	: 	: 	: 	: 	: 	: 	: 	: 	: 	: 	: 	: 	: 	: 	: 	: 	: 	: 	: 	: 	: 	: 	: 	: 	: 	: 	: 	: 	: 	: 	: 	: 	: 	: 	: 	: 	: 	: 	: 	: 	: 	: 	: 	: 	: 	: 	: 	: 	: 	: 	: 	: 	: 	: 	: 	: 	: 	: 	: 	1857 	6851 	6320 	4048 	: 	: 	1857 	2179 	2319 	2353 	2258 	2188 	1874 	1771 	1187 	1090 	19076 	3342 	4761 	4286 	3584 	866 	1201 	1275 	1550 	1580 	1631 	1441 	1497 	1348 	1359 	1073 	1152 	15973 	3479 	5196 	1262 	: 	976 	1200 	1303 	1358 	2274 	1564 	1262 	: 	: 	: 	: 	: 	9937 	: 	: 	: 	: 	: 	: 	: 	: 	: 	: 	: 	: 	: 	: 	: 	: 	: 	: 	: 	: 	: 	: 	: 	: 	: 	: 	: 	: 	: 	: 	: 	: 	: 	: 	: 	: 	: 	: 	: 	: 	: 	: 	: 	: 	: 	: 	: 	: 	: 	: 	: 	: 	: 	: 	: 	: 	: 	: 	: 	: 	: 	: 	: 	: 	: 	: 	: 	: 	: 	: 	: 	: 	: 	: 	: 	: 	: 	: 	: 	: 	: 	: 	: 	: 	: 	: 	: 	: 	: 	: 	: 	: 	: 
PAS,PAS_BRD_DEP,SK_LZIB_ES_LEBL	: 	: 	: 	: 	: 	: 	: 	: 	: 	: 	: 	: 	: 	: 	: 	: 	: 	: 	: 	: 	: 	: 	: 	: 	: 	: 	: 	: 	: 	: 	: 	: 	: 	: 	: 	: 	: 	: 	: 	: 	: 	: 	: 	: 	: 	: 	: 	: 	: 	: 	: 	: 	: 	: 	: 	: 	: 	: 	: 	: 	: 	: 	: 	: 	: 	: 	: 	: 	: 	: 	: 	: 	: 	: 	: 	: 	: 	: 	: 	: 	: 	: 	: 	: 	: 	: 	: 	: 	: 	: 	: 	: 	: 	: 	: 	: 	: 	: 	: 	: 	: 	: 	: 	: 	: 	: 	: 	: 	: 	: 	: 	: 	: 	: 	: 	: 	: 	: 	: 	: 	: 	: 	: 	: 	: 	: 	: 	: 	: 	: 	: 	: 	: 	: 	: 	: 	: 	: 	: 	: 	: 	: 	: 	: 	: 	: 	: 	: 	: 	: 	: 	: 	: 	: 	: 	: 	: 	: 	: 	: 	: 	: 	1931 	5957 	4742 	2932 	101 	234 	1596 	1985 	1952 	2020 	2050 	1518 	1174 	1135 	895 	902 	15562 	2874 	7047 	4987 	2488 	800 	709 	1365 	2233 	2420 	2394 	2193 	1430 	1364 	868 	738 	882 	17396 	: 	: 	: 	: 	: 	: 	: 	: 	: 	: 	: 	: 	: 	: 	: 	: 	: 	: 	: 	: 	: 	: 	: 	: 	: 	: 	: 	: 	: 	: 	: 	: 	: 	: 	: 	: 	: 	: 	: 	: 	: 	: 
PAS,PAS_BRD_DEP,SK_LZIB_ES_LEGE	4756 	4603 	2560 	1647 	1649 	1460 	1612 	1433 	1558 	4436 	6446 	4488 	4194 	1548 	1336 	1552 	1578 	3234 	1634 	1401 	1545 	1542 	1157 	1510 	1527 	19564 	4203 	6224 	4586 	4132 	1171 	1455 	1577 	1456 	3118 	1650 	1599 	1568 	1419 	1539 	1344 	1249 	19145 	4237 	6145 	4333 	: 	1470 	1270 	1497 	1380 	2466 	2299 	1546 	1341 	1446 	: 	: 	: 	14715 	1612 	4586 	4139 	804 	: 	142 	1470 	1578 	1411 	1597 	1525 	1481 	1133 	804 	: 	: 	11141 	1420 	4904 	4255 	262 	: 	: 	1420 	1769 	1558 	1577 	1383 	1362 	1510 	262 	: 	: 	10841 	1301 	4532 	4487 	2090 	: 	: 	1301 	1503 	1414 	1615 	1593 	1549 	1345 	2090 	: 	0 	12410 	1811 	6761 	5702 	4959 	0 	: 	1811 	2042 	2428 	2291 	2256 	1887 	1559 	1948 	1513 	1498 	19233 	4408 	4505 	4435 	87 	1516 	1414 	1478 	1438 	1534 	1533 	1351 	1555 	1529 	87 	: 	: 	13435 	1944 	9238 	7800 	6301 	: 	: 	1944 	2694 	3255 	3289 	3066 	2476 	2258 	2451 	2182 	1668 	25283 	: 	: 	: 	: 	: 	: 	: 	: 	: 	: 	: 	: 	: 	: 	: 	: 	: 	: 	: 	: 	: 	: 	: 	: 	: 	: 	: 	: 	: 	: 	: 	: 	: 	: 	: 	: 	: 	: 	: 	: 	: 	: 	: 	: 	: 	: 	: 	: 	: 	: 	: 	: 	: 	: 	: 	: 	: 	: 	: 	: 	: 	: 	: 	: 	: 	: 	: 	: 	: 	: 	: 	: 	: 	: 	: 	: 
PAS,PAS_BRD_DEP,SK_LZIB_ES_LEMD	4851 	5079 	1553 	1625 	1603 	1623 	1574 	1795 	1710 	5585 	7013 	6772 	6661 	1941 	1409 	2235 	2272 	2536 	2205 	2255 	2275 	2242 	2143 	2247 	2271 	26031 	6921 	6973 	6438 	174 	2407 	2264 	2250 	2258 	2280 	2435 	2059 	2157 	2222 	174 	: 	: 	20506 	: 	: 	: 	: 	: 	: 	: 	: 	: 	: 	: 	: 	: 	: 	: 	: 	: 	: 	: 	: 	: 	: 	: 	: 	: 	: 	: 	: 	: 	: 	: 	: 	: 	: 	: 	: 	: 	: 	: 	: 	: 	: 	: 	: 	: 	: 	: 	: 	: 	: 	: 	: 	: 	: 	: 	: 	: 	: 	: 	: 	: 	: 	: 	: 	: 	: 	: 	: 	: 	: 	: 	: 	: 	: 	: 	: 	: 	: 	: 	: 	: 	: 	: 	: 	: 	: 	: 	: 	: 	: 	: 	: 	: 	: 	: 	: 	: 	: 	: 	: 	: 	: 	: 	: 	: 	: 	: 	: 	: 	: 	: 	: 	: 	: 	: 	: 	: 	: 	: 	: 	: 	: 	: 	: 	: 	: 	: 	: 	: 	: 	: 	: 	: 	: 	: 	: 	: 	: 	: 	: 	: 	: 	: 	: 	: 	: 	: 	: 	: 	: 	: 	: 	: 	: 	: 	: 	: 	: 	: 	: 	: 	: 	: 	: 	: 	: 	: 	: 	: 	: 	: 	: 	: 	: 	: 	: 	: 	: 	: 	: 	: 	: 	: 	: 	: 	: 	: 	: 	: 	: 	: 	: 	: 	: 	: 
PAS,PAS_BRD_DEP,SK_LZIB_ES_LEMG	: 	: 	: 	: 	: 	: 	: 	: 	: 	1392 	6714 	5099 	726 	: 	: 	1392 	1944 	2383 	2387 	1954 	1560 	1585 	724 	2 	: 	13931 	1694 	6724 	4912 	183 	: 	162 	1532 	1811 	2341 	2572 	1963 	1575 	1374 	179 	4 	: 	13513 	1628 	6840 	4887 	2 	: 	123 	1505 	1810 	2512 	2518 	1945 	1388 	1554 	2 	0 	: 	13357 	1674 	6600 	4796 	372 	: 	147 	1527 	2004 	2090 	2506 	2008 	1574 	1214 	372 	: 	: 	13442 	1408 	10110 	7410 	434 	: 	: 	1408 	3124 	3619 	3367 	3386 	2033 	1991 	434 	: 	: 	19362 	1284 	5759 	4842 	3971 	: 	: 	1284 	1422 	2139 	2198 	1930 	1553 	1359 	1517 	1209 	1245 	15856 	: 	: 	: 	: 	: 	: 	: 	: 	: 	: 	: 	: 	: 	: 	: 	: 	: 	: 	: 	: 	: 	: 	: 	: 	: 	: 	: 	: 	: 	: 	: 	: 	: 	: 	: 	: 	: 	: 	: 	: 	: 	: 	: 	: 	: 	: 	: 	: 	: 	: 	: 	: 	: 	: 	: 	: 	: 	: 	: 	: 	: 	: 	: 	: 	: 	: 	: 	: 	: 	: 	: 	: 	: 	: 	: 	: 	: 	: 	: 	: 	: 	: 	: 	: 	: 	: 	: 	: 	: 	: 	: 	: 	: 	: 	: 	: 	: 	: 	: 	: 	: 	: 	: 	: 	: 	: 	: 	: 	: 	: 	: 	: 	: 	: 	: 	: 	: 	: 	: 	: 	: 	: 	: 	: 	: 	: 	: 
PAS,PAS_BRD_DEP,SK_LZIB_ES_LEPA	: 	: 	: 	: 	: 	: 	: 	: 	: 	1419 	10601 	5880 	: 	: 	: 	1419 	2581 	3909 	4111 	2810 	1531 	1539 	: 	: 	: 	17900 	1419 	8752 	5577 	186 	: 	99 	1320 	2181 	3265 	3306 	2591 	1604 	1382 	186 	: 	: 	15934 	768 	8752 	4445 	: 	: 	62 	706 	2267 	3049 	3436 	2241 	1536 	668 	: 	: 	: 	13965 	1499 	11858 	5813 	357 	: 	158 	1341 	2857 	4387 	4614 	3034 	1313 	1466 	353 	4 	: 	19527 	946 	11123 	5732 	325 	: 	: 	946 	2521 	4795 	3807 	3210 	1284 	1238 	325 	: 	: 	18126 	2068 	15368 	9782 	241 	: 	: 	2068 	3613 	5709 	6046 	4815 	2503 	2464 	241 	: 	: 	27459 	1988 	12643 	5795 	: 	: 	: 	1988 	2979 	4431 	5233 	3857 	1938 	: 	: 	: 	: 	20426 	: 	: 	: 	: 	: 	: 	: 	: 	: 	: 	: 	: 	: 	: 	: 	: 	: 	: 	: 	: 	: 	: 	: 	: 	: 	: 	: 	: 	: 	: 	: 	: 	: 	: 	: 	: 	: 	: 	: 	: 	: 	: 	: 	: 	: 	: 	: 	: 	: 	: 	: 	: 	: 	: 	: 	: 	: 	: 	: 	: 	: 	: 	: 	: 	: 	: 	: 	: 	: 	: 	: 	: 	: 	: 	: 	: 	: 	: 	: 	: 	: 	: 	: 	: 	: 	: 	: 	: 	: 	: 	: 	: 	: 	: 	: 	: 	: 	: 	: 	: 	: 	: 	: 	: 	: 	: 	: 	: 	: 	: 
PAS,PAS_BRD_DEP,SK_LZIB_FR_LFMN	: 	: 	: 	: 	: 	: 	: 	: 	: 	: 	: 	: 	: 	: 	: 	: 	: 	: 	: 	: 	: 	: 	: 	: 	: 	: 	: 	: 	: 	: 	: 	: 	: 	: 	: 	: 	: 	: 	: 	: 	: 	: 	: 	: 	: 	: 	: 	: 	: 	: 	: 	: 	: 	: 	: 	: 	: 	: 	: 	: 	: 	: 	: 	: 	: 	: 	: 	: 	: 	: 	: 	: 	: 	: 	: 	: 	: 	: 	: 	: 	: 	: 	: 	: 	: 	: 	: 	: 	: 	: 	: 	: 	: 	: 	: 	: 	: 	: 	: 	: 	: 	: 	: 	: 	: 	: 	: 	: 	: 	: 	: 	: 	: 	: 	: 	: 	: 	: 	: 	: 	: 	: 	: 	: 	: 	: 	: 	: 	: 	: 	: 	: 	: 	: 	: 	: 	: 	: 	: 	: 	: 	: 	: 	: 	: 	: 	: 	: 	: 	: 	: 	: 	: 	: 	: 	: 	: 	: 	: 	: 	: 	: 	: 	: 	: 	: 	: 	: 	: 	: 	: 	: 	: 	: 	: 	: 	: 	: 	: 	1199 	4872 	4663 	2652 	: 	: 	1199 	1560 	1555 	1757 	1652 	1602 	1409 	1156 	687 	809 	13386 	: 	: 	: 	: 	: 	: 	: 	: 	: 	: 	: 	: 	: 	: 	: 	: 	: 	: 	: 	: 	: 	: 	: 	: 	: 	: 	: 	: 	: 	: 	: 	: 	: 	: 	: 	: 	: 	: 	: 	: 	: 	: 
PAS,PAS_BRD_DEP,SK_LZIB_FR_LFOB	: 	: 	: 	: 	: 	: 	: 	: 	: 	2455 	6049 	5319 	: 	: 	499 	1956 	1904 	2281 	1864 	1483 	1856 	1980 	: 	: 	: 	13823 	2451 	6650 	6363 	162 	: 	157 	2294 	2251 	2301 	2098 	2175 	2237 	1951 	162 	: 	: 	15626 	1109 	6643 	5898 	1 	: 	: 	1109 	2051 	2442 	2150 	1657 	2188 	2053 	1 	: 	: 	13651 	1697 	6508 	6141 	143 	: 	: 	1697 	2166 	2252 	2090 	2032 	2321 	1788 	143 	: 	: 	14489 	2096 	8112 	8107 	4653 	: 	: 	2096 	2270 	3031 	2811 	2689 	2699 	2719 	1507 	1514 	1632 	22968 	5740 	8180 	8362 	5152 	1685 	1583 	2472 	2469 	2950 	2761 	2762 	2864 	2736 	2025 	1579 	1548 	27434 	6048 	7851 	7481 	7095 	1829 	1824 	2395 	2413 	2899 	2539 	2727 	2855 	1899 	2732 	1995 	2368 	28475 	: 	: 	: 	: 	: 	: 	: 	: 	: 	: 	: 	: 	: 	: 	: 	: 	: 	: 	: 	: 	: 	: 	: 	: 	: 	: 	: 	: 	: 	: 	: 	: 	: 	: 	: 	: 	: 	: 	: 	: 	: 	: 	: 	: 	: 	: 	: 	: 	: 	: 	: 	: 	: 	: 	: 	: 	: 	: 	: 	: 	: 	: 	: 	: 	: 	: 	: 	: 	: 	: 	: 	: 	: 	: 	: 	: 	: 	: 	: 	: 	: 	: 	: 	: 	: 	: 	: 	: 	: 	: 	: 	: 	: 	: 	: 	: 	: 	: 	: 	: 	: 	: 	: 	: 	: 	: 	: 	: 	: 	: 
PAS,PAS_BRD_DEP,SK_LZIB_FR_LFPO	: 	: 	: 	: 	: 	: 	: 	: 	: 	: 	: 	: 	: 	: 	: 	: 	: 	: 	: 	: 	: 	: 	: 	: 	: 	: 	: 	: 	: 	: 	: 	: 	: 	: 	: 	: 	: 	: 	: 	: 	: 	: 	: 	: 	: 	: 	: 	: 	: 	: 	: 	: 	: 	: 	: 	: 	: 	: 	: 	: 	: 	: 	: 	: 	: 	: 	: 	: 	: 	: 	: 	: 	: 	: 	: 	: 	: 	: 	: 	: 	: 	: 	: 	: 	: 	: 	: 	: 	: 	: 	: 	: 	: 	: 	: 	: 	: 	: 	: 	: 	: 	: 	: 	: 	: 	: 	: 	: 	: 	: 	: 	: 	: 	: 	: 	: 	: 	: 	: 	: 	: 	: 	: 	: 	: 	: 	: 	: 	: 	6838 	13580 	10933 	: 	: 	: 	: 	3993 	2845 	3307 	5174 	5099 	3919 	3444 	3570 	31351 	13520 	10519 	16781 	13951 	4195 	4593 	4732 	3930 	3189 	3400 	4263 	6566 	5952 	5548 	4105 	4298 	54771 	13306 	9253 	13409 	12060 	4028 	4697 	4581 	3264 	3000 	2989 	3806 	4990 	4613 	5112 	3817 	3131 	48028 	12311 	10161 	14361 	11549 	3463 	4149 	4699 	4192 	2995 	2974 	4406 	5424 	4531 	4448 	3615 	3486 	48382 	: 	: 	: 	: 	: 	: 	: 	: 	: 	: 	: 	: 	: 	: 	: 	: 	: 	: 	: 	: 	: 	: 	: 	: 	: 	: 	: 	: 	: 	: 	: 	: 	: 	: 	: 	: 	: 	: 	: 	: 	: 	: 
PAS,PAS_BRD_DEP,SK_LZIB_FR_LFSB	: 	: 	: 	: 	: 	: 	: 	: 	: 	: 	: 	: 	: 	: 	: 	: 	: 	: 	: 	: 	: 	: 	: 	: 	: 	: 	: 	: 	: 	: 	: 	: 	: 	: 	: 	: 	: 	: 	: 	: 	: 	: 	: 	: 	: 	: 	: 	: 	: 	: 	: 	: 	: 	: 	: 	: 	: 	: 	: 	: 	: 	: 	: 	: 	: 	: 	: 	: 	: 	: 	: 	: 	: 	: 	: 	: 	: 	: 	: 	: 	: 	: 	: 	: 	: 	: 	: 	: 	: 	: 	: 	: 	: 	: 	: 	: 	: 	: 	: 	: 	: 	: 	: 	: 	: 	: 	: 	: 	: 	: 	: 	: 	: 	: 	: 	: 	: 	: 	: 	: 	: 	: 	: 	: 	: 	: 	: 	: 	: 	: 	: 	: 	: 	: 	: 	: 	: 	: 	: 	: 	: 	: 	: 	: 	: 	: 	: 	: 	: 	: 	: 	: 	: 	: 	: 	: 	: 	: 	: 	: 	: 	: 	1345 	5528 	4302 	4330 	: 	: 	1345 	1609 	2029 	1890 	1467 	1387 	1448 	1593 	1431 	1306 	15505 	4268 	4916 	4626 	3541 	1204 	1331 	1733 	1560 	1660 	1696 	1630 	1475 	1521 	1370 	978 	1193 	17351 	: 	: 	: 	: 	: 	: 	: 	: 	: 	: 	: 	: 	: 	: 	: 	: 	: 	: 	: 	: 	: 	: 	: 	: 	: 	: 	: 	: 	: 	: 	: 	: 	: 	: 	: 	: 	: 	: 	: 	: 	: 	: 
PAS,PAS_BRD_DEP,SK_LZIB_IE_EICK	: 	: 	: 	: 	: 	: 	: 	: 	: 	: 	: 	: 	: 	: 	: 	: 	: 	: 	: 	: 	: 	: 	: 	: 	: 	: 	: 	: 	: 	: 	: 	: 	: 	: 	: 	: 	: 	: 	: 	: 	: 	: 	: 	: 	: 	: 	: 	: 	: 	: 	: 	: 	: 	: 	: 	: 	: 	: 	: 	: 	: 	: 	: 	: 	: 	: 	: 	: 	: 	: 	: 	: 	: 	: 	: 	: 	: 	: 	: 	: 	: 	: 	: 	: 	: 	: 	: 	: 	: 	: 	: 	: 	: 	: 	: 	: 	: 	: 	: 	: 	: 	: 	: 	: 	: 	: 	: 	: 	: 	: 	: 	: 	: 	: 	: 	: 	: 	: 	: 	: 	: 	: 	: 	: 	: 	: 	: 	: 	: 	: 	: 	: 	: 	: 	: 	: 	: 	: 	: 	: 	: 	: 	: 	: 	: 	767 	4758 	4332 	4318 	: 	: 	767 	1432 	1681 	1645 	1437 	1502 	1393 	1518 	1297 	1503 	14175 	: 	: 	: 	: 	: 	: 	: 	: 	: 	: 	: 	: 	: 	: 	: 	: 	: 	: 	: 	: 	: 	: 	: 	: 	: 	: 	: 	: 	: 	: 	: 	: 	: 	: 	: 	: 	: 	: 	: 	: 	: 	: 	: 	: 	: 	: 	: 	: 	: 	: 	: 	: 	: 	: 	: 	: 	: 	: 	: 	: 	: 	: 	: 	: 	: 	: 	: 	: 	: 	: 	: 	: 	: 	: 	: 	: 
PAS,PAS_BRD_DEP,SK_LZIB_IE_EIDW	15612 	15898 	5521 	5178 	5270 	5164 	5527 	4902 	5469 	17200 	17115 	16066 	15983 	5231 	6429 	5540 	5991 	5728 	5396 	5112 	5576 	5378 	5536 	5069 	5378 	66364 	15538 	16922 	15592 	15442 	4754 	5308 	5476 	5376 	5900 	5646 	5095 	5224 	5273 	5415 	4831 	5196 	63494 	14157 	13587 	11206 	10800 	4647 	4893 	4617 	4611 	4496 	4480 	4008 	3665 	3533 	3764 	3178 	3858 	49750 	11380 	14254 	12576 	10407 	3316 	3555 	4509 	4681 	4803 	4770 	4226 	3947 	4403 	3893 	2979 	3535 	48617 	9422 	12149 	11699 	9488 	3350 	2931 	3141 	3328 	4681 	4140 	3404 	4092 	4203 	3209 	2792 	3487 	42758 	9087 	12359 	11454 	10874 	3083 	2853 	3151 	4108 	4203 	4048 	3939 	3915 	3600 	3612 	3333 	3929 	43774 	11317 	13516 	10486 	8444 	3266 	3666 	4385 	3952 	4906 	4658 	4202 	3439 	2845 	3109 	2603 	2732 	43763 	9444 	10255 	8962 	6592 	2744 	3021 	3679 	3762 	3245 	3248 	2980 	3072 	2910 	2357 	2019 	2216 	35253 	13152 	24931 	19484 	18756 	2772 	4336 	6044 	7300 	9081 	8550 	7047 	6401 	6036 	6639 	5698 	6419 	76323 	16595 	15218 	14519 	13028 	4809 	6136 	5650 	5394 	4875 	4949 	4741 	5353 	4425 	4633 	3827 	4568 	59360 	11204 	12398 	11144 	4398 	3387 	3831 	3986 	3964 	4483 	3951 	3802 	3812 	3530 	1467 	1253 	1678 	39144 	: 	: 	: 	: 	: 	: 	: 	: 	: 	: 	: 	: 	: 	: 	: 	: 	: 	: 	: 	: 	: 	: 	: 	: 	: 	: 	: 	: 	: 	: 	: 	: 	: 	: 	: 	: 	: 	: 	: 	: 	: 	: 
PAS,PAS_BRD_DEP,SK_LZIB_IN_VIAR	: 	: 	: 	: 	: 	: 	: 	: 	: 	: 	: 	: 	: 	: 	: 	: 	: 	: 	: 	: 	: 	: 	: 	: 	: 	: 	: 	: 	: 	: 	: 	: 	: 	: 	: 	: 	: 	: 	: 	: 	: 	: 	: 	: 	: 	: 	: 	: 	: 	: 	: 	: 	: 	: 	: 	: 	: 	: 	: 	: 	: 	: 	: 	: 	: 	: 	: 	: 	: 	: 	: 	: 	: 	: 	: 	: 	: 	: 	: 	: 	: 	: 	: 	: 	: 	: 	: 	: 	: 	: 	: 	: 	: 	: 	: 	: 	: 	: 	: 	: 	: 	: 	: 	: 	: 	: 	: 	: 	: 	: 	: 	: 	: 	: 	: 	: 	: 	: 	: 	: 	: 	: 	: 	: 	: 	: 	: 	: 	: 	: 	: 	: 	: 	: 	: 	: 	: 	: 	: 	: 	: 	: 	: 	: 	: 	2063 	: 	1211 	6147 	921 	559 	583 	: 	: 	: 	119 	222 	870 	1973 	2080 	2094 	9421 	: 	: 	: 	: 	: 	: 	: 	: 	: 	: 	: 	: 	: 	: 	: 	: 	: 	: 	: 	: 	: 	: 	: 	: 	: 	: 	: 	: 	: 	: 	: 	: 	: 	: 	: 	: 	: 	: 	: 	: 	: 	: 	: 	: 	: 	: 	: 	: 	: 	: 	: 	: 	: 	: 	: 	: 	: 	: 	: 	: 	: 	: 	: 	: 	: 	: 	: 	: 	: 	: 	: 	: 	: 	: 	: 	: 
PAS,PAS_BRD_DEP,SK_LZIB_IT_LICT	: 	: 	: 	: 	: 	: 	: 	: 	: 	1309 	4577 	4511 	: 	: 	: 	1309 	1554 	1426 	1597 	1609 	1560 	1342 	: 	: 	: 	10397 	: 	: 	: 	: 	: 	: 	: 	: 	: 	: 	: 	: 	: 	: 	: 	: 	: 	1475 	4561 	4129 	: 	: 	106 	1369 	1359 	1614 	1588 	1498 	1265 	1366 	: 	: 	: 	10165 	: 	: 	: 	: 	: 	: 	: 	: 	: 	: 	: 	: 	: 	: 	: 	: 	: 	: 	: 	: 	: 	: 	: 	: 	: 	: 	: 	: 	: 	: 	: 	: 	: 	: 	: 	: 	: 	: 	: 	: 	: 	: 	: 	: 	: 	: 	: 	: 	: 	: 	: 	: 	: 	: 	: 	: 	: 	: 	: 	: 	: 	: 	: 	: 	: 	: 	: 	: 	: 	: 	: 	: 	: 	: 	: 	: 	: 	: 	: 	: 	: 	: 	: 	: 	: 	: 	: 	: 	: 	: 	: 	: 	: 	: 	: 	: 	: 	: 	: 	: 	: 	: 	: 	: 	: 	: 	: 	: 	: 	: 	: 	: 	: 	: 	: 	: 	: 	: 	: 	: 	: 	: 	: 	: 	: 	: 	: 	: 	: 	: 	: 	: 	: 	: 	: 	: 	: 	: 	: 	: 	: 	: 	: 	: 	: 	: 	: 	: 	: 	: 	: 	: 	: 	: 	: 	: 	: 	: 	: 	: 	: 	: 	: 	: 	: 	: 	: 	: 	: 	: 	: 	: 	: 	: 	: 	: 	: 	: 
PAS,PAS_BRD_DEP,SK_LZIB_IT_LIEA	: 	: 	: 	: 	: 	: 	: 	: 	: 	1427 	4630 	4610 	4412 	: 	: 	1427 	1393 	1618 	1619 	1451 	1606 	1553 	1517 	1293 	1602 	15079 	3877 	4259 	4038 	3965 	1726 	1057 	1094 	1598 	1411 	1250 	1404 	1381 	1253 	1432 	1206 	1327 	16139 	4434 	5350 	4221 	3172 	1543 	1316 	1575 	2336 	1435 	1579 	1560 	1394 	1267 	1279 	843 	1050 	17177 	3642 	4610 	3965 	310 	1271 	1038 	1333 	1451 	1575 	1584 	1328 	1351 	1286 	310 	: 	: 	12527 	: 	: 	: 	: 	: 	: 	: 	: 	: 	: 	: 	: 	: 	: 	: 	: 	: 	: 	: 	: 	: 	: 	: 	: 	: 	: 	: 	: 	: 	: 	: 	: 	: 	: 	: 	: 	: 	: 	: 	: 	: 	: 	: 	: 	: 	: 	: 	: 	: 	: 	: 	: 	: 	: 	: 	: 	: 	: 	: 	: 	: 	: 	: 	: 	: 	: 	: 	: 	: 	: 	: 	: 	: 	: 	: 	: 	: 	: 	: 	: 	: 	: 	: 	: 	: 	: 	: 	: 	: 	: 	: 	: 	: 	: 	: 	: 	: 	: 	: 	: 	: 	: 	: 	: 	: 	: 	: 	: 	: 	: 	: 	: 	: 	: 	: 	: 	: 	: 	: 	: 	: 	: 	: 	: 	: 	: 	: 	: 	: 	: 	: 	: 	: 	: 	: 	: 	: 	: 	: 	: 	: 	: 	: 	: 	: 	: 	: 	: 	: 	: 	: 	: 	: 	: 	: 	: 	: 	: 	: 	: 	: 
PAS,PAS_BRD_DEP,SK_LZIB_IT_LIME	9229 	9027 	3146 	3025 	3234 	2970 	3013 	2787 	3227 	9382 	9205 	8841 	9050 	3128 	3123 	3131 	2966 	3159 	3080 	2730 	3145 	2966 	2894 	2764 	3392 	36478 	9290 	9251 	9199 	8643 	3248 	3033 	3009 	2993 	3133 	3125 	3114 	3140 	2945 	3112 	2641 	2890 	36383 	8714 	8742 	6477 	8384 	2916 	2841 	2957 	2939 	2856 	2947 	2511 	1180 	2786 	3088 	2510 	2786 	32317 	9917 	10290 	10230 	8446 	3136 	3268 	3513 	3263 	3675 	3352 	3286 	3430 	3514 	2931 	2373 	3142 	38883 	9758 	10621 	8872 	9558 	2893 	2984 	3881 	3621 	3608 	3392 	3137 	3153 	2582 	3398 	2697 	3463 	38809 	9875 	10572 	10524 	12833 	3432 	3185 	3258 	3387 	3539 	3646 	3498 	3461 	3565 	4373 	3941 	4519 	43804 	12349 	9867 	9160 	12595 	4506 	4313 	3530 	3104 	3265 	3498 	3174 	3136 	2850 	4501 	3967 	4127 	43971 	12648 	13797 	13011 	17486 	4012 	4279 	4357 	4668 	4461 	4668 	4245 	4211 	4555 	6008 	5566 	5912 	56942 	16054 	12949 	13916 	14795 	5617 	5747 	4690 	4207 	4387 	4355 	4338 	4602 	4976 	4948 	4863 	4984 	57714 	12904 	15453 	16415 	22654 	3638 	4162 	5104 	4993 	5463 	4997 	5060 	5302 	6053 	8166 	7097 	7391 	67426 	21649 	21069 	21805 	22002 	7282 	7148 	7219 	7074 	7483 	6512 	6484 	7060 	8261 	7750 	6863 	7389 	86525 	: 	: 	: 	: 	: 	: 	: 	: 	: 	: 	: 	: 	: 	: 	: 	: 	: 	: 	: 	: 	: 	: 	: 	: 	: 	: 	: 	: 	: 	: 	: 	: 	: 	: 	: 	: 	: 	: 	: 	: 	: 	: 
PAS,PAS_BRD_DEP,SK_LZIB_IT_LIPE	: 	: 	: 	: 	: 	: 	: 	: 	: 	: 	: 	: 	: 	: 	: 	: 	: 	: 	: 	: 	: 	: 	: 	: 	: 	: 	: 	: 	: 	: 	: 	: 	: 	: 	: 	: 	: 	: 	: 	: 	: 	: 	: 	: 	: 	: 	: 	: 	: 	: 	: 	: 	: 	: 	: 	: 	: 	: 	: 	: 	: 	: 	: 	: 	: 	: 	: 	: 	: 	: 	: 	: 	: 	: 	: 	: 	: 	: 	: 	: 	: 	: 	: 	: 	: 	: 	: 	: 	: 	: 	: 	: 	: 	: 	: 	: 	: 	: 	: 	: 	: 	: 	: 	: 	: 	: 	: 	: 	: 	: 	: 	1694 	5535 	4828 	4774 	9 	: 	1685 	1811 	1946 	1778 	1739 	1643 	1446 	1722 	1434 	1618 	16831 	: 	: 	: 	: 	: 	: 	: 	: 	: 	: 	: 	: 	: 	: 	: 	: 	: 	: 	: 	: 	: 	: 	: 	: 	: 	: 	: 	: 	: 	: 	: 	: 	: 	: 	: 	: 	: 	: 	: 	: 	: 	: 	: 	: 	: 	: 	: 	: 	: 	: 	: 	: 	: 	: 	: 	: 	: 	: 	: 	: 	: 	: 	: 	: 	: 	: 	: 	: 	: 	: 	: 	: 	: 	: 	: 	: 	: 	: 	: 	: 	: 	: 	: 	: 	: 	: 	: 	: 	: 	: 	: 	: 	: 	: 	: 	: 	: 	: 	: 	: 	: 	: 	: 	: 	: 	: 	: 	: 	: 	: 
PAS,PAS_BRD_DEP,SK_LZIB_IT_LIRA	7003 	6727 	2303 	2318 	2519 	2166 	2464 	2056 	2207 	5240 	6944 	6588 	6606 	1994 	2237 	1009 	2238 	2506 	2200 	2111 	2279 	2198 	2300 	1952 	2354 	25378 	6911 	9177 	8608 	6443 	2292 	1733 	2886 	3130 	3136 	2911 	2824 	2989 	2795 	2339 	1784 	2320 	31139 	6717 	8739 	8428 	3520 	1943 	2090 	2684 	2852 	3100 	2787 	2926 	2808 	2694 	1448 	980 	1092 	27404 	4911 	6772 	6660 	3451 	1291 	1373 	2247 	2272 	2293 	2207 	2230 	2398 	2032 	1307 	1128 	1016 	21794 	4127 	6089 	6505 	5178 	1001 	1016 	2110 	1597 	2323 	2169 	2164 	2154 	2187 	2023 	1420 	1735 	21899 	5703 	6624 	6459 	5542 	1916 	1832 	1955 	2098 	2191 	2335 	2156 	2123 	2180 	2167 	1667 	1708 	24328 	5753 	6142 	5581 	4799 	1774 	1868 	2111 	2053 	2096 	1993 	2065 	2010 	1506 	2039 	1356 	1404 	22275 	: 	: 	: 	: 	: 	: 	: 	: 	: 	: 	: 	: 	: 	: 	: 	: 	: 	: 	: 	: 	: 	: 	: 	: 	: 	: 	: 	: 	: 	: 	: 	: 	: 	: 	: 	: 	: 	: 	: 	: 	: 	: 	: 	: 	: 	: 	: 	: 	: 	: 	: 	: 	: 	: 	: 	: 	: 	: 	: 	: 	: 	: 	: 	: 	: 	: 	: 	: 	: 	: 	: 	: 	: 	: 	: 	: 	: 	: 	: 	: 	: 	: 	: 	: 	: 	: 	: 	: 	: 	: 	: 	: 	: 	: 	: 	: 	: 	: 	: 	: 	: 	: 	: 	: 	: 	: 	: 	: 	: 	: 
PAS,PAS_BRD_DEP,SK_LZIB_IT_LIRF	: 	: 	: 	: 	: 	: 	: 	: 	: 	: 	: 	: 	: 	: 	: 	: 	: 	: 	: 	: 	: 	: 	: 	: 	: 	: 	: 	: 	: 	: 	: 	: 	: 	: 	: 	: 	: 	: 	: 	: 	: 	: 	: 	: 	: 	: 	: 	: 	: 	: 	: 	: 	: 	: 	: 	: 	: 	: 	: 	: 	: 	: 	: 	: 	: 	: 	: 	: 	: 	: 	: 	: 	: 	: 	: 	: 	: 	: 	: 	: 	: 	: 	: 	: 	: 	: 	: 	: 	: 	: 	: 	: 	: 	: 	: 	: 	: 	: 	: 	: 	: 	: 	: 	: 	: 	: 	: 	: 	: 	: 	: 	: 	: 	: 	: 	: 	: 	: 	: 	: 	: 	: 	: 	: 	: 	: 	: 	: 	6063 	4357 	8167 	7161 	1818 	2066 	2179 	968 	1732 	1657 	1829 	3155 	3183 	2765 	2170 	2226 	25748 	8473 	6221 	9291 	8866 	2710 	2750 	3013 	2326 	2098 	1797 	2330 	3575 	3386 	3557 	2771 	2538 	32851 	8338 	6687 	8203 	6818 	2566 	2903 	2869 	2321 	2230 	2136 	2435 	2857 	2911 	3116 	1670 	2032 	30046 	6694 	6674 	7130 	5278 	1956 	2173 	2565 	2329 	2141 	2204 	2289 	2479 	2362 	2203 	1509 	1566 	25776 	: 	: 	: 	: 	: 	: 	: 	: 	: 	: 	: 	: 	: 	: 	: 	: 	: 	: 	: 	: 	: 	: 	: 	: 	: 	: 	: 	: 	: 	: 	: 	: 	: 	: 	: 	: 	: 	: 	: 	: 	: 	: 
PAS,PAS_BRD_DEP,SK_LZIB_IT_LIRP	: 	: 	: 	: 	: 	: 	: 	: 	: 	: 	: 	: 	: 	: 	: 	: 	: 	: 	: 	: 	: 	: 	: 	: 	: 	: 	: 	: 	: 	: 	: 	: 	: 	: 	: 	: 	: 	: 	: 	: 	: 	: 	: 	: 	: 	: 	: 	: 	: 	: 	: 	: 	: 	: 	: 	: 	: 	: 	: 	: 	: 	: 	: 	: 	: 	: 	: 	: 	: 	: 	: 	: 	: 	: 	: 	: 	: 	: 	: 	: 	: 	: 	: 	: 	: 	: 	: 	: 	: 	: 	: 	: 	: 	: 	: 	: 	: 	: 	: 	: 	: 	: 	: 	: 	: 	: 	: 	: 	: 	: 	: 	958 	3823 	3317 	2652 	3 	: 	955 	1180 	1335 	1308 	1115 	1112 	1090 	977 	761 	914 	10750 	: 	: 	: 	: 	: 	: 	: 	: 	: 	: 	: 	: 	: 	: 	: 	: 	: 	: 	: 	: 	: 	: 	: 	: 	: 	: 	: 	: 	: 	: 	: 	: 	: 	: 	: 	: 	: 	: 	: 	: 	: 	: 	: 	: 	: 	: 	: 	: 	: 	: 	: 	: 	: 	: 	: 	: 	: 	: 	: 	: 	: 	: 	: 	: 	: 	: 	: 	: 	: 	: 	: 	: 	: 	: 	: 	: 	: 	: 	: 	: 	: 	: 	: 	: 	: 	: 	: 	: 	: 	: 	: 	: 	: 	: 	: 	: 	: 	: 	: 	: 	: 	: 	: 	: 	: 	: 	: 	: 	: 	: 
PAS,PAS_BRD_DEP,SK_LZIB_MK_LWSK	4085 	3958 	2354 	1445 	1383 	1257 	1533 	1043 	1382 	3804 	4266 	3851 	102 	1292 	1169 	1343 	1429 	1376 	1461 	1253 	1340 	1258 	102 	0 	0 	12023 	: 	: 	: 	: 	: 	: 	: 	: 	: 	: 	: 	: 	: 	: 	: 	: 	: 	: 	: 	: 	: 	: 	: 	: 	: 	: 	: 	: 	: 	: 	: 	: 	: 	: 	: 	: 	: 	: 	: 	: 	: 	: 	: 	: 	: 	: 	: 	: 	: 	: 	: 	: 	: 	: 	: 	: 	: 	: 	: 	: 	: 	: 	: 	: 	: 	: 	: 	: 	: 	: 	: 	: 	: 	: 	: 	: 	: 	: 	: 	: 	: 	: 	: 	: 	: 	: 	: 	: 	: 	: 	: 	: 	: 	: 	: 	: 	: 	: 	: 	: 	: 	: 	: 	: 	: 	: 	: 	: 	: 	: 	: 	: 	: 	: 	: 	: 	: 	: 	: 	: 	: 	: 	: 	: 	: 	: 	: 	: 	: 	: 	: 	: 	: 	: 	: 	: 	: 	: 	: 	: 	: 	: 	: 	: 	: 	: 	: 	: 	: 	: 	: 	: 	: 	: 	: 	: 	: 	: 	: 	: 	: 	: 	: 	: 	: 	: 	: 	: 	: 	: 	: 	: 	: 	: 	: 	: 	: 	: 	: 	: 	: 	: 	: 	: 	: 	: 	: 	: 	: 	: 	: 	: 	: 	: 	: 	: 	: 	: 	: 	: 	: 	: 	: 	: 	: 	: 	: 	: 	: 	: 	: 	: 
PAS,PAS_BRD_DEP,SK_LZIB_NL_EHAM	: 	: 	: 	: 	: 	: 	: 	: 	: 	: 	: 	: 	: 	: 	: 	: 	: 	: 	: 	: 	: 	: 	: 	: 	: 	: 	: 	: 	: 	: 	: 	: 	: 	: 	: 	: 	: 	: 	: 	: 	: 	: 	: 	: 	: 	: 	: 	: 	: 	: 	: 	: 	: 	: 	: 	: 	: 	: 	: 	: 	: 	: 	: 	: 	: 	: 	: 	: 	: 	: 	: 	: 	: 	: 	: 	: 	: 	: 	: 	: 	: 	: 	: 	: 	: 	: 	: 	: 	: 	: 	: 	: 	: 	: 	: 	: 	: 	: 	: 	: 	: 	: 	: 	: 	: 	: 	: 	: 	: 	: 	: 	: 	: 	: 	: 	: 	: 	: 	: 	: 	: 	: 	: 	: 	: 	: 	: 	: 	: 	: 	: 	: 	: 	: 	: 	: 	: 	: 	: 	: 	: 	: 	: 	: 	: 	: 	: 	: 	: 	: 	: 	: 	: 	: 	: 	: 	: 	: 	: 	: 	: 	: 	2546 	6775 	8650 	8427 	: 	: 	2546 	2221 	2407 	2147 	2453 	3136 	3061 	3290 	2772 	2365 	26398 	6450 	7735 	9133 	6624 	1807 	2027 	2616 	2486 	2771 	2478 	2846 	3093 	3194 	2588 	2043 	1993 	29942 	: 	: 	: 	: 	: 	: 	: 	: 	: 	: 	: 	: 	: 	: 	: 	: 	: 	: 	: 	: 	: 	: 	: 	: 	: 	: 	: 	: 	: 	: 	: 	: 	: 	: 	: 	: 	: 	: 	: 	: 	: 	: 
PAS,PAS_BRD_DEP,SK_LZIB_RO_LRBS	: 	: 	: 	: 	: 	: 	: 	: 	: 	: 	: 	: 	: 	: 	: 	: 	: 	: 	: 	: 	: 	: 	: 	: 	: 	: 	: 	: 	: 	: 	: 	: 	: 	: 	: 	: 	: 	: 	: 	: 	: 	: 	: 	: 	: 	: 	: 	: 	: 	: 	: 	: 	: 	: 	: 	: 	: 	: 	: 	: 	: 	: 	: 	: 	: 	: 	: 	: 	: 	: 	: 	: 	: 	: 	: 	: 	: 	: 	: 	: 	: 	: 	: 	: 	: 	: 	: 	: 	: 	: 	: 	: 	: 	: 	: 	: 	: 	: 	: 	: 	: 	: 	: 	: 	: 	: 	: 	: 	: 	: 	: 	: 	: 	: 	: 	: 	: 	: 	: 	: 	: 	: 	: 	: 	: 	: 	: 	: 	: 	: 	: 	: 	: 	: 	: 	: 	: 	: 	: 	: 	: 	: 	: 	: 	: 	: 	: 	: 	: 	: 	: 	: 	: 	: 	: 	: 	: 	: 	: 	: 	: 	: 	: 	: 	: 	: 	: 	: 	: 	: 	: 	: 	: 	: 	: 	: 	: 	: 	: 	4016 	5200 	4030 	2465 	1188 	1166 	1662 	1641 	1683 	1876 	1341 	1299 	1390 	964 	840 	661 	15711 	: 	: 	: 	: 	: 	: 	: 	: 	: 	: 	: 	: 	: 	: 	: 	: 	: 	: 	: 	: 	: 	: 	: 	: 	: 	: 	: 	: 	: 	: 	: 	: 	: 	: 	: 	: 	: 	: 	: 	: 	: 	: 
PAS,PAS_BRD_DEP,SK_LZIB_RU_UUEE	: 	: 	: 	: 	: 	: 	: 	: 	: 	: 	: 	: 	: 	: 	: 	: 	: 	: 	: 	: 	: 	: 	: 	: 	: 	: 	: 	: 	: 	: 	: 	: 	: 	: 	: 	: 	: 	: 	: 	: 	: 	: 	: 	: 	: 	: 	: 	: 	: 	: 	: 	: 	: 	: 	: 	: 	: 	: 	: 	: 	: 	: 	: 	: 	: 	: 	: 	: 	: 	: 	: 	: 	: 	: 	: 	: 	: 	: 	: 	: 	: 	: 	: 	: 	: 	: 	: 	: 	: 	: 	: 	: 	: 	: 	: 	: 	: 	: 	: 	: 	: 	: 	: 	: 	: 	: 	: 	: 	: 	: 	: 	: 	: 	: 	: 	: 	: 	: 	: 	: 	: 	: 	: 	: 	: 	: 	: 	: 	: 	: 	: 	: 	: 	: 	: 	: 	: 	: 	: 	: 	: 	: 	: 	: 	: 	: 	: 	: 	: 	: 	: 	: 	: 	: 	: 	: 	: 	: 	: 	: 	: 	: 	: 	: 	: 	: 	: 	: 	: 	: 	: 	: 	: 	: 	: 	: 	: 	: 	: 	2571 	3184 	2738 	2620 	592 	859 	1120 	1070 	1162 	952 	996 	872 	870 	791 	870 	959 	11113 	: 	: 	: 	: 	: 	: 	: 	: 	: 	: 	: 	: 	: 	: 	: 	: 	: 	: 	: 	: 	: 	: 	: 	: 	: 	: 	: 	: 	: 	: 	: 	: 	: 	: 	: 	: 	: 	: 	: 	: 	: 	12252 
PAS,PAS_BRD_DEP,SK_LZIB_RU_UUWW	9781 	10314 	3129 	3211 	3300 	3270 	3745 	2731 	3838 	10884 	6703 	9818 	9132 	3696 	3647 	3541 	2501 	1882 	2320 	2238 	4453 	3127 	2791 	2771 	3570 	36537 	: 	: 	: 	: 	: 	: 	: 	: 	: 	: 	: 	: 	: 	: 	: 	: 	: 	: 	: 	: 	: 	: 	: 	: 	: 	: 	: 	: 	: 	: 	: 	: 	: 	: 	: 	: 	: 	: 	: 	: 	: 	: 	: 	: 	: 	: 	: 	: 	: 	: 	: 	1983 	3502 	2795 	2450 	493 	608 	882 	1183 	1159 	1160 	740 	1052 	1003 	773 	712 	965 	10730 	: 	: 	: 	: 	: 	: 	: 	: 	: 	: 	: 	: 	: 	: 	: 	: 	: 	: 	: 	: 	: 	: 	: 	: 	: 	: 	: 	: 	: 	: 	: 	: 	: 	: 	: 	: 	: 	: 	: 	: 	: 	: 	: 	: 	: 	: 	: 	: 	: 	: 	: 	: 	: 	: 	: 	: 	: 	: 	: 	: 	: 	: 	: 	: 	: 	: 	: 	: 	: 	: 	: 	: 	: 	: 	: 	: 	: 	: 	: 	: 	: 	: 	: 	: 	: 	: 	: 	: 	: 	: 	: 	: 	: 	: 	: 	: 	: 	: 	: 	: 	: 	: 	: 	: 	: 	: 	: 	: 	: 	: 	: 	: 	: 	: 	: 	: 	: 	: 	: 	: 	: 	: 	: 	: 	: 	: 	: 	: 	: 	: 	: 	: 	: 	: 	: 	: 	: 	: 	: 	: 	: 	: 	: 	: 
PAS,PAS_BRD_DEP,SK_LZIB_SE_ESKN	: 	: 	: 	: 	: 	: 	: 	: 	: 	: 	: 	: 	: 	: 	: 	: 	: 	: 	: 	: 	: 	: 	: 	: 	: 	: 	: 	: 	: 	: 	: 	: 	: 	: 	: 	: 	: 	: 	: 	: 	: 	: 	: 	: 	: 	: 	: 	: 	: 	: 	: 	: 	: 	: 	: 	: 	: 	: 	: 	: 	: 	: 	: 	: 	: 	: 	: 	: 	: 	: 	: 	: 	: 	: 	: 	: 	: 	: 	: 	: 	: 	: 	: 	: 	: 	: 	: 	: 	: 	: 	: 	: 	: 	: 	: 	: 	: 	: 	: 	: 	: 	: 	: 	: 	: 	: 	: 	: 	: 	: 	: 	3631 	6132 	4955 	4014 	749 	1156 	1726 	1671 	2093 	2368 	1812 	1716 	1427 	1626 	1062 	1326 	18732 	4392 	6211 	5688 	4362 	1432 	1186 	1774 	1752 	2169 	2290 	1891 	1881 	1916 	1498 	1434 	1430 	20653 	5938 	10539 	9337 	6327 	1355 	1569 	3014 	3547 	3354 	3638 	2943 	3499 	2895 	2588 	1867 	1872 	32141 	: 	: 	: 	: 	: 	: 	: 	: 	: 	: 	: 	: 	: 	: 	: 	: 	: 	: 	: 	: 	: 	: 	: 	: 	: 	: 	: 	: 	: 	: 	: 	: 	: 	: 	: 	: 	: 	: 	: 	: 	: 	: 	: 	: 	: 	: 	: 	: 	: 	: 	: 	: 	: 	: 	: 	: 	: 	: 	: 	: 	: 	: 	: 	: 	: 	: 	: 	: 	: 	: 	: 	: 	: 	: 	: 	: 
PAS,PAS_BRD_DEP,SK_LZIB_SK_LZKZ	: 	: 	: 	: 	: 	: 	: 	: 	: 	4385 	3129 	5055 	4119 	1464 	1646 	1275 	1210 	912 	1007 	2026 	1587 	1442 	1649 	1429 	1041 	16688 	4529 	3169 	4148 	3256 	1559 	1658 	1312 	1391 	866 	912 	1605 	1158 	1385 	1273 	1168 	815 	15102 	: 	: 	: 	: 	: 	: 	: 	: 	: 	: 	: 	: 	: 	: 	: 	: 	: 	: 	: 	: 	: 	: 	: 	: 	: 	: 	: 	: 	: 	: 	: 	: 	: 	: 	2770 	4124 	4045 	3350 	613 	773 	1384 	1281 	1438 	1405 	1250 	1437 	1358 	1294 	1075 	981 	14289 	4014 	3830 	4473 	3887 	1193 	1394 	1427 	1347 	1249 	1234 	1541 	1608 	1324 	1448 	1295 	1144 	16204 	4664 	5094 	4809 	5339 	1385 	1627 	1652 	1778 	1651 	1665 	1895 	1550 	1364 	1996 	1782 	1561 	19906 	6413 	10447 	17344 	13945 	1955 	2031 	2427 	2209 	3915 	4323 	5592 	5582 	6170 	4667 	4522 	4756 	48149 	20866 	25319 	26953 	21671 	6854 	7151 	6861 	7920 	8450 	8949 	9474 	8861 	8618 	8343 	6978 	6350 	94809 	25633 	22204 	21907 	16159 	7936 	8312 	9385 	7101 	7481 	7622 	7456 	7848 	6603 	6574 	5034 	4551 	85903 	15241 	15198 	14857 	11882 	5321 	4918 	5002 	5012 	5106 	5080 	5242 	5021 	4594 	4641 	3839 	3402 	57178 	: 	: 	: 	: 	: 	: 	: 	: 	: 	: 	: 	: 	: 	: 	: 	: 	: 	: 	: 	: 	: 	: 	: 	: 	: 	: 	: 	: 	: 	: 	: 	: 	: 	: 	: 	: 	: 	: 	: 	: 	: 	11600 
PAS,PAS_BRD_DEP,SK_LZIB_TN_DTMB	: 	: 	: 	: 	: 	: 	: 	: 	: 	: 	: 	: 	: 	: 	: 	: 	: 	: 	: 	: 	: 	: 	: 	: 	: 	: 	: 	: 	: 	: 	: 	: 	: 	: 	: 	: 	: 	: 	: 	: 	: 	: 	: 	: 	12298 	3251 	: 	: 	: 	: 	2230 	4800 	5268 	3100 	151 	: 	: 	: 	: 	15549 	: 	12207 	3722 	: 	: 	: 	: 	2113 	4914 	5180 	3563 	159 	: 	: 	: 	: 	15929 	: 	12617 	3924 	: 	: 	: 	: 	1634 	5247 	5736 	3761 	163 	: 	: 	: 	: 	16541 	2 	9753 	1499 	: 	: 	: 	2 	1964 	4093 	3696 	1499 	: 	: 	: 	: 	: 	11254 	4 	11543 	3242 	: 	: 	: 	4 	2607 	4111 	4825 	2907 	335 	: 	: 	: 	: 	14789 	6 	10718 	4127 	: 	: 	: 	6 	2390 	3589 	4739 	3600 	527 	: 	: 	: 	: 	14851 	122 	15417 	5241 	: 	: 	: 	122 	3271 	5603 	6543 	4213 	1028 	: 	: 	: 	: 	20780 	719 	12805 	4849 	: 	: 	: 	719 	3051 	4529 	5225 	3847 	996 	6 	: 	: 	: 	18373 	429 	10956 	3787 	: 	: 	: 	429 	3097 	3944 	3915 	3047 	740 	: 	: 	: 	: 	15172 	: 	: 	: 	: 	: 	: 	: 	: 	: 	: 	: 	: 	: 	: 	: 	: 	: 	: 	: 	: 	: 	: 	: 	: 	: 	: 	: 	: 	: 	: 	: 	: 	: 	: 	: 	: 	: 	: 	: 	: 	: 	10449 
PAS,PAS_BRD_DEP,SK_LZIB_TR_LTAI	7236 	4 	13484 	6936 	300 	: 	: 	: 	4 	189 	19686 	3626 	3 	: 	189 	: 	4106 	6796 	8784 	3441 	185 	: 	: 	: 	3 	23504 	503 	51275 	15859 	317 	: 	175 	328 	9963 	19673 	21639 	14903 	956 	: 	317 	: 	: 	67954 	551 	43752 	13119 	: 	183 	177 	191 	9619 	16777 	17356 	11798 	1321 	: 	: 	: 	: 	57422 	977 	46508 	15109 	413 	: 	180 	797 	10125 	17525 	18858 	14144 	801 	164 	246 	167 	: 	63007 	1105 	38263 	12861 	: 	: 	162 	943 	9194 	13916 	15153 	11807 	1054 	: 	: 	: 	: 	52229 	1944 	44614 	15777 	723 	: 	172 	1772 	10667 	16345 	17602 	13445 	1450 	882 	723 	: 	: 	63058 	2202 	29082 	12437 	: 	: 	576 	1626 	6583 	11403 	11096 	10634 	1638 	165 	: 	: 	: 	43721 	845 	25355 	9687 	: 	: 	: 	845 	5761 	9965 	9629 	8235 	1117 	335 	: 	: 	: 	35887 	0 	19654 	7066 	6 	: 	: 	0 	3821 	7639 	8194 	7066 	: 	: 	: 	: 	6 	26726 	393 	15422 	5017 	: 	: 	258 	135 	3172 	6135 	6115 	5017 	: 	: 	: 	: 	: 	20832 	438 	8343 	2287 	296 	275 	: 	163 	1328 	3492 	3523 	2287 	: 	: 	296 	: 	: 	11364 	: 	: 	: 	: 	: 	: 	: 	: 	: 	: 	: 	: 	: 	: 	: 	: 	: 	: 	: 	: 	: 	: 	: 	: 	: 	: 	: 	: 	: 	: 	: 	: 	: 	: 	: 	: 	: 	: 	: 	: 	: 	10032 
PAS,PAS_BRD_DEP,SK_LZIB_UK_EGBB	6977 	6876 	2293 	2334 	2326 	2317 	2285 	2103 	2488 	6876 	7254 	6959 	7554 	2216 	2344 	2316 	2356 	2726 	2172 	2327 	2297 	2335 	2235 	2563 	2756 	28643 	6581 	7014 	6798 	6694 	2217 	1865 	2499 	2363 	2358 	2293 	2288 	2229 	2281 	2203 	2074 	2417 	27087 	5580 	6464 	6681 	4466 	1820 	2168 	1592 	1624 	2353 	2487 	2121 	2443 	2117 	1477 	1325 	1664 	23191 	5513 	7009 	6755 	4043 	1532 	1542 	2439 	2149 	2562 	2298 	2287 	2160 	2308 	1333 	1362 	1348 	23320 	4956 	6820 	6442 	6149 	1663 	1211 	2082 	2281 	2288 	2251 	2280 	2128 	2034 	2183 	1932 	2034 	24367 	6339 	6930 	6669 	6584 	2020 	2117 	2202 	2286 	2304 	2340 	2312 	2226 	2131 	2284 	1937 	2363 	26522 	6503 	7204 	6050 	5993 	1990 	2313 	2200 	2229 	2506 	2469 	2295 	2125 	1630 	2115 	1905 	1973 	25750 	6265 	6504 	6125 	1587 	1967 	1948 	2350 	2255 	2236 	2013 	1974 	1831 	2320 	470 	193 	924 	20481 	5982 	11590 	7268 	8806 	1906 	2252 	1824 	3626 	4106 	3858 	2318 	1890 	3060 	3447 	2681 	2678 	33646 	: 	: 	: 	: 	: 	: 	: 	: 	: 	: 	: 	: 	: 	: 	: 	: 	: 	: 	: 	: 	: 	: 	: 	: 	: 	: 	: 	: 	: 	: 	: 	: 	: 	: 	: 	: 	: 	: 	: 	: 	: 	: 	: 	: 	: 	: 	: 	: 	: 	: 	: 	: 	: 	: 	: 	: 	: 	: 	: 	: 	: 	: 	: 	: 	: 	: 	: 	: 	: 	: 	: 	: 	: 	: 	: 	: 
PAS,PAS_BRD_DEP,SK_LZIB_UK_EGCC	6957 	7119 	2306 	2316 	2314 	2327 	2309 	2115 	2695 	6847 	7124 	6942 	: 	2250 	2292 	2305 	2330 	2360 	2434 	2318 	2307 	2317 	: 	: 	: 	20913 	: 	: 	: 	: 	: 	: 	: 	: 	: 	: 	: 	: 	: 	: 	: 	: 	: 	: 	: 	: 	: 	: 	: 	: 	: 	: 	: 	: 	: 	: 	: 	: 	: 	: 	: 	: 	: 	: 	: 	: 	: 	: 	: 	: 	: 	: 	: 	: 	: 	: 	: 	: 	: 	: 	: 	: 	: 	: 	: 	: 	: 	: 	: 	: 	: 	: 	: 	: 	: 	: 	: 	: 	: 	: 	: 	: 	: 	: 	: 	: 	: 	: 	: 	: 	: 	: 	: 	: 	: 	: 	: 	: 	: 	: 	: 	: 	: 	: 	: 	: 	: 	: 	199 	5281 	8159 	7986 	187 	12 	: 	: 	2484 	2797 	2413 	2784 	2962 	2642 	2361 	2983 	21625 	7429 	11303 	11577 	11175 	2317 	2320 	2792 	3415 	4022 	3866 	3998 	3839 	3740 	3830 	3528 	3817 	41484 	8506 	7327 	6320 	4853 	2723 	3059 	2724 	2381 	2535 	2411 	2491 	1982 	1847 	1608 	1380 	1865 	27006 	4329 	6353 	5818 	3976 	1118 	1246 	1965 	2152 	2013 	2188 	2067 	1929 	1822 	1434 	1111 	1431 	20476 	: 	: 	: 	: 	: 	: 	: 	: 	: 	: 	: 	: 	: 	: 	: 	: 	: 	: 	: 	: 	: 	: 	: 	: 	: 	: 	: 	: 	: 	: 	: 	: 	: 	: 	: 	: 	: 	: 	: 	: 	: 	: 
PAS,PAS_BRD_DEP,SK_LZIB_UK_EGGD	: 	: 	: 	: 	: 	: 	: 	: 	: 	: 	: 	: 	: 	: 	: 	: 	: 	: 	: 	: 	: 	: 	: 	: 	: 	: 	: 	: 	: 	: 	: 	: 	: 	: 	: 	: 	: 	: 	: 	: 	: 	: 	: 	: 	: 	: 	: 	: 	: 	: 	: 	: 	: 	: 	: 	: 	: 	: 	: 	: 	1688 	4613 	4135 	371 	: 	166 	1522 	1595 	1627 	1391 	1513 	1330 	1292 	371 	: 	: 	10807 	1453 	4566 	4023 	3647 	: 	324 	1129 	1500 	1532 	1534 	1367 	1277 	1379 	1102 	1259 	1286 	13689 	: 	: 	: 	: 	: 	: 	: 	: 	: 	: 	: 	: 	: 	: 	: 	: 	: 	4549 	4530 	3786 	4001 	1568 	1345 	1636 	1344 	1573 	1613 	1342 	1310 	1134 	1260 	1296 	1445 	16866 	3700 	4464 	3829 	3285 	1179 	1219 	1302 	1365 	1551 	1548 	1459 	1266 	1104 	1106 	928 	1251 	15278 	3602 	4007 	4652 	4761 	806 	1163 	1633 	1285 	1252 	1470 	1372 	1461 	1819 	1548 	1424 	1789 	17022 	: 	: 	: 	: 	: 	: 	: 	: 	: 	: 	: 	: 	: 	: 	: 	: 	: 	: 	: 	: 	: 	: 	: 	: 	: 	: 	: 	: 	: 	: 	: 	: 	: 	: 	: 	: 	: 	: 	: 	: 	: 	: 	: 	: 	: 	: 	: 	: 	: 	: 	: 	: 	: 	: 	: 	: 	: 	: 	: 	: 	: 	: 	: 	: 	: 	: 	: 	: 	: 	: 	: 	: 	: 	: 	: 	: 
PAS,PAS_BRD_DEP,SK_LZIB_UK_EGGP	: 	: 	: 	: 	: 	: 	: 	: 	: 	: 	: 	: 	: 	: 	: 	: 	: 	: 	: 	: 	: 	: 	: 	: 	: 	: 	6893 	6997 	6880 	6770 	2360 	2041 	2492 	2340 	2344 	2313 	2305 	2251 	2324 	2233 	2092 	2445 	27540 	6425 	5732 	5173 	4434 	1913 	2195 	2317 	1628 	1639 	2465 	1409 	1563 	2201 	1459 	1322 	1653 	21764 	5605 	6883 	6838 	5081 	1608 	1531 	2466 	2188 	2536 	2159 	2294 	2226 	2318 	2009 	1402 	1670 	24407 	5168 	6884 	6430 	5914 	1550 	1385 	2233 	2298 	2328 	2258 	2261 	2151 	2018 	2159 	1842 	1913 	24396 	5486 	4652 	4409 	4353 	1905 	2004 	1577 	1418 	1612 	1622 	1436 	1511 	1462 	1423 	1312 	1618 	18900 	5078 	6869 	5521 	5195 	1385 	1484 	2209 	2266 	2223 	2380 	2192 	1761 	1568 	1956 	1658 	1581 	22663 	: 	: 	: 	: 	: 	: 	: 	: 	: 	: 	: 	: 	: 	: 	: 	: 	: 	: 	: 	: 	: 	: 	: 	: 	: 	: 	: 	: 	: 	: 	: 	: 	: 	: 	: 	: 	: 	: 	: 	: 	: 	: 	: 	: 	: 	: 	: 	: 	: 	: 	: 	: 	: 	: 	: 	: 	: 	: 	: 	: 	: 	: 	: 	: 	: 	: 	: 	: 	: 	: 	: 	: 	: 	: 	: 	: 	: 	: 	: 	: 	: 	: 	: 	: 	: 	: 	: 	: 	: 	: 	: 	: 	: 	: 	: 	: 	: 	: 	: 	: 	: 	: 	: 	: 	: 	: 	: 	: 	: 	: 
PAS,PAS_BRD_DEP,SK_LZIB_UK_EGGW	: 	: 	: 	: 	: 	: 	: 	: 	: 	3298 	9165 	8536 	8381 	: 	174 	3124 	2992 	3276 	2897 	2876 	2745 	2915 	2441 	2754 	3186 	29380 	8189 	10107 	10628 	7757 	2394 	2820 	2975 	3081 	3271 	3755 	3331 	3666 	3631 	2625 	2481 	2651 	36681 	8546 	9977 	8869 	7688 	2006 	2701 	3839 	3772 	3214 	2991 	3167 	2915 	2787 	2828 	2322 	2538 	35080 	8283 	9541 	9162 	6553 	2577 	2740 	2966 	3237 	3076 	3228 	2995 	3127 	3040 	2136 	1925 	2492 	33539 	7838 	10946 	10592 	7024 	2201 	2423 	3214 	3702 	3670 	3574 	3688 	3258 	3646 	2684 	1993 	2347 	36400 	9105 	15803 	13846 	12909 	2258 	2024 	4823 	5106 	5355 	5342 	4941 	4718 	4187 	4325 	4014 	4570 	51663 	12807 	15413 	12642 	514 	3584 	4337 	4886 	5013 	5287 	5113 	5063 	4166 	3413 	514 	: 	: 	41376 	16 	5987 	10072 	11718 	6 	: 	10 	2 	2824 	3161 	2706 	3456 	3910 	3957 	3214 	4547 	27793 	15128 	23259 	19246 	16511 	4053 	5362 	5713 	7216 	8089 	7954 	6590 	6707 	5949 	5986 	5053 	5472 	74144 	: 	: 	: 	: 	: 	: 	: 	: 	: 	: 	: 	: 	: 	: 	: 	: 	: 	142 	10162 	11645 	10931 	7 	: 	135 	3836 	3447 	2879 	4187 	3606 	3852 	3793 	3383 	3755 	32880 	: 	: 	: 	: 	: 	: 	: 	: 	: 	: 	: 	: 	: 	: 	: 	: 	: 	: 	: 	: 	: 	: 	: 	: 	: 	: 	: 	: 	: 	: 	: 	: 	: 	: 	: 	: 	: 	: 	: 	: 	: 	: 
PAS,PAS_BRD_DEP,SK_LZIB_UK_EGNM	4502 	4367 	1575 	1595 	1542 	1365 	1504 	1324 	1539 	: 	: 	: 	: 	: 	: 	: 	: 	: 	: 	: 	: 	: 	: 	: 	: 	: 	: 	: 	: 	: 	: 	: 	: 	: 	: 	: 	: 	: 	: 	: 	: 	: 	: 	: 	: 	: 	: 	: 	: 	: 	: 	: 	: 	: 	: 	: 	: 	: 	: 	: 	: 	: 	: 	: 	: 	: 	: 	: 	: 	: 	: 	: 	: 	: 	: 	: 	: 	: 	: 	: 	: 	: 	: 	: 	: 	: 	: 	: 	: 	: 	: 	: 	: 	: 	: 	: 	: 	: 	: 	: 	: 	: 	: 	: 	: 	: 	: 	: 	: 	: 	: 	: 	: 	: 	: 	: 	: 	: 	: 	: 	: 	: 	: 	: 	: 	: 	: 	: 	: 	: 	: 	: 	: 	: 	: 	: 	: 	: 	: 	: 	: 	: 	: 	: 	: 	: 	: 	: 	: 	: 	: 	: 	: 	: 	: 	: 	: 	: 	: 	: 	: 	: 	: 	: 	: 	: 	: 	: 	: 	: 	: 	: 	: 	: 	: 	: 	: 	: 	: 	: 	: 	: 	: 	: 	: 	: 	: 	: 	: 	: 	: 	: 	: 	: 	: 	: 	: 	: 	: 	: 	: 	: 	: 	: 	: 	: 	: 	: 	: 	: 	: 	: 	: 	: 	: 	: 	: 	: 	: 	: 	: 	: 	: 	: 	: 	: 	: 	: 	: 	: 	: 	: 	: 	: 	: 	: 	: 	: 
PAS,PAS_BRD_DEP,SK_LZIB_UK_EGNX	: 	: 	: 	: 	: 	: 	: 	: 	: 	: 	: 	: 	: 	: 	: 	: 	: 	: 	: 	: 	: 	: 	: 	: 	: 	: 	: 	: 	: 	: 	: 	: 	: 	: 	: 	: 	: 	: 	: 	: 	: 	: 	: 	: 	: 	: 	: 	: 	: 	: 	: 	: 	: 	: 	: 	: 	: 	: 	: 	: 	: 	: 	: 	: 	: 	: 	: 	: 	: 	: 	: 	: 	: 	: 	: 	: 	: 	: 	: 	: 	: 	: 	: 	: 	: 	: 	: 	: 	: 	: 	: 	: 	: 	: 	: 	: 	: 	: 	: 	: 	: 	: 	: 	: 	: 	: 	: 	: 	: 	: 	: 	: 	: 	: 	: 	: 	: 	: 	: 	: 	: 	: 	: 	: 	: 	: 	: 	: 	: 	868 	3971 	6975 	: 	: 	: 	: 	: 	868 	1277 	1293 	1401 	2232 	2273 	2470 	11814 	6719 	8280 	7677 	6953 	1764 	2300 	2655 	2703 	2937 	2640 	2912 	2319 	2446 	2413 	2273 	2267 	29629 	7332 	8863 	7841 	2247 	1929 	2428 	2975 	2852 	3026 	2985 	2815 	2455 	2571 	2053 	194 	: 	26283 	: 	: 	: 	: 	: 	: 	: 	: 	: 	: 	: 	: 	: 	: 	: 	: 	: 	: 	: 	: 	: 	: 	: 	: 	: 	: 	: 	: 	: 	: 	: 	: 	: 	: 	: 	: 	: 	: 	: 	: 	: 	: 	: 	: 	: 	: 	: 	: 	: 	: 	: 	: 	: 	: 	: 	: 	: 	: 	: 
PAS,PAS_BRD_DEP,SK_LZIB_UK_EGPH	4659 	4589 	2340 	1622 	1422 	1615 	1598 	1408 	1583 	4346 	5612 	4601 	636 	1342 	1407 	1597 	1455 	1657 	2500 	1613 	1569 	1419 	636 	: 	: 	15195 	1081 	5794 	4625 	170 	: 	: 	1081 	1617 	1640 	2537 	1438 	1603 	1584 	170 	: 	: 	11670 	1246 	5644 	4536 	: 	: 	: 	1246 	1622 	1676 	2346 	1441 	1587 	1508 	: 	: 	: 	11426 	2666 	6941 	6361 	320 	: 	310 	2356 	2091 	2545 	2305 	2238 	2051 	2072 	320 	: 	: 	16288 	2033 	4761 	5622 	4243 	: 	: 	2033 	2209 	926 	1626 	2300 	1938 	1384 	1334 	1458 	1451 	16659 	4765 	6959 	6146 	4534 	954 	1512 	2299 	2227 	2377 	2355 	2291 	1885 	1970 	1869 	1251 	1414 	22404 	4795 	8972 	7197 	4126 	900 	1218 	2677 	2895 	2893 	3184 	2791 	2439 	1967 	1506 	1236 	1384 	25090 	4628 	8752 	6816 	4596 	938 	1369 	2321 	2651 	3064 	3037 	2589 	2266 	1961 	1505 	1437 	1654 	24792 	: 	: 	: 	: 	: 	: 	: 	: 	: 	: 	: 	: 	: 	: 	: 	: 	: 	: 	: 	: 	: 	: 	: 	: 	: 	: 	: 	: 	: 	: 	: 	: 	: 	: 	: 	: 	: 	: 	: 	: 	: 	: 	: 	: 	: 	: 	: 	: 	: 	: 	: 	: 	: 	: 	: 	: 	: 	: 	: 	: 	: 	: 	: 	: 	: 	: 	: 	: 	: 	: 	: 	: 	: 	: 	: 	: 	: 	: 	: 	: 	: 	: 	: 	: 	: 	: 	: 	: 	: 	: 	: 	: 	: 
PAS,PAS_BRD_DEP,SK_LZIB_UK_EGSS	23393 	23490 	6940 	7674 	7896 	7823 	7899 	7266 	8325 	25881 	31004 	31824 	29404 	7236 	7877 	10768 	10776 	9716 	10512 	10693 	10587 	10544 	9523 	9662 	10219 	118113 	29752 	28721 	28193 	28603 	8604 	10168 	10980 	10802 	8415 	9504 	9363 	9414 	9416 	9770 	9061 	9772 	115269 	28680 	25950 	26662 	21670 	8686 	9865 	10129 	9327 	7881 	8742 	8878 	9209 	8575 	7164 	6678 	7828 	102962 	25266 	27031 	28293 	23057 	7019 	7755 	10492 	10563 	8144 	8324 	9756 	9431 	9106 	7988 	6857 	8212 	103647 	26582 	33382 	27111 	23548 	7092 	8034 	11456 	11574 	11103 	10705 	10264 	9073 	7774 	7736 	7370 	8442 	110623 	24880 	32196 	29524 	24823 	6914 	7680 	10286 	10386 	10892 	10918 	10393 	10003 	9128 	8676 	7178 	8969 	111423 	25904 	31521 	27715 	34390 	7445 	8428 	10031 	10150 	10590 	10781 	10371 	10051 	7293 	12153 	10448 	11789 	119530 	34569 	32811 	29341 	26921 	10083 	11983 	12503 	11423 	10753 	10635 	9915 	9823 	9603 	9172 	8184 	9565 	123642 	25898 	30962 	29096 	26450 	7240 	8971 	9687 	9819 	10602 	10541 	10090 	9785 	9221 	8736 	8317 	9397 	112406 	31540 	51225 	49261 	40574 	6864 	8890 	15786 	16375 	17289 	17561 	16901 	16383 	15977 	14054 	12319 	14201 	172600 	41692 	47001 	44324 	37373 	12006 	14064 	15622 	14794 	15719 	16488 	15889 	14343 	14092 	13389 	10820 	13164 	170390 	: 	: 	: 	: 	: 	: 	: 	: 	: 	: 	: 	: 	: 	: 	: 	: 	: 	: 	: 	: 	: 	: 	: 	: 	: 	: 	: 	: 	: 	: 	: 	: 	: 	: 	: 	: 	: 	: 	: 	: 	: 	: 
PAS,PAS_BRD_DEP,SK_LZKZ_AT_LOWW	7085 	5588 	2240 	2467 	2480 	2138 	2290 	1517 	1781 	6731 	7374 	7476 	5580 	1722 	2302 	2707 	2690 	2346 	2338 	2628 	2512 	2336 	1909 	1840 	1831 	27161 	6591 	8178 	8516 	6280 	1710 	2199 	2682 	2832 	2673 	2673 	3143 	2691 	2682 	2491 	2006 	1783 	29565 	6337 	7832 	7247 	5511 	1717 	2154 	2466 	2677 	2548 	2607 	2788 	2322 	2137 	1883 	1774 	1854 	26927 	6814 	7601 	7292 	5867 	1841 	2318 	2655 	2716 	2436 	2449 	2620 	2283 	2389 	2045 	1883 	1939 	27574 	6156 	7724 	4695 	6001 	1623 	2196 	2337 	2586 	2475 	2663 	459 	2157 	2079 	2270 	1854 	1877 	24576 	5665 	5588 	5781 	4476 	1637 	2129 	1899 	1990 	1709 	1889 	1758 	2312 	1711 	1617 	1324 	1535 	21510 	4212 	4269 	3457 	2682 	1129 	1502 	1581 	1615 	1410 	1244 	1351 	1242 	864 	925 	887 	870 	14620 	3156 	3000 	2833 	2592 	848 	1041 	1267 	1198 	863 	939 	1014 	975 	844 	912 	805 	875 	11581 	3351 	4267 	4526 	3685 	806 	1106 	1439 	1459 	1232 	1576 	1641 	1445 	1440 	1183 	1255 	1247 	15829 	4203 	4649 	4409 	3712 	1162 	1497 	1544 	1682 	1398 	1569 	1706 	1415 	1288 	1415 	1096 	1201 	16973 	3828 	4071 	3793 	3474 	1027 	1264 	1537 	1530 	1212 	1329 	1423 	1306 	1064 	1258 	1003 	1213 	15166 	: 	: 	: 	: 	: 	: 	: 	: 	: 	: 	: 	: 	: 	: 	: 	: 	: 	: 	: 	: 	: 	: 	: 	: 	: 	: 	: 	: 	: 	: 	: 	: 	: 	: 	: 	: 	: 	: 	: 	: 	: 	5051 
PAS,PAS_BRD_DEP,SK_LZKZ_BG_LBBG	: 	: 	: 	: 	: 	: 	: 	: 	: 	: 	12807 	1528 	: 	: 	: 	: 	194 	5894 	6719 	1528 	: 	: 	: 	: 	: 	14335 	: 	11020 	1166 	: 	: 	: 	: 	98 	4828 	6094 	1166 	: 	: 	: 	: 	: 	12186 	: 	11166 	1338 	: 	: 	: 	: 	13 	5160 	5993 	1338 	: 	: 	: 	: 	: 	12504 	: 	10316 	1141 	: 	: 	: 	: 	3 	4665 	5648 	1141 	: 	: 	: 	: 	: 	11457 	: 	10362 	1394 	: 	: 	: 	: 	25 	4895 	5442 	1394 	: 	: 	: 	: 	: 	11756 	: 	8232 	1162 	: 	: 	: 	: 	181 	3688 	4363 	1162 	: 	: 	: 	: 	: 	9394 	: 	: 	: 	: 	: 	: 	: 	: 	: 	: 	: 	: 	: 	: 	: 	: 	: 	: 	: 	: 	: 	: 	: 	: 	: 	: 	: 	: 	: 	: 	: 	: 	: 	: 	: 	: 	: 	: 	: 	: 	: 	: 	: 	: 	: 	: 	: 	: 	: 	: 	: 	: 	: 	: 	: 	: 	: 	: 	: 	: 	: 	: 	: 	: 	: 	: 	: 	: 	: 	: 	: 	: 	: 	: 	: 	: 	: 	: 	: 	: 	: 	: 	: 	: 	: 	: 	: 	: 	: 	: 	: 	: 	: 	: 	: 	: 	: 	: 	: 	: 	: 	: 	: 	: 	: 	: 	: 	: 	: 	: 	: 	: 	: 	: 	: 	: 	: 	: 	: 	: 	: 	: 	: 	: 	: 	: 	: 
PAS,PAS_BRD_DEP,SK_LZKZ_CZ_LKPR	5102 	2892 	1698 	1786 	1805 	1511 	957 	911 	1024 	4553 	5585 	4614 	3343 	1305 	1533 	1715 	2087 	1906 	1592 	1547 	1433 	1634 	1438 	900 	1005 	18095 	4532 	5151 	4819 	4249 	1238 	1393 	1901 	1918 	1597 	1636 	1682 	1461 	1676 	1368 	1379 	1502 	18751 	5122 	5877 	6184 	5200 	1460 	1703 	1959 	2059 	1867 	1951 	2135 	2046 	2003 	1932 	1530 	1738 	22383 	6892 	6819 	6781 	5937 	2189 	2178 	2525 	2519 	2119 	2181 	2252 	2225 	2304 	2208 	1793 	1936 	26429 	7434 	6498 	7919 	7633 	2124 	2554 	2756 	2594 	1970 	1934 	2678 	2627 	2614 	2523 	2462 	2648 	29484 	9096 	10352 	11973 	10426 	2626 	2951 	3519 	3583 	3345 	3424 	4104 	4336 	3533 	3410 	3465 	3551 	41847 	12059 	13253 	12506 	11647 	3353 	4026 	4680 	4691 	4226 	4336 	4541 	4399 	3566 	4097 	3573 	3977 	49465 	13073 	14609 	13838 	11033 	3634 	4485 	4954 	5038 	4863 	4708 	5128 	4440 	4270 	3769 	3431 	3833 	52553 	15520 	24848 	24076 	19715 	3889 	4403 	7228 	8300 	7927 	8621 	8739 	8448 	6889 	6554 	6237 	6924 	84159 	18741 	15086 	14069 	13474 	5520 	7567 	5654 	5282 	5007 	4797 	5276 	4528 	4265 	4504 	4077 	4893 	61370 	13747 	15649 	13944 	11852 	3994 	4458 	5295 	5130 	5512 	5007 	5496 	4324 	4124 	3997 	3246 	4609 	55192 	: 	: 	: 	: 	: 	: 	: 	: 	: 	: 	: 	: 	: 	: 	: 	: 	: 	: 	: 	: 	: 	: 	: 	: 	: 	: 	: 	: 	: 	: 	: 	: 	: 	: 	: 	: 	: 	: 	: 	: 	: 	36567 
PAS,PAS_BRD_DEP,SK_LZKZ_EG_HEGN	: 	: 	: 	: 	: 	: 	: 	: 	: 	: 	: 	: 	: 	: 	: 	: 	: 	: 	: 	: 	: 	: 	: 	: 	: 	: 	: 	: 	: 	: 	: 	: 	: 	: 	: 	: 	: 	: 	: 	: 	: 	: 	: 	: 	: 	: 	: 	: 	: 	: 	: 	: 	: 	: 	: 	: 	: 	: 	: 	: 	: 	: 	: 	: 	: 	: 	: 	: 	: 	: 	: 	: 	: 	: 	: 	: 	: 	: 	: 	: 	: 	: 	: 	: 	: 	: 	: 	: 	: 	: 	: 	: 	: 	: 	: 	: 	: 	: 	: 	: 	: 	: 	: 	: 	: 	: 	: 	: 	: 	: 	: 	252 	5281 	2344 	: 	: 	: 	252 	1375 	1639 	2267 	1913 	431 	: 	: 	: 	: 	7877 	75 	5877 	1983 	: 	: 	: 	75 	1469 	1984 	2424 	1983 	: 	: 	: 	: 	: 	7935 	331 	7233 	2970 	: 	: 	: 	331 	1891 	2498 	2844 	2374 	596 	: 	: 	: 	: 	10534 	495 	5551 	2492 	: 	: 	: 	495 	1393 	2036 	2122 	1803 	689 	: 	: 	: 	: 	8538 	: 	: 	: 	: 	: 	: 	: 	: 	: 	: 	: 	: 	: 	: 	: 	: 	: 	: 	: 	: 	: 	: 	: 	: 	: 	: 	: 	: 	: 	: 	: 	: 	: 	: 	: 	: 	: 	: 	: 	: 	: 	: 	: 	: 	: 	: 	: 	: 	: 	: 	: 	: 	: 	: 	: 	: 	: 	: 	: 
PAS,PAS_BRD_DEP,SK_LZKZ_IE_EIDW	: 	: 	: 	: 	: 	: 	: 	: 	: 	: 	: 	: 	: 	: 	: 	: 	: 	: 	: 	: 	: 	: 	: 	: 	: 	: 	: 	: 	: 	: 	: 	: 	: 	: 	: 	: 	: 	: 	: 	: 	: 	: 	: 	: 	: 	: 	: 	: 	: 	: 	: 	: 	: 	: 	: 	: 	: 	: 	: 	: 	: 	: 	: 	: 	: 	: 	: 	: 	: 	: 	: 	: 	: 	: 	: 	: 	: 	: 	: 	: 	: 	: 	: 	: 	: 	: 	: 	: 	: 	: 	: 	: 	: 	: 	: 	: 	: 	: 	: 	: 	: 	: 	: 	: 	: 	: 	: 	: 	: 	: 	: 	: 	: 	: 	: 	: 	: 	: 	: 	: 	: 	: 	: 	: 	: 	: 	: 	: 	: 	: 	: 	: 	: 	: 	: 	: 	: 	: 	: 	: 	: 	: 	: 	: 	: 	930 	4570 	4296 	4200 	: 	: 	930 	1300 	1633 	1637 	1402 	1467 	1427 	1430 	1288 	1482 	13996 	: 	: 	: 	: 	: 	: 	: 	: 	: 	: 	: 	: 	: 	: 	: 	: 	: 	: 	: 	: 	: 	: 	: 	: 	: 	: 	: 	: 	: 	: 	: 	: 	: 	: 	: 	: 	: 	: 	: 	: 	: 	: 	: 	: 	: 	: 	: 	: 	: 	: 	: 	: 	: 	: 	: 	: 	: 	: 	: 	: 	: 	: 	: 	: 	: 	: 	: 	: 	: 	: 	: 	: 	: 	: 	: 	: 
PAS,PAS_BRD_DEP,SK_LZKZ_IT_LIME	: 	: 	: 	: 	: 	: 	: 	: 	: 	: 	: 	: 	: 	: 	: 	: 	: 	: 	: 	: 	: 	: 	: 	: 	: 	: 	3150 	3766 	1023 	: 	814 	1079 	1257 	1165 	1358 	1243 	1023 	: 	: 	: 	: 	: 	7939 	: 	: 	: 	: 	: 	: 	: 	: 	: 	: 	: 	: 	: 	: 	: 	: 	: 	: 	: 	: 	: 	: 	: 	: 	: 	: 	: 	: 	: 	: 	: 	: 	: 	: 	: 	: 	: 	: 	: 	: 	: 	: 	: 	: 	: 	: 	: 	: 	: 	: 	: 	: 	: 	: 	: 	: 	: 	: 	: 	: 	: 	: 	: 	: 	: 	: 	: 	: 	: 	: 	: 	: 	: 	: 	: 	: 	: 	: 	: 	: 	: 	: 	: 	: 	: 	: 	: 	: 	: 	: 	: 	: 	: 	: 	: 	: 	: 	: 	: 	: 	: 	: 	: 	: 	: 	: 	: 	: 	: 	: 	: 	: 	: 	: 	: 	: 	: 	: 	: 	: 	: 	: 	: 	: 	: 	: 	: 	: 	: 	: 	: 	: 	: 	: 	: 	: 	: 	: 	: 	: 	: 	: 	: 	: 	: 	: 	: 	: 	: 	: 	: 	: 	: 	: 	: 	: 	: 	: 	: 	: 	: 	: 	: 	: 	: 	: 	: 	: 	: 	: 	: 	: 	: 	: 	: 	: 	: 	: 	: 	: 	: 	: 	: 	: 	: 	: 	: 	: 	: 	: 	: 	: 	: 	: 	: 
PAS,PAS_BRD_DEP,SK_LZKZ_PL_EPWA	: 	: 	: 	: 	: 	: 	: 	: 	: 	2608 	2592 	2154 	62 	744 	888 	976 	828 	836 	928 	859 	737 	558 	62 	: 	: 	7416 	: 	: 	: 	: 	: 	: 	: 	: 	: 	: 	: 	: 	: 	: 	: 	: 	: 	: 	: 	: 	: 	: 	: 	: 	: 	: 	: 	: 	: 	: 	: 	: 	: 	: 	: 	: 	: 	: 	: 	: 	: 	: 	: 	: 	: 	: 	: 	: 	: 	: 	: 	: 	: 	: 	: 	: 	: 	: 	: 	: 	: 	: 	: 	: 	: 	: 	: 	: 	: 	: 	: 	: 	: 	: 	: 	: 	: 	: 	: 	: 	: 	: 	: 	: 	: 	: 	: 	: 	: 	: 	: 	: 	: 	: 	: 	: 	: 	: 	: 	: 	: 	: 	: 	: 	: 	: 	: 	: 	: 	: 	: 	: 	: 	: 	: 	: 	: 	: 	: 	: 	: 	: 	: 	: 	: 	: 	: 	: 	: 	: 	: 	: 	: 	: 	: 	: 	: 	: 	: 	: 	: 	: 	: 	: 	: 	: 	: 	: 	: 	: 	: 	: 	: 	: 	: 	: 	: 	: 	: 	: 	: 	: 	: 	: 	: 	: 	: 	: 	: 	: 	: 	: 	: 	: 	: 	: 	: 	: 	: 	: 	: 	: 	: 	: 	: 	: 	: 	: 	: 	: 	: 	: 	: 	: 	: 	: 	: 	: 	: 	: 	: 	: 	: 	: 	: 	: 	: 	: 	: 	: 	: 	: 
PAS,PAS_BRD_DEP,SK_LZKZ_SK_LZIB	3222 	4014 	999 	1151 	1121 	950 	1470 	1318 	1226 	3706 	2725 	3997 	4107 	1290 	1464 	952 	1080 	800 	845 	1673 	1276 	1048 	1350 	1482 	1275 	14535 	3801 	2468 	2891 	2789 	1214 	1411 	1176 	1058 	597 	813 	1065 	844 	982 	993 	897 	899 	11949 	3229 	3998 	4128 	2615 	925 	1045 	1259 	1434 	1256 	1308 	1708 	1229 	1191 	916 	862 	837 	13970 	497 	839 	4185 	3678 	13 	163 	321 	139 	445 	255 	1431 	1337 	1417 	1273 	1262 	1143 	9199 	2798 	4114 	4223 	3319 	560 	834 	1404 	1283 	1362 	1469 	1438 	1465 	1320 	1327 	1062 	930 	14454 	4018 	4298 	4936 	3690 	1177 	1431 	1410 	1441 	1460 	1397 	1685 	1933 	1318 	1370 	1178 	1142 	16942 	4412 	5040 	5144 	5199 	1237 	1554 	1621 	1648 	1976 	1416 	1886 	1699 	1559 	1909 	1617 	1673 	19795 	6334 	10644 	18166 	15231 	1687 	2029 	2618 	2273 	4019 	4352 	5996 	5869 	6301 	4805 	4800 	5626 	50375 	20428 	24645 	27972 	24323 	6158 	7622 	6648 	8112 	8558 	7975 	9942 	8969 	9061 	8553 	7546 	8224 	97368 	25508 	22221 	23092 	17802 	6715 	8910 	9883 	7438 	7434 	7349 	7955 	8339 	6798 	6904 	5374 	5524 	88623 	14721 	15330 	15590 	13088 	4225 	5172 	5324 	5144 	5257 	4929 	5566 	5222 	4802 	4883 	3936 	4269 	58729 	: 	: 	: 	: 	: 	: 	: 	: 	: 	: 	: 	: 	: 	: 	: 	: 	: 	: 	: 	: 	: 	: 	: 	: 	: 	: 	: 	: 	: 	: 	: 	: 	: 	: 	: 	: 	: 	: 	: 	: 	: 	: 
PAS,PAS_BRD_DEP,SK_LZKZ_TR_LTAI	: 	: 	: 	: 	: 	: 	: 	: 	: 	: 	7437 	1046 	: 	: 	: 	: 	1123 	3072 	3242 	1046 	: 	: 	: 	: 	: 	8483 	: 	18232 	6050 	184 	: 	: 	: 	3332 	7123 	7777 	6050 	: 	: 	184 	: 	: 	24466 	0 	16598 	5109 	: 	: 	: 	0 	3576 	6336 	6686 	5109 	: 	: 	: 	: 	: 	21707 	: 	14497 	4277 	: 	: 	: 	: 	3002 	5317 	6178 	4277 	: 	: 	: 	: 	: 	18774 	0 	13083 	4281 	: 	: 	: 	0 	3221 	4827 	5035 	4281 	: 	: 	: 	: 	: 	17364 	4 	13275 	4117 	: 	: 	: 	4 	2795 	4883 	5597 	4001 	116 	: 	: 	: 	: 	17396 	58 	8853 	3760 	: 	: 	: 	58 	1640 	3368 	3845 	3481 	279 	: 	: 	: 	: 	12671 	: 	: 	: 	: 	: 	: 	: 	: 	: 	: 	: 	: 	: 	: 	: 	: 	: 	: 	: 	: 	: 	: 	: 	: 	: 	: 	: 	: 	: 	: 	: 	: 	: 	: 	: 	: 	: 	: 	: 	: 	: 	: 	: 	: 	: 	: 	: 	: 	: 	: 	: 	: 	: 	: 	: 	: 	: 	: 	: 	: 	: 	: 	: 	: 	: 	: 	: 	: 	: 	: 	: 	: 	: 	: 	: 	: 	: 	: 	: 	: 	: 	: 	: 	: 	: 	: 	: 	: 	: 	: 	: 	: 	: 	: 	: 	: 	: 	: 	: 	: 	: 	: 	: 	: 	: 	: 	: 	: 	: 	: 
PAS,PAS_BRD_DEP,SK_LZKZ_UA_UKBB	: 	: 	: 	: 	: 	: 	: 	: 	: 	707 	597 	663 	718 	254 	192 	261 	205 	211 	181 	257 	197 	209 	201 	238 	279 	2685 	: 	: 	: 	: 	: 	: 	: 	: 	: 	: 	: 	: 	: 	: 	: 	: 	: 	: 	: 	: 	: 	: 	: 	: 	: 	: 	: 	: 	: 	: 	: 	: 	: 	: 	: 	: 	: 	: 	: 	: 	: 	: 	: 	: 	: 	: 	: 	: 	: 	: 	: 	: 	: 	: 	: 	: 	: 	: 	: 	: 	: 	: 	: 	: 	: 	: 	: 	: 	: 	: 	: 	: 	: 	: 	: 	: 	: 	: 	: 	: 	: 	: 	: 	: 	: 	: 	: 	: 	: 	: 	: 	: 	: 	: 	: 	: 	: 	: 	: 	: 	: 	: 	: 	: 	: 	: 	: 	: 	: 	: 	: 	: 	: 	: 	: 	: 	: 	: 	: 	: 	: 	: 	: 	: 	: 	: 	: 	: 	: 	: 	: 	: 	: 	: 	: 	: 	: 	: 	: 	: 	: 	: 	: 	: 	: 	: 	: 	: 	: 	: 	: 	: 	: 	: 	: 	: 	: 	: 	: 	: 	: 	: 	: 	: 	: 	: 	: 	: 	: 	: 	: 	: 	: 	: 	: 	: 	: 	: 	: 	: 	: 	: 	: 	: 	: 	: 	: 	: 	: 	: 	: 	: 	: 	: 	: 	: 	: 	: 	: 	: 	: 	: 	: 	: 	: 	: 	: 	: 	: 	: 	: 	: 
PAS,PAS_BRD_DEP,SK_LZKZ_UK_EGCN	5084 	4246 	2078 	1768 	1491 	1825 	1244 	1314 	1688 	4404 	6175 	4658 	3983 	1476 	1474 	1454 	1883 	2228 	2064 	1712 	1485 	1461 	1543 	1245 	1195 	19220 	4182 	4458 	1131 	: 	1405 	1471 	1306 	1537 	1584 	1337 	1131 	: 	: 	: 	: 	: 	9771 	: 	: 	: 	: 	: 	: 	: 	: 	: 	: 	: 	: 	: 	: 	: 	: 	: 	: 	: 	: 	: 	: 	: 	: 	: 	: 	: 	: 	: 	: 	: 	: 	: 	: 	: 	: 	: 	: 	: 	: 	: 	: 	: 	: 	: 	: 	: 	: 	: 	: 	: 	: 	: 	: 	: 	: 	: 	: 	: 	: 	: 	: 	: 	: 	: 	: 	: 	: 	: 	: 	: 	: 	: 	: 	: 	: 	: 	: 	: 	: 	: 	: 	: 	: 	: 	: 	: 	: 	: 	: 	: 	: 	: 	: 	: 	: 	: 	: 	: 	: 	: 	: 	: 	: 	: 	: 	: 	: 	: 	: 	: 	: 	: 	: 	: 	: 	: 	: 	: 	: 	: 	: 	: 	: 	: 	: 	: 	: 	: 	: 	: 	: 	: 	: 	: 	: 	: 	: 	: 	: 	: 	: 	: 	: 	: 	: 	: 	: 	: 	: 	: 	: 	: 	: 	: 	: 	: 	: 	: 	: 	: 	: 	: 	: 	: 	: 	: 	: 	: 	: 	: 	: 	: 	: 	: 	: 	: 	: 	: 	: 	: 	: 	: 	: 	: 	: 	: 	: 	: 	: 	: 	: 	: 	: 	: 
PAS,PAS_BRD_DEP,SK_LZKZ_UK_EGGD	: 	: 	: 	: 	: 	: 	: 	: 	: 	3782 	4362 	3755 	2703 	1182 	1140 	1460 	1525 	1507 	1330 	1169 	1320 	1266 	782 	608 	1313 	14602 	: 	: 	: 	: 	: 	: 	: 	: 	: 	: 	: 	: 	: 	: 	: 	: 	: 	: 	: 	: 	: 	: 	: 	: 	: 	: 	: 	: 	: 	: 	: 	: 	: 	: 	: 	: 	: 	: 	: 	: 	: 	: 	: 	: 	: 	: 	: 	: 	: 	: 	: 	: 	: 	: 	: 	: 	: 	: 	: 	: 	: 	: 	: 	: 	: 	: 	: 	: 	: 	: 	: 	: 	: 	: 	: 	: 	: 	: 	: 	: 	: 	: 	: 	: 	: 	: 	: 	: 	: 	: 	: 	: 	: 	: 	: 	: 	: 	: 	: 	: 	: 	: 	: 	: 	: 	: 	: 	: 	: 	: 	: 	: 	: 	: 	: 	: 	: 	: 	: 	: 	: 	: 	: 	: 	: 	: 	: 	: 	: 	: 	: 	: 	: 	: 	: 	: 	: 	: 	: 	: 	: 	: 	: 	: 	: 	: 	: 	: 	: 	: 	: 	: 	: 	: 	: 	: 	: 	: 	: 	: 	: 	: 	: 	: 	: 	: 	: 	: 	: 	: 	: 	: 	: 	: 	: 	: 	: 	: 	: 	: 	: 	: 	: 	: 	: 	: 	: 	: 	: 	: 	: 	: 	: 	: 	: 	: 	: 	: 	: 	: 	: 	: 	: 	: 	: 	: 	: 	: 	: 	: 	: 	: 
PAS,PAS_BRD_DEP,SK_LZKZ_UK_EGGW	17091 	14999 	5125 	5655 	5709 	5727 	5060 	4571 	5368 	16356 	19001 	17170 	14371 	5042 	5468 	5846 	6156 	6830 	6015 	6307 	5714 	5149 	5034 	4501 	4836 	66898 	13411 	20800 	16566 	13596 	3691 	4613 	5107 	6195 	7631 	6974 	6740 	5036 	4790 	4702 	4125 	4769 	64373 	13335 	20557 	12285 	9367 	3998 	4523 	4814 	6017 	7381 	7159 	5385 	3623 	3277 	3177 	2831 	3359 	55544 	: 	: 	: 	: 	: 	: 	: 	: 	: 	: 	: 	: 	: 	: 	: 	: 	: 	: 	: 	: 	: 	: 	: 	: 	: 	: 	: 	: 	: 	: 	: 	: 	: 	: 	: 	: 	: 	: 	: 	: 	: 	: 	: 	: 	: 	: 	: 	: 	: 	: 	: 	: 	: 	: 	: 	: 	: 	: 	: 	: 	: 	: 	: 	: 	: 	: 	: 	: 	0 	3698 	4649 	5748 	: 	0 	: 	: 	1998 	1700 	1506 	1497 	1646 	1723 	1846 	2179 	14095 	4449 	6216 	4976 	4943 	1413 	1539 	1497 	1940 	2256 	2020 	1707 	1625 	1644 	1711 	1578 	1654 	20584 	: 	: 	: 	: 	: 	: 	: 	: 	: 	: 	: 	: 	: 	: 	: 	: 	: 	: 	: 	: 	: 	: 	: 	: 	: 	: 	: 	: 	: 	: 	: 	: 	: 	: 	: 	: 	: 	: 	: 	: 	: 	: 	: 	: 	: 	: 	: 	: 	: 	: 	: 	: 	: 	: 	: 	: 	: 	: 	: 	: 	: 	: 	: 	: 	: 	: 	: 	: 	: 	: 	: 	: 	: 	: 	: 	: 
PAS,PAS_CRD,SK_LZ99_AT_LO99	: 	: 	: 	: 	: 	: 	: 	: 	: 	: 	: 	: 	: 	: 	: 	: 	: 	: 	: 	: 	: 	: 	: 	: 	: 	: 	: 	: 	: 	: 	: 	: 	: 	: 	: 	: 	: 	: 	: 	: 	: 	: 	: 	: 	: 	: 	: 	: 	: 	: 	: 	: 	: 	: 	: 	: 	: 	: 	: 	: 	: 	: 	: 	: 	: 	: 	: 	: 	: 	: 	: 	: 	: 	: 	: 	: 	: 	: 	: 	: 	: 	: 	: 	: 	: 	: 	: 	: 	: 	: 	: 	: 	: 	: 	: 	: 	: 	: 	: 	: 	: 	: 	: 	: 	: 	: 	: 	: 	: 	: 	: 	: 	: 	: 	: 	: 	: 	: 	: 	: 	: 	: 	: 	: 	: 	: 	: 	: 	: 	: 	: 	: 	: 	: 	: 	: 	: 	: 	: 	: 	: 	: 	: 	: 	: 	: 	: 	: 	: 	: 	: 	: 	: 	: 	: 	: 	: 	: 	: 	: 	: 	: 	: 	: 	: 	: 	: 	: 	: 	: 	: 	: 	: 	: 	: 	: 	: 	: 	: 	: 	: 	: 	: 	: 	: 	: 	: 	: 	: 	: 	: 	: 	: 	: 	: 	: 	7045 	7701 	7401 	5306 	2332 	2245 	2468 	2810 	2251 	2640 	2916 	2336 	2149 	2038 	1535 	1733 	27453 	5525 	5642 	5722 	4122 	1783 	1758 	1984 	2232 	1683 	1727 	2061 	1814 	1847 	21011 	: 	: 	: 	: 	: 	: 	: 	: 	: 	: 	: 
PAS,PAS_CRD,SK_LZ99_BE_EB99	: 	: 	: 	: 	: 	: 	: 	: 	: 	: 	: 	: 	: 	: 	: 	: 	: 	: 	: 	: 	: 	: 	: 	: 	: 	: 	: 	: 	: 	: 	: 	: 	: 	: 	: 	: 	: 	: 	: 	: 	: 	: 	: 	: 	: 	: 	: 	: 	: 	: 	: 	: 	: 	: 	: 	: 	: 	: 	: 	: 	: 	: 	: 	: 	: 	: 	: 	: 	: 	: 	: 	: 	: 	: 	: 	: 	: 	: 	: 	: 	: 	: 	: 	: 	: 	: 	: 	: 	: 	: 	: 	: 	: 	: 	: 	: 	: 	: 	: 	: 	: 	: 	: 	: 	: 	: 	: 	: 	: 	: 	: 	: 	: 	: 	: 	: 	: 	: 	: 	: 	: 	: 	: 	: 	: 	: 	: 	: 	: 	: 	: 	: 	: 	: 	: 	: 	: 	: 	: 	: 	: 	: 	: 	: 	: 	: 	: 	: 	: 	: 	: 	: 	: 	: 	: 	: 	: 	: 	: 	: 	: 	: 	: 	: 	: 	: 	: 	: 	: 	: 	: 	: 	: 	: 	: 	: 	: 	: 	: 	: 	: 	: 	: 	: 	: 	: 	: 	: 	: 	: 	: 	: 	: 	: 	: 	: 	9072 	5909 	7969 	5195 	2798 	3281 	2993 	2782 	1308 	1819 	2576 	2844 	2549 	1916 	1994 	1285 	28145 	: 	: 	: 	: 	: 	: 	: 	: 	: 	: 	: 	: 	: 	: 	: 	: 	: 	: 	: 	: 	: 	: 	: 	: 	: 
PAS,PAS_CRD,SK_LZ99_BG_LB99	: 	: 	: 	: 	: 	: 	: 	: 	: 	: 	: 	: 	: 	: 	: 	: 	: 	: 	: 	: 	: 	: 	: 	: 	: 	: 	: 	: 	: 	: 	: 	: 	: 	: 	: 	: 	: 	: 	: 	: 	: 	: 	: 	: 	: 	: 	: 	: 	: 	: 	: 	: 	: 	: 	: 	: 	: 	: 	: 	: 	: 	: 	: 	: 	: 	: 	: 	: 	: 	: 	: 	: 	: 	: 	: 	: 	: 	: 	: 	: 	: 	: 	: 	: 	: 	: 	: 	: 	: 	: 	: 	: 	: 	: 	: 	: 	: 	: 	: 	: 	: 	: 	: 	: 	: 	: 	: 	: 	: 	: 	: 	: 	: 	: 	: 	: 	: 	: 	: 	: 	: 	: 	: 	: 	: 	: 	: 	: 	: 	: 	: 	: 	: 	: 	: 	: 	: 	: 	: 	: 	: 	: 	: 	: 	: 	: 	: 	: 	: 	: 	: 	: 	: 	: 	: 	: 	: 	: 	: 	: 	: 	: 	: 	: 	: 	: 	: 	: 	: 	: 	: 	: 	: 	: 	: 	: 	: 	: 	: 	: 	: 	: 	: 	: 	: 	: 	: 	: 	: 	: 	: 	: 	: 	: 	: 	: 	1180 	41247 	4389 	: 	1180 	: 	: 	4704 	19127 	17416 	4389 	: 	: 	: 	: 	: 	46816 	6 	30705 	4431 	62 	: 	6 	: 	2423 	13548 	14734 	4429 	2 	: 	35204 	45 	25937 	2471 	33 	28486 	: 	: 	: 	: 	: 	: 
PAS,PAS_CRD,SK_LZ99_CZ_LK99	: 	: 	: 	: 	: 	: 	: 	: 	: 	: 	: 	: 	: 	: 	: 	: 	: 	: 	: 	: 	: 	: 	: 	: 	: 	: 	: 	: 	: 	: 	: 	: 	: 	: 	: 	: 	: 	: 	: 	: 	: 	: 	: 	: 	: 	: 	: 	: 	: 	: 	: 	: 	: 	: 	: 	: 	: 	: 	: 	: 	: 	: 	: 	: 	: 	: 	: 	: 	: 	: 	: 	: 	: 	: 	: 	: 	: 	: 	: 	: 	: 	: 	: 	: 	: 	: 	: 	: 	: 	: 	: 	: 	: 	: 	: 	: 	: 	: 	: 	: 	: 	: 	: 	: 	: 	: 	: 	: 	: 	: 	: 	: 	: 	: 	: 	: 	: 	: 	: 	: 	: 	: 	: 	: 	: 	: 	: 	: 	: 	: 	: 	: 	: 	: 	: 	: 	: 	: 	: 	: 	: 	: 	: 	: 	: 	: 	: 	: 	: 	: 	: 	: 	: 	: 	: 	: 	: 	: 	: 	: 	: 	: 	: 	: 	: 	: 	: 	: 	: 	: 	: 	: 	: 	: 	: 	: 	: 	: 	: 	: 	: 	: 	: 	: 	: 	: 	: 	: 	: 	: 	: 	: 	: 	: 	: 	: 	45728 	55345 	50797 	42218 	14322 	14356 	17050 	19167 	17744 	18434 	19439 	15831 	15527 	15326 	12485 	14407 	194088 	47232 	52284 	48990 	38891 	15027 	15168 	17037 	18507 	16818 	16959 	17814 	15803 	15373 	187397 	42283 	47448 	42579 	32045 	164355 	39659 	45991 	42486 	31947 	160083 	: 
PAS,PAS_CRD,SK_LZ99_DE_ED99	: 	: 	: 	: 	: 	: 	: 	: 	: 	: 	: 	: 	: 	: 	: 	: 	: 	: 	: 	: 	: 	: 	: 	: 	: 	: 	: 	: 	: 	: 	: 	: 	: 	: 	: 	: 	: 	: 	: 	: 	: 	: 	: 	: 	: 	: 	: 	: 	: 	: 	: 	: 	: 	: 	: 	: 	: 	: 	: 	: 	: 	: 	: 	: 	: 	: 	: 	: 	: 	: 	: 	: 	: 	: 	: 	: 	: 	: 	: 	: 	: 	: 	: 	: 	: 	: 	: 	: 	: 	: 	: 	: 	: 	: 	: 	: 	: 	: 	: 	: 	: 	: 	: 	: 	: 	: 	: 	: 	: 	: 	: 	: 	: 	: 	: 	: 	: 	: 	: 	: 	: 	: 	: 	: 	: 	: 	: 	: 	: 	: 	: 	: 	: 	: 	: 	: 	: 	: 	: 	: 	: 	: 	: 	: 	: 	: 	: 	: 	: 	: 	: 	: 	: 	: 	: 	: 	: 	: 	: 	: 	: 	: 	: 	: 	: 	: 	: 	: 	: 	: 	: 	: 	: 	: 	: 	: 	: 	: 	: 	: 	: 	: 	: 	: 	: 	: 	: 	: 	: 	: 	: 	: 	: 	: 	: 	: 	36256 	20889 	22379 	23333 	13653 	14622 	7981 	8263 	6134 	6492 	8126 	6409 	7844 	9833 	6770 	6730 	102857 	18229 	14693 	10149 	4731 	8227 	5059 	4943 	5547 	4552 	4594 	4232 	3932 	1985 	47802 	: 	: 	: 	: 	: 	: 	: 	: 	: 	: 	: 
PAS,PAS_CRD,SK_LZ99_EG_HE99	: 	: 	: 	: 	: 	: 	: 	: 	: 	: 	: 	: 	: 	: 	: 	: 	: 	: 	: 	: 	: 	: 	: 	: 	: 	: 	: 	: 	: 	: 	: 	: 	: 	: 	: 	: 	: 	: 	: 	: 	: 	: 	: 	: 	: 	: 	: 	: 	: 	: 	: 	: 	: 	: 	: 	: 	: 	: 	: 	: 	: 	: 	: 	: 	: 	: 	: 	: 	: 	: 	: 	: 	: 	: 	: 	: 	: 	: 	: 	: 	: 	: 	: 	: 	: 	: 	: 	: 	: 	: 	: 	: 	: 	: 	: 	: 	: 	: 	: 	: 	: 	: 	: 	: 	: 	: 	: 	: 	: 	: 	: 	: 	: 	: 	: 	: 	: 	: 	: 	: 	: 	: 	: 	: 	: 	: 	: 	: 	: 	: 	: 	: 	: 	: 	: 	: 	: 	: 	: 	: 	: 	: 	: 	: 	: 	: 	: 	: 	: 	: 	: 	: 	: 	: 	: 	: 	: 	: 	: 	: 	: 	: 	: 	: 	: 	: 	: 	: 	: 	: 	: 	: 	: 	: 	: 	: 	: 	: 	: 	: 	: 	: 	: 	: 	: 	: 	: 	: 	: 	: 	: 	: 	: 	: 	: 	: 	11869 	46796 	33265 	4800 	1782 	2191 	7896 	11774 	15769 	19253 	15925 	12632 	4708 	2476 	1053 	1271 	96730 	23575 	63493 	35116 	5753 	2828 	4587 	16160 	19611 	21440 	22442 	20467 	11216 	3433 	127937 	15776 	27171 	7844 	3295 	54086 	9653 	16197 	8083 	153 	34086 	: 
PAS,PAS_CRD,SK_LZ99_EL_LG99	: 	: 	: 	: 	: 	: 	: 	: 	: 	: 	: 	: 	: 	: 	: 	: 	: 	: 	: 	: 	: 	: 	: 	: 	: 	: 	: 	: 	: 	: 	: 	: 	: 	: 	: 	: 	: 	: 	: 	: 	: 	: 	: 	: 	: 	: 	: 	: 	: 	: 	: 	: 	: 	: 	: 	: 	: 	: 	: 	: 	: 	: 	: 	: 	: 	: 	: 	: 	: 	: 	: 	: 	: 	: 	: 	: 	: 	: 	: 	: 	: 	: 	: 	: 	: 	: 	: 	: 	: 	: 	: 	: 	: 	: 	: 	: 	: 	: 	: 	: 	: 	: 	: 	: 	: 	: 	: 	: 	: 	: 	: 	: 	: 	: 	: 	: 	: 	: 	: 	: 	: 	: 	: 	: 	: 	: 	: 	: 	: 	: 	: 	: 	: 	: 	: 	: 	: 	: 	: 	: 	: 	: 	: 	: 	: 	: 	: 	: 	: 	: 	: 	: 	: 	: 	: 	: 	: 	: 	: 	: 	: 	: 	: 	: 	: 	: 	: 	: 	: 	: 	: 	: 	: 	: 	: 	: 	: 	: 	: 	: 	: 	: 	: 	: 	: 	: 	: 	: 	: 	: 	: 	: 	: 	: 	: 	: 	1049 	93815 	19198 	175 	4 	: 	1045 	23609 	35279 	34927 	18510 	688 	: 	: 	: 	175 	114237 	1487 	81609 	17957 	381 	390 	162 	935 	19102 	31641 	30866 	16926 	1031 	: 	101434 	1006 	75364 	16074 	237 	92681 	2405 	58599 	14304 	: 	75308 	: 
PAS,PAS_CRD,SK_LZ99_ES_LE99	: 	: 	: 	: 	: 	: 	: 	: 	: 	: 	: 	: 	: 	: 	: 	: 	: 	: 	: 	: 	: 	: 	: 	: 	: 	: 	: 	: 	: 	: 	: 	: 	: 	: 	: 	: 	: 	: 	: 	: 	: 	: 	: 	: 	: 	: 	: 	: 	: 	: 	: 	: 	: 	: 	: 	: 	: 	: 	: 	: 	: 	: 	: 	: 	: 	: 	: 	: 	: 	: 	: 	: 	: 	: 	: 	: 	: 	: 	: 	: 	: 	: 	: 	: 	: 	: 	: 	: 	: 	: 	: 	: 	: 	: 	: 	: 	: 	: 	: 	: 	: 	: 	: 	: 	: 	: 	: 	: 	: 	: 	: 	: 	: 	: 	: 	: 	: 	: 	: 	: 	: 	: 	: 	: 	: 	: 	: 	: 	: 	: 	: 	: 	: 	: 	: 	: 	: 	: 	: 	: 	: 	: 	: 	: 	: 	: 	: 	: 	: 	: 	: 	: 	: 	: 	: 	: 	: 	: 	: 	: 	: 	: 	: 	: 	: 	: 	: 	: 	: 	: 	: 	: 	: 	: 	: 	: 	: 	: 	: 	: 	: 	: 	: 	: 	: 	: 	: 	: 	: 	: 	: 	: 	: 	: 	: 	: 	6639 	25472 	9926 	4157 	1538 	2442 	2659 	6702 	9761 	9009 	5886 	2176 	1864 	1793 	1121 	1243 	46194 	4557 	20577 	7212 	376 	1411 	1242 	1904 	4422 	8066 	8089 	4302 	1713 	1197 	32722 	: 	: 	: 	: 	: 	: 	: 	: 	: 	: 	: 
PAS,PAS_CRD,SK_LZ99_FR_LF99	: 	: 	: 	: 	: 	: 	: 	: 	: 	: 	: 	: 	: 	: 	: 	: 	: 	: 	: 	: 	: 	: 	: 	: 	: 	: 	: 	: 	: 	: 	: 	: 	: 	: 	: 	: 	: 	: 	: 	: 	: 	: 	: 	: 	: 	: 	: 	: 	: 	: 	: 	: 	: 	: 	: 	: 	: 	: 	: 	: 	: 	: 	: 	: 	: 	: 	: 	: 	: 	: 	: 	: 	: 	: 	: 	: 	: 	: 	: 	: 	: 	: 	: 	: 	: 	: 	: 	: 	: 	: 	: 	: 	: 	: 	: 	: 	: 	: 	: 	: 	: 	: 	: 	: 	: 	: 	: 	: 	: 	: 	: 	: 	: 	: 	: 	: 	: 	: 	: 	: 	: 	: 	: 	: 	: 	: 	: 	: 	: 	: 	: 	: 	: 	: 	: 	: 	: 	: 	: 	: 	: 	: 	: 	: 	: 	: 	: 	: 	: 	: 	: 	: 	: 	: 	: 	: 	: 	: 	: 	: 	: 	: 	: 	: 	: 	: 	: 	: 	: 	: 	: 	: 	: 	: 	: 	: 	: 	: 	: 	: 	: 	: 	: 	: 	: 	: 	: 	: 	: 	: 	: 	: 	: 	: 	: 	: 	33166 	31520 	35622 	20638 	10924 	11269 	10973 	10689 	10212 	10619 	12565 	12664 	10393 	8178 	7080 	5380 	120946 	25277 	25262 	27602 	12300 	6883 	8042 	10352 	9182 	7956 	8124 	9867 	11423 	6312 	90441 	: 	: 	: 	: 	: 	: 	: 	: 	: 	: 	: 
PAS,PAS_CRD,SK_LZ99_HR_LD99	: 	: 	: 	: 	: 	: 	: 	: 	: 	: 	: 	: 	: 	: 	: 	: 	: 	: 	: 	: 	: 	: 	: 	: 	: 	: 	: 	: 	: 	: 	: 	: 	: 	: 	: 	: 	: 	: 	: 	: 	: 	: 	: 	: 	: 	: 	: 	: 	: 	: 	: 	: 	: 	: 	: 	: 	: 	: 	: 	: 	: 	: 	: 	: 	: 	: 	: 	: 	: 	: 	: 	: 	: 	: 	: 	: 	: 	: 	: 	: 	: 	: 	: 	: 	: 	: 	: 	: 	: 	: 	: 	: 	: 	: 	: 	: 	: 	: 	: 	: 	: 	: 	: 	: 	: 	: 	: 	: 	: 	: 	: 	: 	: 	: 	: 	: 	: 	: 	: 	: 	: 	: 	: 	: 	: 	: 	: 	: 	: 	: 	: 	: 	: 	: 	: 	: 	: 	: 	: 	: 	: 	: 	: 	: 	: 	: 	: 	: 	: 	: 	: 	: 	: 	: 	: 	: 	: 	: 	: 	: 	: 	: 	: 	: 	: 	: 	: 	: 	: 	: 	: 	: 	: 	: 	: 	: 	: 	: 	: 	: 	: 	: 	: 	: 	: 	: 	: 	: 	: 	: 	: 	: 	: 	: 	: 	: 	574 	21032 	5813 	4 	542 	32 	: 	4610 	8357 	8065 	4519 	1294 	: 	: 	: 	4 	27423 	: 	: 	: 	: 	: 	: 	: 	: 	: 	: 	: 	: 	: 	: 	: 	: 	: 	: 	: 	: 	: 	: 	: 	: 	: 
PAS,PAS_CRD,SK_LZ99_IT_LI99	: 	: 	: 	: 	: 	: 	: 	: 	: 	: 	: 	: 	: 	: 	: 	: 	: 	: 	: 	: 	: 	: 	: 	: 	: 	: 	: 	: 	: 	: 	: 	: 	: 	: 	: 	: 	: 	: 	: 	: 	: 	: 	: 	: 	: 	: 	: 	: 	: 	: 	: 	: 	: 	: 	: 	: 	: 	: 	: 	: 	: 	: 	: 	: 	: 	: 	: 	: 	: 	: 	: 	: 	: 	: 	: 	: 	: 	: 	: 	: 	: 	: 	: 	: 	: 	: 	: 	: 	: 	: 	: 	: 	: 	: 	: 	: 	: 	: 	: 	: 	: 	: 	: 	: 	: 	: 	: 	: 	: 	: 	: 	: 	: 	: 	: 	: 	: 	: 	: 	: 	: 	: 	: 	: 	: 	: 	: 	: 	: 	: 	: 	: 	: 	: 	: 	: 	: 	: 	: 	: 	: 	: 	: 	: 	: 	: 	: 	: 	: 	: 	: 	: 	: 	: 	: 	: 	: 	: 	: 	: 	: 	: 	: 	: 	: 	: 	: 	: 	: 	: 	: 	: 	: 	: 	: 	: 	: 	: 	: 	: 	: 	: 	: 	: 	: 	: 	: 	: 	: 	: 	: 	: 	: 	: 	: 	: 	43010 	27323 	29043 	19158 	15744 	14508 	12758 	8542 	9188 	9593 	9948 	9752 	9343 	7931 	5781 	5446 	118534 	15619 	13698 	13628 	5074 	5597 	4837 	5185 	5459 	4680 	3559 	4330 	5096 	4202 	48019 	: 	: 	: 	: 	: 	: 	: 	: 	: 	: 	: 
PAS,PAS_CRD,SK_LZ99_NL_EH99	: 	: 	: 	: 	: 	: 	: 	: 	: 	: 	: 	: 	: 	: 	: 	: 	: 	: 	: 	: 	: 	: 	: 	: 	: 	: 	: 	: 	: 	: 	: 	: 	: 	: 	: 	: 	: 	: 	: 	: 	: 	: 	: 	: 	: 	: 	: 	: 	: 	: 	: 	: 	: 	: 	: 	: 	: 	: 	: 	: 	: 	: 	: 	: 	: 	: 	: 	: 	: 	: 	: 	: 	: 	: 	: 	: 	: 	: 	: 	: 	: 	: 	: 	: 	: 	: 	: 	: 	: 	: 	: 	: 	: 	: 	: 	: 	: 	: 	: 	: 	: 	: 	: 	: 	: 	: 	: 	: 	: 	: 	: 	: 	: 	: 	: 	: 	: 	: 	: 	: 	: 	: 	: 	: 	: 	: 	: 	: 	: 	: 	: 	: 	: 	: 	: 	: 	: 	: 	: 	: 	: 	: 	: 	: 	: 	: 	: 	: 	: 	: 	: 	: 	: 	: 	: 	: 	: 	: 	: 	: 	: 	: 	: 	: 	: 	: 	: 	: 	: 	: 	: 	: 	: 	: 	: 	: 	: 	: 	: 	: 	: 	: 	: 	: 	: 	: 	: 	: 	: 	: 	: 	: 	: 	: 	: 	: 	11054 	13752 	15921 	9122 	3344 	3249 	4461 	3990 	4622 	5140 	5740 	5365 	4816 	3579 	2919 	2624 	49849 	9476 	8634 	8577 	461 	3186 	3170 	3120 	3057 	3022 	2555 	2513 	3242 	2822 	27148 	: 	: 	: 	: 	: 	: 	: 	: 	: 	: 	: 
PAS,PAS_CRD,SK_LZ99_RU_UU99	: 	: 	: 	: 	: 	: 	: 	: 	: 	: 	: 	: 	: 	: 	: 	: 	: 	: 	: 	: 	: 	: 	: 	: 	: 	: 	: 	: 	: 	: 	: 	: 	: 	: 	: 	: 	: 	: 	: 	: 	: 	: 	: 	: 	: 	: 	: 	: 	: 	: 	: 	: 	: 	: 	: 	: 	: 	: 	: 	: 	: 	: 	: 	: 	: 	: 	: 	: 	: 	: 	: 	: 	: 	: 	: 	: 	: 	: 	: 	: 	: 	: 	: 	: 	: 	: 	: 	: 	: 	: 	: 	: 	: 	: 	: 	: 	: 	: 	: 	: 	: 	: 	: 	: 	: 	: 	: 	: 	: 	: 	: 	: 	: 	: 	: 	: 	: 	: 	: 	: 	: 	: 	: 	: 	: 	: 	: 	: 	: 	: 	: 	: 	: 	: 	: 	: 	: 	: 	: 	: 	: 	: 	: 	: 	: 	: 	: 	: 	: 	: 	: 	: 	: 	: 	: 	: 	: 	: 	: 	: 	: 	: 	: 	: 	: 	: 	: 	: 	: 	: 	: 	: 	: 	: 	: 	: 	: 	: 	: 	: 	: 	: 	: 	: 	: 	: 	: 	: 	: 	: 	: 	: 	: 	: 	: 	: 	6773 	6651 	7045 	4716 	1874 	2089 	2810 	2121 	2488 	2042 	2312 	2436 	2297 	1412 	1510 	1794 	25185 	5696 	7297 	6871 	5725 	1850 	1922 	1924 	2212 	2627 	2458 	2039 	2519 	2313 	25589 	6524 	6358 	5210 	5139 	23231 	6178 	7446 	6549 	5946 	26119 	: 
PAS,PAS_CRD,SK_LZ99_SK_LZ99	: 	: 	: 	: 	: 	: 	: 	: 	: 	: 	: 	: 	: 	: 	: 	: 	: 	: 	: 	: 	: 	: 	: 	: 	: 	: 	: 	: 	: 	: 	: 	: 	: 	: 	: 	: 	: 	: 	: 	: 	: 	: 	: 	: 	: 	: 	: 	: 	: 	: 	: 	: 	: 	: 	: 	: 	: 	: 	: 	: 	: 	: 	: 	: 	: 	: 	: 	: 	: 	: 	: 	: 	: 	: 	: 	: 	: 	: 	: 	: 	: 	: 	: 	: 	: 	: 	: 	: 	: 	: 	: 	: 	: 	: 	: 	: 	: 	: 	: 	: 	: 	: 	: 	: 	: 	: 	: 	: 	: 	: 	: 	: 	: 	: 	: 	: 	: 	: 	: 	: 	: 	: 	: 	: 	: 	: 	: 	: 	: 	: 	: 	: 	: 	: 	: 	: 	: 	: 	: 	: 	: 	: 	: 	: 	: 	: 	: 	: 	: 	: 	: 	: 	: 	: 	: 	: 	: 	: 	: 	: 	: 	: 	: 	: 	: 	: 	: 	: 	: 	: 	: 	: 	: 	: 	: 	: 	: 	: 	: 	: 	: 	: 	: 	: 	: 	: 	: 	: 	: 	: 	: 	: 	: 	: 	: 	: 	40097 	32821 	35088 	18958 	14378 	12626 	13093 	11893 	10625 	10303 	12063 	10735 	12290 	8111 	6054 	4793 	126964 	17918 	18105 	18963 	16695 	5263 	6280 	6375 	6781 	5759 	5565 	6571 	6154 	6238 	71681 	18992 	16210 	16353 	12246 	63801 	17627 	14283 	21263 	10580 	63753 	: 
PAS,PAS_CRD,SK_LZ99_TN_DT99	: 	: 	: 	: 	: 	: 	: 	: 	: 	: 	: 	: 	: 	: 	: 	: 	: 	: 	: 	: 	: 	: 	: 	: 	: 	: 	: 	: 	: 	: 	: 	: 	: 	: 	: 	: 	: 	: 	: 	: 	: 	: 	: 	: 	: 	: 	: 	: 	: 	: 	: 	: 	: 	: 	: 	: 	: 	: 	: 	: 	: 	: 	: 	: 	: 	: 	: 	: 	: 	: 	: 	: 	: 	: 	: 	: 	: 	: 	: 	: 	: 	: 	: 	: 	: 	: 	: 	: 	: 	: 	: 	: 	: 	: 	: 	: 	: 	: 	: 	: 	: 	: 	: 	: 	: 	: 	: 	: 	: 	: 	: 	: 	: 	: 	: 	: 	: 	: 	: 	: 	: 	: 	: 	: 	: 	: 	: 	: 	: 	: 	: 	: 	: 	: 	: 	: 	: 	: 	: 	: 	: 	: 	: 	: 	: 	: 	: 	: 	: 	: 	: 	: 	: 	: 	: 	: 	: 	: 	: 	: 	: 	: 	: 	: 	: 	: 	: 	: 	: 	: 	: 	: 	: 	: 	: 	: 	: 	: 	: 	: 	: 	: 	: 	: 	: 	: 	: 	: 	: 	: 	: 	: 	: 	: 	: 	: 	1777 	55196 	14793 	208 	: 	: 	1777 	14214 	19830 	21152 	12697 	2096 	: 	: 	: 	208 	71974 	2666 	43640 	12615 	: 	: 	: 	2666 	11126 	16108 	16406 	10379 	2236 	: 	58921 	2182 	28700 	8759 	: 	39641 	1428 	19479 	6743 	301 	27951 	: 
PAS,PAS_CRD,SK_LZ99_TR_LT99	: 	: 	: 	: 	: 	: 	: 	: 	: 	: 	: 	: 	: 	: 	: 	: 	: 	: 	: 	: 	: 	: 	: 	: 	: 	: 	: 	: 	: 	: 	: 	: 	: 	: 	: 	: 	: 	: 	: 	: 	: 	: 	: 	: 	: 	: 	: 	: 	: 	: 	: 	: 	: 	: 	: 	: 	: 	: 	: 	: 	: 	: 	: 	: 	: 	: 	: 	: 	: 	: 	: 	: 	: 	: 	: 	: 	: 	: 	: 	: 	: 	: 	: 	: 	: 	: 	: 	: 	: 	: 	: 	: 	: 	: 	: 	: 	: 	: 	: 	: 	: 	: 	: 	: 	: 	: 	: 	: 	: 	: 	: 	: 	: 	: 	: 	: 	: 	: 	: 	: 	: 	: 	: 	: 	: 	: 	: 	: 	: 	: 	: 	: 	: 	: 	: 	: 	: 	: 	: 	: 	: 	: 	: 	: 	: 	: 	: 	: 	: 	: 	: 	: 	: 	: 	: 	: 	: 	: 	: 	: 	: 	: 	: 	: 	: 	: 	: 	: 	: 	: 	: 	: 	: 	: 	: 	: 	: 	: 	: 	: 	: 	: 	: 	: 	: 	: 	: 	: 	: 	: 	: 	: 	: 	: 	: 	: 	570 	26971 	7645 	0 	: 	: 	570 	6962 	9318 	10691 	7621 	18 	6 	: 	0 	: 	35186 	229 	28402 	5385 	: 	2 	: 	227 	6354 	10519 	11529 	5381 	0 	4 	34016 	170 	18312 	3058 	1 	21541 	489 	36177 	7736 	: 	44402 	: 
PAS,PAS_CRD,SK_LZ99_UK_EG99	: 	: 	: 	: 	: 	: 	: 	: 	: 	: 	: 	: 	: 	: 	: 	: 	: 	: 	: 	: 	: 	: 	: 	: 	: 	: 	: 	: 	: 	: 	: 	: 	: 	: 	: 	: 	: 	: 	: 	: 	: 	: 	: 	: 	: 	: 	: 	: 	: 	: 	: 	: 	: 	: 	: 	: 	: 	: 	: 	: 	: 	: 	: 	: 	: 	: 	: 	: 	: 	: 	: 	: 	: 	: 	: 	: 	: 	: 	: 	: 	: 	: 	: 	: 	: 	: 	: 	: 	: 	: 	: 	: 	: 	: 	: 	: 	: 	: 	: 	: 	: 	: 	: 	: 	: 	: 	: 	: 	: 	: 	: 	: 	: 	: 	: 	: 	: 	: 	: 	: 	: 	: 	: 	: 	: 	: 	: 	: 	: 	: 	: 	: 	: 	: 	: 	: 	: 	: 	: 	: 	: 	: 	: 	: 	: 	: 	: 	: 	: 	: 	: 	: 	: 	: 	: 	: 	: 	: 	: 	: 	: 	: 	: 	: 	: 	: 	: 	: 	: 	: 	: 	: 	: 	: 	: 	: 	: 	: 	: 	: 	: 	: 	: 	: 	: 	: 	: 	: 	: 	: 	: 	: 	: 	: 	: 	: 	86805 	67985 	55663 	39425 	31828 	32574 	22403 	21418 	23592 	22975 	20411 	18624 	16628 	15839 	11996 	11590 	249878 	24365 	29735 	25439 	12669 	10536 	6028 	7801 	8846 	10963 	9926 	9063 	10367 	6009 	92208 	11641 	10244 	21 	3 	21909 	: 	: 	: 	: 	: 	: 
PAS,PAS_CRD,SK_LZIB_AE_OMDB	10994 	13400 	3518 	2768 	3998 	4228 	4619 	4564 	4217 	11242 	11573 	8875 	9958 	4153 	3951 	3138 	3665 	3852 	4056 	2420 	3581 	2874 	3502 	3225 	3231 	41648 	7254 	9117 	7308 	6215 	2771 	2471 	2012 	2722 	3590 	2805 	1823 	2590 	2895 	2723 	1940 	1552 	29894 	: 	: 	: 	: 	: 	: 	: 	: 	: 	: 	: 	: 	: 	: 	: 	: 	: 	: 	: 	: 	: 	: 	: 	: 	: 	: 	: 	: 	: 	: 	: 	: 	: 	: 	: 	: 	: 	: 	: 	: 	: 	: 	: 	: 	: 	: 	: 	: 	: 	: 	: 	: 	: 	: 	: 	: 	: 	: 	: 	: 	: 	: 	: 	: 	: 	: 	: 	: 	: 	: 	: 	: 	: 	: 	: 	: 	: 	: 	: 	: 	: 	: 	: 	: 	: 	: 	: 	: 	: 	: 	: 	: 	: 	: 	: 	: 	: 	: 	: 	: 	: 	: 	: 	: 	: 	: 	: 	: 	: 	: 	: 	: 	: 	: 	: 	: 	: 	: 	: 	: 	: 	: 	: 	: 	: 	: 	: 	: 	: 	: 	: 	: 	: 	: 	: 	: 	: 	: 	: 	: 	: 	: 	: 	: 	: 	: 	: 	: 	: 	: 	: 	: 	: 	: 	: 	: 	: 	: 	: 	: 	: 	: 	: 	: 	: 	: 	: 	: 	: 	: 	: 	: 	: 	: 	: 	: 	: 	: 	: 	: 	: 	: 	: 	: 	: 	: 	: 	: 	: 	: 	: 	: 	: 	: 	: 
PAS,PAS_CRD,SK_LZIB_BE_EBBR	: 	: 	: 	: 	: 	: 	: 	: 	: 	11417 	26803 	22386 	7 	: 	2621 	8796 	8891 	9003 	8909 	8100 	8698 	5588 	0 	7 	0 	60613 	: 	: 	: 	: 	: 	: 	: 	: 	: 	: 	: 	: 	: 	: 	: 	: 	: 	: 	: 	: 	: 	: 	: 	: 	: 	: 	: 	: 	: 	: 	: 	: 	: 	: 	: 	: 	: 	: 	: 	: 	: 	: 	: 	: 	: 	: 	: 	: 	: 	: 	: 	: 	: 	: 	: 	: 	: 	: 	: 	: 	: 	: 	: 	: 	: 	: 	: 	: 	: 	: 	: 	: 	: 	: 	: 	: 	: 	: 	: 	: 	: 	: 	: 	: 	: 	: 	: 	: 	: 	: 	: 	: 	: 	: 	: 	: 	: 	: 	: 	: 	: 	: 	: 	: 	: 	: 	: 	: 	: 	: 	: 	: 	: 	: 	: 	: 	: 	: 	: 	: 	: 	: 	: 	: 	: 	: 	: 	: 	: 	: 	: 	: 	: 	: 	: 	: 	: 	: 	: 	: 	: 	: 	: 	: 	: 	: 	: 	: 	: 	: 	: 	: 	: 	8151 	6355 	9868 	9195 	2233 	2735 	3183 	2669 	1544 	2142 	3170 	3555 	3143 	3119 	3071 	3005 	33569 	: 	: 	: 	: 	: 	: 	: 	: 	: 	: 	: 	: 	: 	: 	: 	: 	: 	: 	: 	: 	: 	: 	: 	: 	: 	: 	: 	: 	: 	: 	: 	: 	: 	: 	: 	: 	: 	: 	: 	: 	: 	: 
PAS,PAS_CRD,SK_LZIB_BE_EBCI	18355 	13023 	6402 	6082 	6353 	5920 	4915 	4032 	4076 	7377 	: 	1717 	18787 	4317 	3060 	: 	: 	: 	: 	: 	: 	1717 	5521 	6891 	6375 	27881 	17379 	12586 	11704 	15880 	5707 	6589 	5083 	4141 	4054 	4391 	3933 	3711 	4060 	5588 	5109 	5183 	57549 	16072 	13431 	13002 	12863 	5334 	5686 	5052 	4358 	4478 	4595 	4361 	4275 	4366 	4649 	4212 	4002 	55368 	15955 	17803 	17032 	13235 	4868 	5346 	5741 	5940 	5741 	6122 	5470 	5952 	5610 	4822 	4239 	4174 	64025 	16109 	15636 	16364 	13787 	5324 	4746 	6039 	5903 	4725 	5008 	5407 	5423 	5534 	4383 	4699 	4705 	61896 	16376 	17314 	16804 	16208 	5568 	5043 	5765 	5363 	5830 	6121 	5691 	5924 	5189 	6346 	5113 	4749 	66702 	16733 	16390 	14616 	13009 	5186 	5989 	5558 	4924 	5741 	5725 	5260 	5420 	3936 	4839 	3996 	4174 	60748 	13232 	11606 	10585 	105 	4991 	4181 	4060 	3811 	3851 	3944 	3677 	3205 	3703 	105 	: 	: 	35528 	: 	: 	: 	: 	: 	: 	: 	: 	: 	: 	: 	: 	: 	: 	: 	: 	: 	: 	: 	: 	: 	: 	: 	: 	: 	: 	: 	: 	: 	: 	: 	: 	: 	: 	: 	: 	: 	: 	: 	: 	: 	: 	: 	: 	: 	: 	: 	: 	: 	: 	: 	: 	: 	: 	: 	: 	: 	: 	: 	: 	: 	: 	: 	: 	: 	: 	: 	: 	: 	: 	: 	: 	: 	: 	: 	: 	: 	: 	: 	: 	: 	: 	: 	: 	: 	: 	: 	: 	: 	: 	: 	: 	: 
PAS,PAS_CRD,SK_LZIB_BG_LBBG	3916 	: 	18193 	3745 	171 	: 	: 	: 	: 	: 	41741 	3410 	: 	: 	: 	: 	3608 	19033 	19100 	3410 	: 	: 	: 	: 	: 	45151 	: 	37858 	4389 	: 	: 	: 	: 	3069 	16847 	17942 	4389 	: 	: 	: 	: 	: 	42247 	: 	37697 	3622 	: 	: 	: 	: 	2297 	17476 	17924 	3622 	: 	: 	: 	: 	: 	41319 	: 	40850 	5051 	: 	: 	: 	: 	2721 	19382 	18747 	5051 	: 	: 	: 	: 	: 	45901 	: 	42177 	4560 	: 	: 	: 	: 	3189 	19972 	19016 	4560 	: 	: 	: 	: 	: 	46737 	: 	42616 	4303 	: 	: 	: 	: 	3196 	19362 	20058 	4303 	: 	: 	: 	: 	: 	46919 	: 	31945 	2848 	: 	: 	: 	: 	1708 	15391 	14846 	2848 	: 	0 	: 	: 	: 	34793 	: 	29880 	4094 	: 	: 	: 	: 	2271 	13862 	13747 	4094 	: 	: 	: 	: 	: 	33974 	: 	41221 	5813 	: 	: 	: 	: 	4719 	17305 	19197 	5813 	: 	: 	: 	: 	: 	47034 	: 	36640 	4619 	: 	: 	: 	: 	4157 	15980 	16503 	4619 	: 	: 	: 	: 	: 	41259 	: 	31760 	3384 	: 	: 	: 	: 	3427 	14981 	13352 	3384 	: 	: 	: 	: 	: 	35144 	: 	: 	: 	: 	: 	: 	: 	: 	: 	: 	: 	: 	: 	: 	: 	: 	: 	: 	: 	: 	: 	: 	: 	: 	: 	: 	: 	: 	: 	: 	: 	: 	: 	: 	: 	: 	: 	: 	: 	: 	: 	: 
PAS,PAS_CRD,SK_LZIB_BG_LBSF	: 	: 	: 	: 	: 	: 	: 	: 	: 	: 	: 	: 	: 	: 	: 	: 	: 	: 	: 	: 	: 	: 	: 	: 	: 	: 	: 	: 	: 	: 	: 	: 	: 	: 	: 	: 	: 	: 	: 	: 	: 	: 	: 	: 	: 	: 	: 	: 	: 	: 	: 	: 	: 	: 	: 	: 	: 	: 	: 	: 	: 	: 	: 	: 	: 	: 	: 	: 	: 	: 	: 	: 	: 	: 	: 	: 	: 	: 	: 	: 	: 	: 	: 	: 	: 	: 	: 	: 	: 	: 	: 	: 	: 	: 	: 	: 	: 	: 	: 	: 	: 	: 	: 	: 	: 	: 	: 	: 	: 	: 	: 	: 	: 	: 	: 	: 	: 	: 	: 	: 	: 	: 	: 	: 	: 	: 	: 	: 	: 	: 	: 	: 	: 	: 	: 	: 	: 	: 	: 	: 	: 	: 	: 	: 	: 	: 	: 	: 	: 	: 	: 	: 	: 	: 	: 	: 	: 	: 	: 	: 	: 	: 	: 	: 	: 	: 	: 	: 	: 	: 	: 	: 	: 	: 	: 	: 	: 	: 	: 	8757 	10384 	8007 	5883 	2612 	2995 	3150 	3472 	3545 	3367 	2987 	2655 	2365 	2408 	1806 	1669 	33031 	: 	: 	: 	: 	: 	: 	: 	: 	: 	: 	: 	: 	: 	: 	: 	: 	: 	: 	: 	: 	: 	: 	: 	: 	: 	: 	: 	: 	: 	: 	: 	: 	: 	: 	: 	: 	: 	: 	: 	: 	: 	: 
PAS,PAS_CRD,SK_LZIB_CZ_LKPR	: 	: 	: 	: 	: 	: 	: 	: 	: 	: 	: 	: 	: 	: 	: 	: 	: 	: 	: 	: 	: 	: 	: 	: 	: 	: 	: 	: 	: 	: 	: 	: 	: 	: 	: 	: 	: 	: 	: 	: 	: 	: 	: 	: 	: 	: 	: 	: 	: 	: 	: 	: 	: 	: 	: 	: 	: 	: 	: 	: 	: 	: 	: 	: 	: 	: 	: 	: 	: 	: 	: 	: 	: 	: 	: 	: 	: 	: 	: 	: 	: 	: 	: 	: 	: 	: 	: 	: 	: 	: 	: 	: 	: 	: 	368 	2971 	9617 	8473 	151 	92 	125 	178 	122 	2671 	2992 	3849 	2776 	3066 	2771 	2636 	21429 	12913 	16310 	16033 	15240 	3134 	3475 	6304 	6232 	4668 	5410 	5488 	5984 	4561 	5838 	4924 	4478 	60496 	18652 	20139 	18982 	16117 	4925 	6226 	7501 	8005 	5777 	6357 	7143 	6076 	5763 	5983 	5096 	5038 	73890 	18090 	20162 	23385 	31662 	5040 	6251 	6799 	7492 	5796 	6874 	8432 	7517 	7436 	11114 	10548 	10000 	93299 	38000 	24479 	24684 	21757 	13040 	15235 	9725 	9379 	7615 	7485 	9125 	8135 	7424 	7828 	7275 	6654 	108920 	24407 	27969 	23858 	18128 	7646 	7850 	8911 	9994 	9089 	8886 	9763 	7522 	6573 	6413 	5581 	6134 	94362 	: 	: 	: 	: 	: 	: 	: 	: 	: 	: 	: 	: 	: 	: 	: 	: 	: 	: 	: 	: 	: 	: 	: 	: 	: 	: 	: 	: 	: 	: 	: 	: 	: 	: 	: 	: 	: 	: 	: 	: 	: 	76018 
PAS,PAS_CRD,SK_LZIB_DE_EDDB	17026 	14131 	6118 	5622 	5570 	5834 	4781 	4557 	4793 	18967 	29771 	27061 	26482 	5012 	4126 	9829 	9911 	10227 	9633 	8931 	9674 	8456 	9313 	9107 	8062 	102281 	: 	: 	: 	: 	: 	: 	: 	: 	: 	: 	: 	: 	: 	: 	: 	: 	: 	: 	: 	: 	: 	: 	: 	: 	: 	: 	: 	: 	: 	: 	: 	: 	: 	: 	: 	: 	: 	: 	: 	: 	: 	: 	: 	: 	: 	: 	: 	: 	: 	: 	: 	: 	: 	: 	: 	: 	: 	: 	: 	: 	: 	: 	: 	: 	: 	: 	: 	: 	: 	: 	: 	: 	: 	: 	: 	: 	: 	: 	: 	: 	: 	: 	: 	: 	: 	: 	: 	: 	: 	: 	: 	: 	: 	: 	: 	: 	: 	: 	: 	: 	: 	: 	: 	: 	: 	: 	: 	: 	: 	: 	: 	: 	: 	: 	: 	: 	: 	: 	: 	: 	: 	: 	: 	: 	: 	: 	: 	: 	: 	: 	: 	: 	: 	: 	: 	: 	: 	: 	: 	: 	: 	: 	: 	: 	: 	: 	: 	: 	: 	: 	: 	: 	: 	: 	: 	: 	: 	: 	: 	: 	: 	: 	: 	: 	: 	: 	: 	: 	: 	: 	: 	: 	: 	: 	: 	: 	: 	: 	: 	: 	: 	: 	: 	: 	: 	: 	: 	: 	: 	: 	: 	: 	: 	: 	: 	: 	: 	: 	: 	: 	: 	: 	: 	: 	: 	: 	: 	: 	: 	: 	: 	: 
PAS,PAS_CRD,SK_LZIB_DE_EDDK	: 	: 	: 	: 	: 	: 	: 	: 	: 	: 	: 	: 	: 	: 	: 	: 	: 	: 	: 	: 	: 	: 	: 	: 	: 	: 	: 	: 	: 	: 	: 	: 	: 	: 	: 	: 	: 	: 	: 	: 	: 	: 	: 	: 	: 	: 	: 	: 	: 	: 	: 	: 	: 	: 	: 	: 	: 	: 	: 	: 	: 	: 	: 	: 	: 	: 	: 	: 	: 	: 	: 	: 	: 	: 	: 	: 	: 	: 	: 	: 	: 	: 	: 	: 	: 	: 	: 	: 	: 	: 	: 	: 	: 	: 	: 	: 	: 	: 	: 	: 	: 	: 	: 	: 	: 	: 	: 	: 	: 	: 	: 	: 	: 	: 	: 	: 	: 	: 	: 	: 	: 	: 	: 	: 	: 	: 	: 	: 	: 	: 	: 	: 	: 	: 	: 	: 	: 	: 	: 	: 	: 	: 	: 	: 	: 	: 	: 	: 	: 	: 	: 	: 	: 	: 	: 	: 	: 	: 	: 	: 	: 	: 	: 	: 	: 	: 	: 	: 	: 	: 	: 	: 	: 	: 	: 	: 	: 	: 	: 	5241 	6431 	6032 	4747 	1453 	1559 	2229 	2082 	2155 	2194 	2119 	2117 	1796 	2007 	1454 	1286 	22451 	: 	: 	: 	: 	: 	: 	: 	: 	: 	: 	: 	: 	: 	: 	: 	: 	: 	: 	: 	: 	: 	: 	: 	: 	: 	: 	: 	: 	: 	: 	: 	: 	: 	: 	: 	: 	: 	: 	: 	: 	: 	: 
PAS,PAS_CRD,SK_LZIB_DE_EDDM	: 	: 	: 	: 	: 	: 	: 	: 	: 	: 	: 	: 	: 	: 	: 	: 	: 	: 	: 	: 	: 	: 	: 	: 	: 	: 	: 	: 	: 	: 	: 	: 	: 	: 	: 	: 	: 	: 	: 	: 	: 	: 	: 	: 	: 	: 	: 	: 	: 	: 	: 	: 	: 	: 	: 	: 	: 	: 	: 	: 	: 	: 	: 	: 	: 	: 	: 	: 	: 	: 	: 	: 	: 	: 	: 	: 	: 	: 	: 	: 	: 	: 	: 	: 	: 	: 	: 	: 	: 	: 	: 	: 	: 	: 	: 	: 	: 	: 	: 	: 	: 	: 	: 	: 	: 	: 	: 	: 	: 	: 	: 	: 	: 	: 	: 	: 	: 	: 	: 	: 	: 	: 	: 	: 	: 	: 	: 	: 	: 	: 	: 	: 	: 	: 	: 	: 	: 	: 	: 	: 	: 	: 	: 	: 	: 	10146 	11951 	14272 	12200 	2379 	3499 	4268 	4465 	3623 	3863 	4962 	4478 	4832 	4095 	4129 	3976 	48569 	14788 	15030 	15561 	13046 	4129 	4803 	5856 	6105 	4008 	4917 	5564 	5434 	4563 	5238 	4119 	3689 	58425 	15179 	14129 	15413 	12335 	4232 	5060 	5887 	5190 	4077 	4862 	5447 	5533 	4433 	4862 	3860 	3613 	57056 	: 	: 	: 	: 	: 	: 	: 	: 	: 	: 	: 	: 	: 	: 	: 	: 	: 	: 	: 	: 	: 	: 	: 	: 	: 	: 	: 	: 	: 	: 	: 	: 	: 	: 	: 	: 	: 	: 	: 	: 	: 	: 
PAS,PAS_CRD,SK_LZIB_DE_EDFH	: 	: 	: 	: 	: 	: 	: 	: 	: 	: 	: 	: 	: 	: 	: 	: 	: 	: 	: 	: 	: 	: 	: 	: 	: 	: 	: 	: 	: 	: 	: 	: 	: 	: 	: 	: 	: 	: 	: 	: 	: 	: 	: 	: 	: 	: 	: 	: 	: 	: 	: 	: 	: 	: 	: 	: 	: 	: 	: 	: 	: 	: 	: 	: 	: 	: 	: 	: 	: 	: 	: 	: 	: 	: 	: 	: 	: 	: 	: 	: 	: 	: 	: 	: 	: 	: 	: 	: 	: 	: 	: 	: 	: 	: 	: 	: 	: 	: 	: 	: 	: 	: 	: 	: 	: 	: 	: 	: 	: 	: 	: 	: 	: 	: 	: 	: 	: 	: 	: 	: 	: 	: 	: 	: 	: 	: 	: 	: 	9005 	11629 	10606 	11968 	2696 	2542 	3767 	3495 	4062 	4072 	3674 	3463 	3469 	4255 	4040 	3673 	43208 	15966 	26032 	22773 	17140 	4273 	4146 	7547 	7843 	9115 	9074 	8365 	7991 	6417 	6499 	5838 	4803 	81911 	19160 	25849 	25200 	21188 	5912 	4931 	8317 	8091 	8850 	8908 	8417 	8273 	8510 	7982 	6746 	6460 	91397 	23979 	26584 	24526 	17467 	7929 	7090 	8960 	8291 	9335 	8958 	8661 	7778 	8087 	6149 	5527 	5791 	92556 	: 	: 	: 	: 	: 	: 	: 	: 	: 	: 	: 	: 	: 	: 	: 	: 	: 	: 	: 	: 	: 	: 	: 	: 	: 	: 	: 	: 	: 	: 	: 	: 	: 	: 	: 	: 	: 	: 	: 	: 	: 	: 
PAS,PAS_CRD,SK_LZIB_DK_EKCH	: 	: 	: 	: 	: 	: 	: 	: 	: 	: 	: 	: 	: 	: 	: 	: 	: 	: 	: 	: 	: 	: 	: 	: 	: 	: 	: 	: 	: 	: 	: 	: 	: 	: 	: 	: 	: 	: 	: 	: 	: 	: 	: 	: 	: 	: 	: 	: 	: 	: 	: 	: 	: 	: 	: 	: 	: 	: 	: 	: 	: 	: 	: 	: 	: 	: 	: 	: 	: 	: 	: 	: 	: 	: 	: 	: 	: 	: 	: 	: 	: 	: 	: 	: 	: 	: 	: 	: 	: 	: 	: 	: 	: 	: 	: 	: 	: 	: 	: 	: 	: 	: 	: 	: 	: 	: 	: 	: 	: 	: 	: 	: 	: 	: 	: 	: 	: 	: 	: 	: 	: 	: 	: 	: 	: 	: 	: 	: 	: 	: 	: 	: 	: 	: 	: 	: 	: 	: 	: 	: 	: 	: 	: 	: 	: 	: 	: 	: 	: 	: 	: 	: 	: 	: 	: 	: 	: 	: 	: 	: 	: 	: 	: 	: 	: 	: 	: 	: 	: 	: 	: 	: 	: 	: 	: 	: 	: 	: 	: 	5363 	5597 	4842 	4444 	1704 	1752 	1907 	1562 	1908 	2127 	1804 	1392 	1646 	1737 	1443 	1264 	20246 	: 	: 	: 	: 	: 	: 	: 	: 	: 	: 	: 	: 	: 	: 	: 	: 	: 	: 	: 	: 	: 	: 	: 	: 	: 	: 	: 	: 	: 	: 	: 	: 	: 	: 	: 	: 	: 	: 	: 	: 	: 	: 
PAS,PAS_CRD,SK_LZIB_EG_HEGN	10878 	3315 	9674 	5844 	3712 	1322 	1459 	1050 	806 	5525 	20677 	2125 	: 	1133 	1239 	3153 	6436 	7179 	7062 	2125 	: 	: 	: 	: 	: 	28327 	3329 	21122 	10742 	778 	: 	: 	3329 	5174 	8316 	7632 	5145 	3265 	2332 	315 	: 	463 	35971 	4995 	19813 	7705 	: 	444 	1189 	3362 	4956 	7316 	7541 	5278 	1921 	506 	: 	: 	: 	32513 	1577 	12607 	11376 	184 	: 	518 	1059 	619 	4153 	7835 	7073 	2719 	1584 	184 	: 	: 	25744 	4787 	23237 	13365 	509 	: 	1269 	3518 	6219 	7782 	9236 	7449 	3518 	2398 	332 	: 	177 	41898 	9150 	34487 	15026 	2330 	479 	1875 	6796 	9949 	12162 	12376 	8465 	4311 	2250 	980 	103 	1247 	60993 	13088 	40963 	20484 	4129 	1814 	3224 	8050 	12142 	14252 	14569 	11093 	6548 	2843 	1616 	1073 	1440 	78664 	11095 	35778 	20515 	4234 	1290 	2312 	7493 	10498 	12467 	12813 	10733 	6315 	3467 	2212 	913 	1109 	71622 	12673 	46359 	27086 	8198 	1362 	3247 	8064 	13237 	15948 	17174 	13529 	8414 	5143 	3947 	2595 	1656 	94316 	13264 	39651 	21831 	3988 	1801 	3290 	8173 	11207 	14027 	14417 	11150 	6527 	4154 	2155 	1022 	811 	78734 	8119 	24140 	16545 	4173 	1419 	1768 	4932 	6739 	8964 	8437 	7508 	5449 	3588 	2238 	928 	1007 	52977 	: 	: 	: 	: 	: 	: 	: 	: 	: 	: 	: 	: 	: 	: 	: 	: 	: 	: 	: 	: 	: 	: 	: 	: 	: 	: 	: 	: 	: 	: 	: 	: 	: 	: 	: 	: 	: 	: 	: 	: 	: 	: 
PAS,PAS_CRD,SK_LZIB_EL_LGAV	9092 	8749 	3204 	2761 	3159 	3172 	2828 	2826 	3095 	11349 	13667 	12808 	12860 	3826 	3114 	4409 	4537 	4604 	4526 	4342 	4340 	4126 	4443 	4023 	4394 	50684 	13297 	15288 	12751 	386 	4863 	3871 	4563 	4316 	5538 	5434 	4628 	4034 	4089 	: 	: 	386 	41722 	: 	: 	: 	: 	: 	: 	: 	: 	: 	: 	: 	: 	: 	: 	: 	: 	: 	: 	: 	: 	: 	: 	: 	: 	: 	: 	: 	: 	: 	: 	: 	: 	: 	: 	: 	: 	: 	: 	: 	: 	: 	: 	: 	: 	: 	: 	: 	: 	: 	: 	: 	: 	: 	: 	: 	: 	: 	: 	: 	: 	: 	: 	: 	: 	: 	: 	: 	: 	: 	: 	: 	: 	: 	: 	: 	: 	: 	: 	: 	: 	: 	: 	: 	: 	: 	: 	: 	: 	: 	: 	: 	: 	: 	: 	: 	: 	: 	: 	: 	: 	: 	: 	: 	: 	: 	: 	: 	: 	: 	: 	: 	: 	: 	: 	: 	: 	: 	: 	: 	: 	: 	: 	: 	: 	: 	: 	: 	: 	: 	: 	: 	: 	: 	: 	: 	: 	: 	: 	: 	: 	: 	: 	: 	: 	: 	: 	: 	: 	: 	: 	: 	: 	: 	: 	: 	: 	: 	: 	: 	: 	: 	: 	: 	: 	: 	: 	: 	: 	: 	: 	: 	: 	: 	: 	: 	: 	: 	: 	: 	: 	: 	: 	: 	: 	: 	: 	: 	: 	: 	: 	: 	: 	: 	: 	: 
PAS,PAS_CRD,SK_LZIB_EL_LGIR	: 	: 	: 	: 	: 	: 	: 	: 	: 	278 	33695 	5593 	: 	: 	: 	278 	8025 	12533 	13137 	5593 	: 	: 	: 	: 	: 	39566 	151 	25360 	4335 	: 	: 	: 	151 	6502 	10012 	8846 	4159 	176 	: 	: 	: 	: 	29846 	635 	20711 	3143 	357 	448 	: 	187 	5489 	8067 	7155 	3143 	: 	: 	357 	: 	: 	24846 	112 	17167 	3425 	: 	112 	: 	: 	3668 	6994 	6505 	3425 	: 	: 	: 	: 	: 	20704 	: 	: 	: 	: 	: 	: 	: 	: 	: 	: 	: 	: 	: 	: 	: 	: 	: 	116 	16278 	3646 	: 	: 	: 	116 	4272 	5820 	6186 	3646 	: 	: 	: 	: 	: 	20040 	: 	16585 	3549 	3 	: 	: 	: 	4024 	5895 	6666 	3546 	: 	3 	3 	: 	: 	20137 	: 	: 	: 	: 	: 	: 	: 	: 	: 	: 	: 	: 	: 	: 	: 	: 	: 	288 	21802 	5114 	: 	: 	193 	95 	5753 	8105 	7944 	5049 	61 	4 	: 	: 	: 	27204 	49 	16665 	3956 	: 	: 	: 	49 	3625 	6716 	6324 	3843 	113 	: 	: 	: 	: 	20670 	549 	21273 	4714 	: 	298 	: 	251 	4913 	7591 	8769 	4458 	256 	: 	: 	: 	: 	26536 	: 	: 	: 	: 	: 	: 	: 	: 	: 	: 	: 	: 	: 	: 	: 	: 	: 	: 	: 	: 	: 	: 	: 	: 	: 	: 	: 	: 	: 	: 	: 	: 	: 	: 	: 	: 	: 	: 	: 	: 	: 	: 
PAS,PAS_CRD,SK_LZIB_EL_LGKR	: 	: 	: 	: 	: 	: 	: 	: 	: 	1120 	18579 	4750 	: 	: 	: 	1120 	4975 	7084 	6520 	3379 	1184 	187 	: 	: 	: 	24449 	: 	: 	: 	: 	: 	: 	: 	: 	: 	: 	: 	: 	: 	: 	: 	: 	: 	: 	: 	: 	: 	: 	: 	: 	: 	: 	: 	: 	: 	: 	: 	: 	: 	: 	: 	: 	: 	: 	: 	: 	: 	: 	: 	: 	: 	: 	: 	: 	: 	: 	: 	: 	: 	: 	: 	: 	: 	: 	: 	: 	: 	: 	: 	: 	: 	: 	: 	: 	: 	: 	: 	: 	: 	: 	: 	: 	: 	: 	: 	: 	: 	: 	: 	: 	: 	: 	: 	: 	: 	: 	: 	: 	: 	: 	: 	: 	: 	: 	: 	: 	: 	: 	: 	: 	: 	: 	: 	: 	: 	: 	: 	: 	: 	: 	: 	: 	: 	: 	: 	: 	: 	: 	: 	: 	: 	: 	: 	: 	: 	: 	: 	: 	: 	: 	: 	: 	: 	: 	: 	: 	: 	: 	: 	: 	: 	: 	: 	: 	: 	: 	: 	: 	: 	: 	: 	: 	: 	: 	: 	: 	: 	: 	: 	: 	: 	: 	: 	: 	: 	: 	: 	: 	: 	: 	: 	: 	: 	: 	: 	: 	: 	: 	: 	: 	: 	: 	: 	: 	: 	: 	: 	: 	: 	: 	: 	: 	: 	: 	: 	: 	: 	: 	: 	: 	: 	: 	: 	: 	: 	: 	: 	: 
PAS,PAS_CRD,SK_LZIB_EL_LGRP	: 	: 	: 	: 	: 	: 	: 	: 	: 	184 	29637 	4947 	: 	: 	: 	184 	7831 	11113 	10693 	4947 	: 	: 	: 	: 	: 	34768 	138 	29613 	6482 	: 	: 	: 	138 	7122 	11311 	11180 	6482 	: 	: 	: 	: 	: 	36233 	169 	26766 	5223 	: 	: 	: 	169 	7123 	9621 	10022 	5223 	: 	: 	: 	: 	: 	32158 	: 	19762 	4469 	: 	: 	: 	: 	5142 	7012 	7608 	4469 	: 	: 	: 	: 	: 	24231 	329 	19792 	3487 	: 	: 	: 	329 	5160 	6841 	7791 	3487 	: 	: 	: 	: 	: 	23608 	271 	23800 	6105 	: 	: 	: 	271 	5958 	8514 	9328 	5977 	128 	: 	: 	: 	: 	30176 	326 	21854 	4285 	: 	: 	: 	326 	5775 	8352 	7727 	4285 	: 	: 	: 	: 	: 	26465 	296 	23740 	5546 	: 	: 	: 	296 	5776 	9052 	8912 	5546 	: 	: 	: 	: 	: 	29582 	358 	25586 	6153 	: 	: 	: 	358 	6809 	9186 	9591 	5972 	181 	: 	: 	: 	: 	32097 	279 	30286 	7448 	: 	: 	: 	279 	7675 	10927 	11684 	7448 	: 	: 	: 	: 	: 	38013 	1181 	34007 	7847 	: 	: 	: 	1181 	8943 	11867 	13197 	7744 	103 	: 	: 	: 	: 	43035 	: 	: 	: 	: 	: 	: 	: 	: 	: 	: 	: 	: 	: 	: 	: 	: 	: 	: 	: 	: 	: 	: 	: 	: 	: 	: 	: 	: 	: 	: 	: 	: 	: 	: 	: 	: 	: 	: 	: 	: 	: 	: 
PAS,PAS_CRD,SK_LZIB_ES_GCLP	: 	: 	: 	: 	: 	: 	: 	: 	: 	: 	: 	: 	: 	: 	: 	: 	: 	: 	: 	: 	: 	: 	: 	: 	: 	: 	: 	: 	: 	: 	: 	: 	: 	: 	: 	: 	: 	: 	: 	: 	: 	: 	: 	: 	: 	: 	: 	: 	: 	: 	: 	: 	: 	: 	: 	: 	: 	: 	: 	: 	: 	: 	: 	: 	: 	: 	: 	: 	: 	: 	: 	: 	: 	: 	: 	: 	: 	: 	: 	: 	: 	: 	: 	: 	: 	: 	: 	: 	: 	: 	: 	: 	: 	: 	8496 	10814 	8751 	3666 	2854 	2591 	3051 	3434 	3652 	3728 	2926 	2909 	2916 	2598 	1068 	: 	31727 	: 	: 	: 	: 	: 	: 	: 	: 	: 	: 	: 	: 	: 	: 	: 	: 	: 	: 	: 	: 	: 	: 	: 	: 	: 	: 	: 	: 	: 	: 	: 	: 	: 	: 	: 	: 	: 	: 	: 	: 	: 	: 	: 	: 	: 	: 	: 	: 	: 	: 	: 	: 	: 	: 	: 	: 	: 	: 	: 	: 	: 	: 	: 	: 	: 	: 	: 	: 	: 	: 	: 	: 	: 	: 	: 	: 	: 	: 	: 	: 	: 	: 	: 	: 	: 	: 	: 	: 	: 	: 	: 	: 	: 	: 	: 	: 	: 	: 	: 	: 	: 	: 	: 	: 	: 	: 	: 	: 	: 	: 	: 	: 	: 	: 	: 	: 	: 	: 	: 	: 	: 	: 	: 	: 	: 	: 	: 
PAS,PAS_CRD,SK_LZIB_ES_LEAL	: 	: 	: 	: 	: 	: 	: 	: 	: 	: 	: 	: 	: 	: 	: 	: 	: 	: 	: 	: 	: 	: 	: 	: 	: 	: 	: 	: 	: 	: 	: 	: 	: 	: 	: 	: 	: 	: 	: 	: 	: 	: 	: 	: 	: 	: 	: 	: 	: 	: 	: 	: 	: 	: 	: 	: 	: 	: 	: 	: 	: 	: 	: 	: 	: 	: 	: 	: 	: 	: 	: 	: 	: 	: 	: 	: 	: 	: 	: 	: 	: 	: 	: 	: 	: 	: 	: 	: 	: 	: 	: 	: 	: 	: 	3910 	13951 	12450 	7857 	: 	: 	3910 	4457 	4827 	4667 	4403 	4200 	3847 	3450 	2344 	2063 	38168 	6919 	9535 	8391 	6920 	1730 	2551 	2638 	3122 	3187 	3226 	2776 	2921 	2694 	2700 	2118 	2102 	31765 	7256 	10567 	2357 	: 	2016 	2501 	2739 	2787 	4638 	3142 	2357 	: 	: 	: 	: 	: 	20180 	: 	: 	: 	: 	: 	: 	: 	: 	: 	: 	: 	: 	: 	: 	: 	: 	: 	: 	: 	: 	: 	: 	: 	: 	: 	: 	: 	: 	: 	: 	: 	: 	: 	: 	: 	: 	: 	: 	: 	: 	: 	: 	: 	: 	: 	: 	: 	: 	: 	: 	: 	: 	: 	: 	: 	: 	: 	: 	: 	: 	: 	: 	: 	: 	: 	: 	: 	: 	: 	: 	: 	: 	: 	: 	: 	: 	: 	: 	: 	: 	: 	: 	: 	: 	: 	: 	: 	: 	: 	: 	: 	: 	: 
PAS,PAS_CRD,SK_LZIB_ES_LEBL	: 	: 	: 	: 	: 	: 	: 	: 	: 	: 	: 	: 	: 	: 	: 	: 	: 	: 	: 	: 	: 	: 	: 	: 	: 	: 	: 	: 	: 	: 	: 	: 	: 	: 	: 	: 	: 	: 	: 	: 	: 	: 	: 	: 	: 	: 	: 	: 	: 	: 	: 	: 	: 	: 	: 	: 	: 	: 	: 	: 	: 	: 	: 	: 	: 	: 	: 	: 	: 	: 	: 	: 	: 	: 	: 	: 	: 	: 	: 	: 	: 	: 	: 	: 	: 	: 	: 	: 	: 	: 	: 	: 	: 	: 	: 	: 	: 	: 	: 	: 	: 	: 	: 	: 	: 	: 	: 	: 	: 	: 	: 	: 	: 	: 	: 	: 	: 	: 	: 	: 	: 	: 	: 	: 	: 	: 	: 	: 	: 	: 	: 	: 	: 	: 	: 	: 	: 	: 	: 	: 	: 	: 	: 	: 	: 	: 	: 	: 	: 	: 	: 	: 	: 	: 	: 	: 	: 	: 	: 	: 	: 	: 	3635 	12037 	8890 	5665 	563 	238 	2834 	4001 	3969 	4067 	3756 	2839 	2295 	2220 	1807 	1638 	30227 	6162 	14607 	9424 	4558 	1772 	1564 	2826 	4770 	5170 	4667 	3988 	2764 	2672 	1667 	1389 	1502 	34751 	: 	: 	: 	: 	: 	: 	: 	: 	: 	: 	: 	: 	: 	: 	: 	: 	: 	: 	: 	: 	: 	: 	: 	: 	: 	: 	: 	: 	: 	: 	: 	: 	: 	: 	: 	: 	: 	: 	: 	: 	: 	: 
PAS,PAS_CRD,SK_LZIB_ES_LEGE	9169 	9020 	5082 	3156 	3191 	2822 	3174 	2839 	3007 	8931 	12698 	8557 	8240 	3086 	2761 	3084 	3153 	6377 	3168 	2626 	3011 	2920 	2309 	3045 	2886 	38426 	8427 	12268 	8691 	7911 	2330 	2961 	3136 	2861 	6167 	3240 	3004 	2999 	2688 	3023 	2502 	2386 	37297 	8615 	12059 	8333 	1 	2982 	2582 	3051 	2777 	4898 	4384 	2920 	2606 	2807 	: 	: 	1 	29008 	3301 	9162 	7964 	1529 	: 	311 	2990 	3159 	2843 	3160 	2900 	2839 	2225 	1529 	: 	: 	21956 	2950 	9862 	8289 	485 	: 	: 	2950 	3618 	3143 	3101 	2653 	2719 	2917 	485 	: 	: 	21586 	2664 	9092 	8725 	4011 	: 	: 	2664 	3062 	2841 	3189 	3079 	3000 	2646 	4011 	: 	0 	24492 	3807 	13607 	10889 	9915 	0 	: 	3807 	4242 	4875 	4490 	4254 	3652 	2983 	4060 	3044 	2811 	38218 	9209 	8877 	8573 	162 	3295 	2890 	3024 	2914 	2942 	3021 	2626 	2916 	3031 	162 	: 	: 	26821 	4102 	18760 	15371 	11918 	: 	: 	4102 	5659 	6609 	6492 	5899 	4956 	4516 	4762 	4165 	2991 	50151 	: 	: 	: 	: 	: 	: 	: 	: 	: 	: 	: 	: 	: 	: 	: 	: 	: 	: 	: 	: 	: 	: 	: 	: 	: 	: 	: 	: 	: 	: 	: 	: 	: 	: 	: 	: 	: 	: 	: 	: 	: 	: 	: 	: 	: 	: 	: 	: 	: 	: 	: 	: 	: 	: 	: 	: 	: 	: 	: 	: 	: 	: 	: 	: 	: 	: 	: 	: 	: 	: 	: 	: 	: 	: 	: 	: 
PAS,PAS_CRD,SK_LZIB_ES_LEMD	9684 	10206 	3364 	3232 	3234 	3218 	3195 	3599 	3412 	11139 	14007 	13290 	13292 	3848 	2855 	4436 	4509 	5066 	4432 	4482 	4453 	4355 	4318 	4409 	4565 	51728 	13756 	13882 	12476 	340 	4689 	4614 	4453 	4480 	4563 	4839 	4008 	4241 	4227 	340 	: 	: 	40454 	: 	: 	: 	: 	: 	: 	: 	: 	: 	: 	: 	: 	: 	: 	: 	: 	: 	: 	: 	: 	: 	: 	: 	: 	: 	: 	: 	: 	: 	: 	: 	: 	: 	: 	: 	: 	: 	: 	: 	: 	: 	: 	: 	: 	: 	: 	: 	: 	: 	: 	: 	: 	: 	: 	: 	: 	: 	: 	: 	: 	: 	: 	: 	: 	: 	: 	: 	: 	: 	: 	: 	: 	: 	: 	: 	: 	: 	: 	: 	: 	: 	: 	: 	: 	: 	: 	: 	: 	: 	: 	: 	: 	: 	: 	: 	: 	: 	: 	: 	: 	: 	: 	: 	: 	: 	: 	: 	: 	: 	: 	: 	: 	: 	: 	: 	: 	: 	: 	: 	: 	: 	: 	: 	: 	: 	: 	: 	: 	: 	: 	: 	: 	: 	: 	: 	: 	: 	: 	: 	: 	: 	: 	: 	: 	: 	: 	: 	: 	: 	: 	: 	: 	: 	: 	: 	: 	: 	: 	: 	: 	: 	: 	: 	: 	: 	: 	: 	: 	: 	: 	: 	: 	: 	: 	: 	: 	: 	: 	: 	: 	: 	: 	: 	: 	: 	: 	: 	: 	: 	: 	: 	: 	: 	: 	: 
PAS,PAS_CRD,SK_LZIB_ES_LEMG	: 	: 	: 	: 	: 	: 	: 	: 	: 	2803 	13708 	9606 	1394 	: 	2 	2801 	4061 	4750 	4897 	3454 	3022 	3130 	1392 	2 	: 	27511 	3497 	13530 	9409 	353 	8 	340 	3149 	3713 	4683 	5134 	3647 	3088 	2674 	349 	4 	: 	26789 	3388 	13569 	9143 	5 	: 	309 	3079 	3754 	5025 	4790 	3577 	2661 	2905 	4 	1 	: 	26105 	3480 	13209 	9101 	708 	: 	334 	3146 	4116 	4176 	4917 	3744 	3023 	2334 	708 	: 	: 	26498 	2986 	20403 	13675 	788 	: 	: 	2986 	6425 	7292 	6686 	6069 	3862 	3744 	788 	: 	: 	37852 	2659 	11607 	9241 	7649 	: 	: 	2659 	3010 	4239 	4358 	3575 	2986 	2680 	2978 	2359 	2312 	31156 	: 	: 	: 	: 	: 	: 	: 	: 	: 	: 	: 	: 	: 	: 	: 	: 	: 	: 	: 	: 	: 	: 	: 	: 	: 	: 	: 	: 	: 	: 	: 	: 	: 	: 	: 	: 	: 	: 	: 	: 	: 	: 	: 	: 	: 	: 	: 	: 	: 	: 	: 	: 	: 	: 	: 	: 	: 	: 	: 	: 	: 	: 	: 	: 	: 	: 	: 	: 	: 	: 	: 	: 	: 	: 	: 	: 	: 	: 	: 	: 	: 	: 	: 	: 	: 	: 	: 	: 	: 	: 	: 	: 	: 	: 	: 	: 	: 	: 	: 	: 	: 	: 	: 	: 	: 	: 	: 	: 	: 	: 	: 	: 	: 	: 	: 	: 	: 	: 	: 	: 	: 	: 	: 	: 	: 	: 	: 
PAS,PAS_CRD,SK_LZIB_ES_LEPA	: 	: 	: 	: 	: 	: 	: 	: 	: 	3018 	21563 	10699 	: 	: 	: 	3018 	5730 	7816 	8017 	5004 	2941 	2754 	: 	: 	: 	35280 	3214 	17912 	10015 	292 	: 	273 	2941 	4812 	6578 	6522 	4449 	3022 	2544 	292 	: 	: 	31433 	1846 	17903 	7880 	: 	: 	245 	1601 	5062 	6139 	6702 	3911 	2790 	1179 	: 	: 	: 	27629 	3345 	24322 	10238 	593 	: 	438 	2907 	6413 	8827 	9082 	5030 	2495 	2713 	589 	4 	: 	38498 	2242 	22920 	10231 	507 	: 	: 	2242 	5859 	9674 	7387 	5528 	2401 	2302 	507 	: 	: 	35900 	4757 	31781 	17826 	343 	: 	: 	4757 	8353 	11530 	11898 	8440 	4694 	4692 	343 	: 	: 	54707 	4595 	26119 	10278 	: 	: 	: 	4595 	6874 	9035 	10210 	6860 	3418 	: 	: 	: 	: 	40992 	: 	: 	: 	: 	: 	: 	: 	: 	: 	: 	: 	: 	: 	: 	: 	: 	: 	: 	: 	: 	: 	: 	: 	: 	: 	: 	: 	: 	: 	: 	: 	: 	: 	: 	: 	: 	: 	: 	: 	: 	: 	: 	: 	: 	: 	: 	: 	: 	: 	: 	: 	: 	: 	: 	: 	: 	: 	: 	: 	: 	: 	: 	: 	: 	: 	: 	: 	: 	: 	: 	: 	: 	: 	: 	: 	: 	: 	: 	: 	: 	: 	: 	: 	: 	: 	: 	: 	: 	: 	: 	: 	: 	: 	: 	: 	: 	: 	: 	: 	: 	: 	: 	: 	: 	: 	: 	: 	: 	: 	: 
PAS,PAS_CRD,SK_LZIB_FR_LFMN	: 	: 	: 	: 	: 	: 	: 	: 	: 	: 	: 	: 	: 	: 	: 	: 	: 	: 	: 	: 	: 	: 	: 	: 	: 	: 	: 	: 	: 	: 	: 	: 	: 	: 	: 	: 	: 	: 	: 	: 	: 	: 	: 	: 	: 	: 	: 	: 	: 	: 	: 	: 	: 	: 	: 	: 	: 	: 	: 	: 	: 	: 	: 	: 	: 	: 	: 	: 	: 	: 	: 	: 	: 	: 	: 	: 	: 	: 	: 	: 	: 	: 	: 	: 	: 	: 	: 	: 	: 	: 	: 	: 	: 	: 	: 	: 	: 	: 	: 	: 	: 	: 	: 	: 	: 	: 	: 	: 	: 	: 	: 	: 	: 	: 	: 	: 	: 	: 	: 	: 	: 	: 	: 	: 	: 	: 	: 	: 	: 	: 	: 	: 	: 	: 	: 	: 	: 	: 	: 	: 	: 	: 	: 	: 	: 	: 	: 	: 	: 	: 	: 	: 	: 	: 	: 	: 	: 	: 	: 	: 	: 	: 	: 	: 	: 	: 	: 	: 	: 	: 	: 	: 	: 	: 	: 	: 	: 	: 	: 	2634 	9711 	9059 	5011 	: 	: 	2634 	3090 	3244 	3377 	3141 	3184 	2734 	2195 	1352 	1464 	26415 	: 	: 	: 	: 	: 	: 	: 	: 	: 	: 	: 	: 	: 	: 	: 	: 	: 	: 	: 	: 	: 	: 	: 	: 	: 	: 	: 	: 	: 	: 	: 	: 	: 	: 	: 	: 	: 	: 	: 	: 	: 	: 
PAS,PAS_CRD,SK_LZIB_FR_LFOB	: 	: 	: 	: 	: 	: 	: 	: 	: 	4887 	11695 	10194 	: 	: 	885 	4002 	3565 	4226 	3904 	2664 	3562 	3968 	: 	: 	: 	26776 	4986 	13259 	12694 	281 	: 	316 	4670 	4360 	4494 	4405 	4363 	4345 	3986 	281 	: 	: 	31220 	2300 	13288 	11539 	1 	: 	: 	2300 	3989 	4842 	4457 	3145 	4304 	4090 	1 	: 	: 	27128 	3527 	13068 	12267 	293 	: 	: 	3527 	4270 	4436 	4362 	4002 	4574 	3691 	293 	: 	: 	29155 	4322 	16093 	16161 	9200 	: 	: 	4322 	4353 	5914 	5826 	5279 	5314 	5568 	2819 	3215 	3166 	45776 	11842 	16462 	16704 	10277 	3611 	3080 	5151 	4884 	5791 	5787 	5477 	5711 	5516 	3978 	3287 	3012 	55285 	12176 	15666 	14949 	13782 	3730 	3565 	4881 	4705 	5711 	5250 	5448 	5549 	3952 	5201 	4196 	4385 	56573 	: 	: 	: 	: 	: 	: 	: 	: 	: 	: 	: 	: 	: 	: 	: 	: 	: 	: 	: 	: 	: 	: 	: 	: 	: 	: 	: 	: 	: 	: 	: 	: 	: 	: 	: 	: 	: 	: 	: 	: 	: 	: 	: 	: 	: 	: 	: 	: 	: 	: 	: 	: 	: 	: 	: 	: 	: 	: 	: 	: 	: 	: 	: 	: 	: 	: 	: 	: 	: 	: 	: 	: 	: 	: 	: 	: 	: 	: 	: 	: 	: 	: 	: 	: 	: 	: 	: 	: 	: 	: 	: 	: 	: 	: 	: 	: 	: 	: 	: 	: 	: 	: 	: 	: 	: 	: 	: 	: 	: 	: 
PAS,PAS_CRD,SK_LZIB_FR_LFPO	: 	: 	: 	: 	: 	: 	: 	: 	: 	: 	: 	: 	: 	: 	: 	: 	: 	: 	: 	: 	: 	: 	: 	: 	: 	: 	: 	: 	: 	: 	: 	: 	: 	: 	: 	: 	: 	: 	: 	: 	: 	: 	: 	: 	: 	: 	: 	: 	: 	: 	: 	: 	: 	: 	: 	: 	: 	: 	: 	: 	: 	: 	: 	: 	: 	: 	: 	: 	: 	: 	: 	: 	: 	: 	: 	: 	: 	: 	: 	: 	: 	: 	: 	: 	: 	: 	: 	: 	: 	: 	: 	: 	: 	: 	: 	: 	: 	: 	: 	: 	: 	: 	: 	: 	: 	: 	: 	: 	: 	: 	: 	: 	: 	: 	: 	: 	: 	: 	: 	: 	: 	: 	: 	: 	: 	: 	: 	: 	: 	13564 	27554 	23123 	: 	: 	: 	: 	7767 	5797 	6782 	10630 	10142 	8068 	7306 	7749 	64241 	27765 	21050 	33793 	27218 	9072 	9098 	9595 	7829 	6293 	6928 	8704 	13104 	11985 	10892 	8308 	8018 	109826 	27119 	18559 	27021 	23514 	8655 	9253 	9211 	6518 	5907 	6134 	7710 	10056 	9255 	9886 	7781 	5847 	96213 	24961 	20132 	28568 	22671 	7362 	8116 	9483 	8155 	5841 	6136 	8749 	10821 	8998 	8723 	7237 	6711 	96332 	: 	: 	: 	: 	: 	: 	: 	: 	: 	: 	: 	: 	: 	: 	: 	: 	: 	: 	: 	: 	: 	: 	: 	: 	: 	: 	: 	: 	: 	: 	: 	: 	: 	: 	: 	: 	: 	: 	: 	: 	: 	: 
PAS,PAS_CRD,SK_LZIB_FR_LFSB	: 	: 	: 	: 	: 	: 	: 	: 	: 	: 	: 	: 	: 	: 	: 	: 	: 	: 	: 	: 	: 	: 	: 	: 	: 	: 	: 	: 	: 	: 	: 	: 	: 	: 	: 	: 	: 	: 	: 	: 	: 	: 	: 	: 	: 	: 	: 	: 	: 	: 	: 	: 	: 	: 	: 	: 	: 	: 	: 	: 	: 	: 	: 	: 	: 	: 	: 	: 	: 	: 	: 	: 	: 	: 	: 	: 	: 	: 	: 	: 	: 	: 	: 	: 	: 	: 	: 	: 	: 	: 	: 	: 	: 	: 	: 	: 	: 	: 	: 	: 	: 	: 	: 	: 	: 	: 	: 	: 	: 	: 	: 	: 	: 	: 	: 	: 	: 	: 	: 	: 	: 	: 	: 	: 	: 	: 	: 	: 	: 	: 	: 	: 	: 	: 	: 	: 	: 	: 	: 	: 	: 	: 	: 	: 	: 	: 	: 	: 	: 	: 	: 	: 	: 	: 	: 	: 	: 	: 	: 	: 	: 	: 	2637 	11008 	8369 	8481 	: 	: 	2637 	3172 	3959 	3877 	2852 	2710 	2807 	3250 	2835 	2396 	30495 	8539 	9763 	8960 	6853 	2553 	2631 	3355 	3127 	3135 	3501 	3091 	2843 	3026 	2682 	1938 	2233 	34115 	: 	: 	: 	: 	: 	: 	: 	: 	: 	: 	: 	: 	: 	: 	: 	: 	: 	: 	: 	: 	: 	: 	: 	: 	: 	: 	: 	: 	: 	: 	: 	: 	: 	: 	: 	: 	: 	: 	: 	: 	: 	: 
PAS,PAS_CRD,SK_LZIB_IE_EICK	: 	: 	: 	: 	: 	: 	: 	: 	: 	: 	: 	: 	: 	: 	: 	: 	: 	: 	: 	: 	: 	: 	: 	: 	: 	: 	: 	: 	: 	: 	: 	: 	: 	: 	: 	: 	: 	: 	: 	: 	: 	: 	: 	: 	: 	: 	: 	: 	: 	: 	: 	: 	: 	: 	: 	: 	: 	: 	: 	: 	: 	: 	: 	: 	: 	: 	: 	: 	: 	: 	: 	: 	: 	: 	: 	: 	: 	: 	: 	: 	: 	: 	: 	: 	: 	: 	: 	: 	: 	: 	: 	: 	: 	: 	: 	: 	: 	: 	: 	: 	: 	: 	: 	: 	: 	: 	: 	: 	: 	: 	: 	: 	: 	: 	: 	: 	: 	: 	: 	: 	: 	: 	: 	: 	: 	: 	: 	: 	: 	: 	: 	: 	: 	: 	: 	: 	: 	: 	: 	: 	: 	: 	: 	: 	: 	1560 	9539 	8540 	8086 	: 	: 	1560 	2794 	3273 	3472 	2845 	2983 	2712 	3004 	2529 	2553 	27725 	: 	: 	: 	: 	: 	: 	: 	: 	: 	: 	: 	: 	: 	: 	: 	: 	: 	: 	: 	: 	: 	: 	: 	: 	: 	: 	: 	: 	: 	: 	: 	: 	: 	: 	: 	: 	: 	: 	: 	: 	: 	: 	: 	: 	: 	: 	: 	: 	: 	: 	: 	: 	: 	: 	: 	: 	: 	: 	: 	: 	: 	: 	: 	: 	: 	: 	: 	: 	: 	: 	: 	: 	: 	: 	: 	: 
PAS,PAS_CRD,SK_LZIB_IE_EIDW	32111 	31189 	11293 	10693 	10800 	10618 	11020 	9721 	10448 	34879 	33731 	32200 	31306 	10991 	12813 	11075 	11630 	11167 	10934 	10417 	11143 	10640 	11148 	9967 	10191 	132116 	31373 	32463 	31184 	29760 	9936 	10511 	10926 	10160 	11121 	11182 	10342 	10480 	10362 	10693 	9340 	9727 	124780 	28500 	26313 	22685 	20187 	9805 	9562 	9133 	8647 	8563 	9103 	8284 	7289 	7112 	7119 	6071 	6997 	97685 	22950 	27614 	25157 	19960 	7366 	6922 	8662 	8768 	9138 	9708 	8571 	8139 	8447 	7721 	5783 	6456 	95681 	19002 	23672 	23375 	18256 	7219 	5721 	6062 	6322 	9035 	8315 	6989 	8266 	8120 	6363 	5410 	6483 	84305 	18443 	24408 	22920 	21232 	6694 	5615 	6134 	8166 	8134 	8108 	7940 	7712 	7268 	7172 	6623 	7437 	87003 	22912 	26658 	21181 	16703 	7074 	7261 	8577 	7702 	9606 	9350 	8435 	7017 	5729 	6212 	5095 	5396 	87454 	19089 	20453 	18158 	13155 	5844 	5972 	7273 	7375 	6532 	6546 	6059 	6213 	5886 	4661 	4057 	4437 	70855 	26842 	50285 	38543 	35115 	6010 	8693 	12139 	14450 	18054 	17781 	13760 	12895 	11888 	13244 	10921 	10950 	150785 	34668 	30999 	28330 	24439 	11462 	12165 	11041 	11450 	9632 	9917 	9040 	10551 	8739 	9149 	7371 	7919 	118436 	23397 	24010 	21200 	7224 	8282 	7686 	7429 	7446 	8640 	7924 	7171 	7158 	6871 	2699 	2053 	2472 	75831 	: 	: 	: 	: 	: 	: 	: 	: 	: 	: 	: 	: 	: 	: 	: 	: 	: 	: 	: 	: 	: 	: 	: 	: 	: 	: 	: 	: 	: 	: 	: 	: 	: 	: 	: 	: 	: 	: 	: 	: 	: 	: 
PAS,PAS_CRD,SK_LZIB_IN_VIAR	: 	: 	: 	: 	: 	: 	: 	: 	: 	: 	: 	: 	: 	: 	: 	: 	: 	: 	: 	: 	: 	: 	: 	: 	: 	: 	: 	: 	: 	: 	: 	: 	: 	: 	: 	: 	: 	: 	: 	: 	: 	: 	: 	: 	: 	: 	: 	: 	: 	: 	: 	: 	: 	: 	: 	: 	: 	: 	: 	: 	: 	: 	: 	: 	: 	: 	: 	: 	: 	: 	: 	: 	: 	: 	: 	: 	: 	: 	: 	: 	: 	: 	: 	: 	: 	: 	: 	: 	: 	: 	: 	: 	: 	: 	: 	: 	: 	: 	: 	: 	: 	: 	: 	: 	: 	: 	: 	: 	: 	: 	: 	: 	: 	: 	: 	: 	: 	: 	: 	: 	: 	: 	: 	: 	: 	: 	: 	: 	: 	: 	: 	: 	: 	: 	: 	: 	: 	: 	: 	: 	: 	: 	: 	: 	: 	3805 	: 	3749 	13467 	1606 	1372 	827 	: 	: 	: 	282 	563 	2904 	4507 	4181 	4779 	21021 	: 	: 	: 	: 	: 	: 	: 	: 	: 	: 	: 	: 	: 	: 	: 	: 	: 	: 	: 	: 	: 	: 	: 	: 	: 	: 	: 	: 	: 	: 	: 	: 	: 	: 	: 	: 	: 	: 	: 	: 	: 	: 	: 	: 	: 	: 	: 	: 	: 	: 	: 	: 	: 	: 	: 	: 	: 	: 	: 	: 	: 	: 	: 	: 	: 	: 	: 	: 	: 	: 	: 	: 	: 	: 	: 	: 
PAS,PAS_CRD,SK_LZIB_IT_LICT	: 	: 	: 	: 	: 	: 	: 	: 	: 	2761 	9256 	8690 	: 	: 	: 	2761 	3168 	2871 	3217 	3071 	2985 	2634 	: 	: 	: 	20707 	: 	: 	: 	: 	: 	: 	: 	: 	: 	: 	: 	: 	: 	: 	: 	: 	: 	3190 	8916 	7942 	: 	: 	275 	2915 	2724 	3025 	3167 	2840 	2441 	2661 	: 	: 	: 	20048 	: 	: 	: 	: 	: 	: 	: 	: 	: 	: 	: 	: 	: 	: 	: 	: 	: 	: 	: 	: 	: 	: 	: 	: 	: 	: 	: 	: 	: 	: 	: 	: 	: 	: 	: 	: 	: 	: 	: 	: 	: 	: 	: 	: 	: 	: 	: 	: 	: 	: 	: 	: 	: 	: 	: 	: 	: 	: 	: 	: 	: 	: 	: 	: 	: 	: 	: 	: 	: 	: 	: 	: 	: 	: 	: 	: 	: 	: 	: 	: 	: 	: 	: 	: 	: 	: 	: 	: 	: 	: 	: 	: 	: 	: 	: 	: 	: 	: 	: 	: 	: 	: 	: 	: 	: 	: 	: 	: 	: 	: 	: 	: 	: 	: 	: 	: 	: 	: 	: 	: 	: 	: 	: 	: 	: 	: 	: 	: 	: 	: 	: 	: 	: 	: 	: 	: 	: 	: 	: 	: 	: 	: 	: 	: 	: 	: 	: 	: 	: 	: 	: 	: 	: 	: 	: 	: 	: 	: 	: 	: 	: 	: 	: 	: 	: 	: 	: 	: 	: 	: 	: 	: 	: 	: 	: 	: 	: 	: 
PAS,PAS_CRD,SK_LZIB_IT_LIEA	: 	: 	: 	: 	: 	: 	: 	: 	: 	3041 	9289 	8943 	8498 	: 	: 	3041 	2824 	3237 	3228 	2779 	3067 	3097 	2947 	2593 	2958 	29771 	8044 	8576 	7782 	7799 	3534 	2203 	2307 	3218 	2853 	2505 	2658 	2629 	2495 	2864 	2481 	2454 	32201 	9291 	10746 	7831 	6264 	3131 	2799 	3361 	4760 	2872 	3114 	2915 	2452 	2464 	2635 	1713 	1916 	34132 	7621 	9336 	7598 	589 	2697 	2125 	2799 	3034 	3192 	3110 	2472 	2506 	2620 	589 	: 	: 	25144 	: 	: 	: 	: 	: 	: 	: 	: 	: 	: 	: 	: 	: 	: 	: 	: 	: 	: 	: 	: 	: 	: 	: 	: 	: 	: 	: 	: 	: 	: 	: 	: 	: 	: 	: 	: 	: 	: 	: 	: 	: 	: 	: 	: 	: 	: 	: 	: 	: 	: 	: 	: 	: 	: 	: 	: 	: 	: 	: 	: 	: 	: 	: 	: 	: 	: 	: 	: 	: 	: 	: 	: 	: 	: 	: 	: 	: 	: 	: 	: 	: 	: 	: 	: 	: 	: 	: 	: 	: 	: 	: 	: 	: 	: 	: 	: 	: 	: 	: 	: 	: 	: 	: 	: 	: 	: 	: 	: 	: 	: 	: 	: 	: 	: 	: 	: 	: 	: 	: 	: 	: 	: 	: 	: 	: 	: 	: 	: 	: 	: 	: 	: 	: 	: 	: 	: 	: 	: 	: 	: 	: 	: 	: 	: 	: 	: 	: 	: 	: 	: 	: 	: 	: 	: 	: 	: 	: 	: 	: 	: 	: 
PAS,PAS_CRD,SK_LZIB_IT_LIME	18455 	17732 	6390 	6046 	6442 	5967 	6002 	5565 	6165 	18852 	18453 	17653 	17743 	6320 	6222 	6310 	5930 	6271 	6252 	5440 	6278 	5935 	5809 	5616 	6318 	72701 	18829 	18559 	18493 	16834 	6694 	6094 	6041 	5989 	6270 	6300 	6252 	6310 	5931 	6216 	5213 	5405 	72715 	17786 	17644 	12892 	16226 	6015 	5765 	6006 	5823 	5725 	6096 	5025 	2279 	5588 	6069 	5072 	5085 	64548 	20366 	20556 	20341 	16417 	6588 	6592 	7186 	6384 	7389 	6783 	6673 	6684 	6984 	5839 	4858 	5720 	77680 	20309 	21440 	17723 	18662 	6363 	6041 	7905 	7228 	7207 	7005 	6283 	6276 	5164 	6689 	5574 	6399 	78134 	20344 	21029 	20900 	24741 	7340 	6409 	6595 	6754 	7017 	7258 	6847 	6942 	7111 	8717 	7864 	8160 	87014 	25151 	20187 	18262 	24898 	9277 	8743 	7131 	6285 	6621 	7281 	6294 	6311 	5657 	9129 	8078 	7691 	88498 	26106 	26881 	25246 	33466 	8593 	8672 	8841 	8683 	8756 	9442 	8352 	8325 	8569 	11657 	10976 	10833 	111699 	32861 	26439 	27294 	27308 	11840 	11329 	9692 	8643 	8848 	8948 	8500 	9198 	9596 	9722 	9056 	8530 	113902 	25374 	27589 	28336 	37248 	8478 	7807 	9089 	8527 	9404 	9658 	9121 	9402 	9813 	13926 	12042 	11280 	118547 	40802 	41158 	41089 	37216 	14164 	13123 	13515 	12904 	14971 	13283 	12678 	13542 	14869 	14671 	11591 	10954 	160265 	: 	: 	: 	: 	: 	: 	: 	: 	: 	: 	: 	: 	: 	: 	: 	: 	: 	: 	: 	: 	: 	: 	: 	: 	: 	: 	: 	: 	: 	: 	: 	: 	: 	: 	: 	: 	: 	: 	: 	: 	: 	: 
PAS,PAS_CRD,SK_LZIB_IT_LIPE	: 	: 	: 	: 	: 	: 	: 	: 	: 	: 	: 	: 	: 	: 	: 	: 	: 	: 	: 	: 	: 	: 	: 	: 	: 	: 	: 	: 	: 	: 	: 	: 	: 	: 	: 	: 	: 	: 	: 	: 	: 	: 	: 	: 	: 	: 	: 	: 	: 	: 	: 	: 	: 	: 	: 	: 	: 	: 	: 	: 	: 	: 	: 	: 	: 	: 	: 	: 	: 	: 	: 	: 	: 	: 	: 	: 	: 	: 	: 	: 	: 	: 	: 	: 	: 	: 	: 	: 	: 	: 	: 	: 	: 	: 	: 	: 	: 	: 	: 	: 	: 	: 	: 	: 	: 	: 	: 	: 	: 	: 	: 	3524 	11059 	9316 	8839 	18 	: 	3506 	3636 	3839 	3584 	3283 	3247 	2786 	3424 	2764 	2651 	32738 	: 	: 	: 	: 	: 	: 	: 	: 	: 	: 	: 	: 	: 	: 	: 	: 	: 	: 	: 	: 	: 	: 	: 	: 	: 	: 	: 	: 	: 	: 	: 	: 	: 	: 	: 	: 	: 	: 	: 	: 	: 	: 	: 	: 	: 	: 	: 	: 	: 	: 	: 	: 	: 	: 	: 	: 	: 	: 	: 	: 	: 	: 	: 	: 	: 	: 	: 	: 	: 	: 	: 	: 	: 	: 	: 	: 	: 	: 	: 	: 	: 	: 	: 	: 	: 	: 	: 	: 	: 	: 	: 	: 	: 	: 	: 	: 	: 	: 	: 	: 	: 	: 	: 	: 	: 	: 	: 	: 	: 	: 
PAS,PAS_CRD,SK_LZIB_IT_LIRA	13903 	13325 	4575 	4596 	5013 	4294 	4945 	4140 	4240 	10628 	13774 	12846 	13088 	4038 	4496 	2094 	4384 	4994 	4396 	4034 	4509 	4303 	4652 	3954 	4482 	50336 	14074 	18320 	17116 	12403 	4647 	3534 	5893 	6239 	6236 	5845 	5538 	5976 	5602 	4630 	3447 	4326 	61913 	13544 	17499 	16623 	6939 	4005 	4252 	5287 	5702 	6236 	5561 	5763 	5524 	5336 	2888 	2008 	2043 	54605 	10020 	13511 	13137 	6715 	2709 	2810 	4501 	4443 	4608 	4460 	4396 	4734 	4007 	2634 	2153 	1928 	43383 	8405 	12180 	12891 	9946 	2113 	2053 	4239 	3157 	4720 	4303 	4276 	4282 	4333 	3979 	2774 	3193 	43422 	11619 	13313 	12739 	10867 	4044 	3641 	3934 	4228 	4431 	4654 	4262 	4218 	4259 	4369 	3331 	3167 	48538 	11576 	12511 	11054 	9499 	3692 	3795 	4089 	4113 	4297 	4101 	4106 	3990 	2958 	4084 	2731 	2684 	44640 	: 	: 	: 	: 	: 	: 	: 	: 	: 	: 	: 	: 	: 	: 	: 	: 	: 	: 	: 	: 	: 	: 	: 	: 	: 	: 	: 	: 	: 	: 	: 	: 	: 	: 	: 	: 	: 	: 	: 	: 	: 	: 	: 	: 	: 	: 	: 	: 	: 	: 	: 	: 	: 	: 	: 	: 	: 	: 	: 	: 	: 	: 	: 	: 	: 	: 	: 	: 	: 	: 	: 	: 	: 	: 	: 	: 	: 	: 	: 	: 	: 	: 	: 	: 	: 	: 	: 	: 	: 	: 	: 	: 	: 	: 	: 	: 	: 	: 	: 	: 	: 	: 	: 	: 	: 	: 	: 	: 	: 	: 
PAS,PAS_CRD,SK_LZIB_IT_LIRF	: 	: 	: 	: 	: 	: 	: 	: 	: 	: 	: 	: 	: 	: 	: 	: 	: 	: 	: 	: 	: 	: 	: 	: 	: 	: 	: 	: 	: 	: 	: 	: 	: 	: 	: 	: 	: 	: 	: 	: 	: 	: 	: 	: 	: 	: 	: 	: 	: 	: 	: 	: 	: 	: 	: 	: 	: 	: 	: 	: 	: 	: 	: 	: 	: 	: 	: 	: 	: 	: 	: 	: 	: 	: 	: 	: 	: 	: 	: 	: 	: 	: 	: 	: 	: 	: 	: 	: 	: 	: 	: 	: 	: 	: 	: 	: 	: 	: 	: 	: 	: 	: 	: 	: 	: 	: 	: 	: 	: 	: 	: 	: 	: 	: 	: 	: 	: 	: 	: 	: 	: 	: 	: 	: 	: 	: 	: 	: 	12455 	8802 	16422 	14280 	3853 	4252 	4350 	1901 	3563 	3338 	3737 	6406 	6279 	5628 	4458 	4194 	51959 	17478 	12554 	18589 	16867 	5817 	5598 	6063 	4744 	4164 	3646 	4721 	7131 	6737 	7172 	5333 	4362 	65488 	17365 	13693 	16200 	12955 	5911 	5738 	5716 	4624 	4616 	4453 	4776 	5599 	5825 	6099 	3246 	3610 	60213 	13990 	13395 	14091 	9844 	4464 	4449 	5077 	4612 	4466 	4317 	4419 	4934 	4738 	4296 	2885 	2663 	51320 	: 	: 	: 	: 	: 	: 	: 	: 	: 	: 	: 	: 	: 	: 	: 	: 	: 	: 	: 	: 	: 	: 	: 	: 	: 	: 	: 	: 	: 	: 	: 	: 	: 	: 	: 	: 	: 	: 	: 	: 	: 	: 
PAS,PAS_CRD,SK_LZIB_IT_LIRP	: 	: 	: 	: 	: 	: 	: 	: 	: 	: 	: 	: 	: 	: 	: 	: 	: 	: 	: 	: 	: 	: 	: 	: 	: 	: 	: 	: 	: 	: 	: 	: 	: 	: 	: 	: 	: 	: 	: 	: 	: 	: 	: 	: 	: 	: 	: 	: 	: 	: 	: 	: 	: 	: 	: 	: 	: 	: 	: 	: 	: 	: 	: 	: 	: 	: 	: 	: 	: 	: 	: 	: 	: 	: 	: 	: 	: 	: 	: 	: 	: 	: 	: 	: 	: 	: 	: 	: 	: 	: 	: 	: 	: 	: 	: 	: 	: 	: 	: 	: 	: 	: 	: 	: 	: 	: 	: 	: 	: 	: 	: 	1873 	7492 	6233 	4640 	3 	: 	1870 	2320 	2649 	2523 	2109 	2050 	2074 	1757 	1388 	1495 	20238 	: 	: 	: 	: 	: 	: 	: 	: 	: 	: 	: 	: 	: 	: 	: 	: 	: 	: 	: 	: 	: 	: 	: 	: 	: 	: 	: 	: 	: 	: 	: 	: 	: 	: 	: 	: 	: 	: 	: 	: 	: 	: 	: 	: 	: 	: 	: 	: 	: 	: 	: 	: 	: 	: 	: 	: 	: 	: 	: 	: 	: 	: 	: 	: 	: 	: 	: 	: 	: 	: 	: 	: 	: 	: 	: 	: 	: 	: 	: 	: 	: 	: 	: 	: 	: 	: 	: 	: 	: 	: 	: 	: 	: 	: 	: 	: 	: 	: 	: 	: 	: 	: 	: 	: 	: 	: 	: 	: 	: 	: 
PAS,PAS_CRD,SK_LZIB_MK_LWSK	8213 	7971 	4477 	2873 	2794 	2546 	3053 	2084 	2834 	7675 	8578 	7732 	254 	2557 	2388 	2730 	2906 	2847 	2825 	2482 	2707 	2543 	254 	0 	0 	24239 	: 	: 	: 	: 	: 	: 	: 	: 	: 	: 	: 	: 	: 	: 	: 	: 	: 	: 	: 	: 	: 	: 	: 	: 	: 	: 	: 	: 	: 	: 	: 	: 	: 	: 	: 	: 	: 	: 	: 	: 	: 	: 	: 	: 	: 	: 	: 	: 	: 	: 	: 	: 	: 	: 	: 	: 	: 	: 	: 	: 	: 	: 	: 	: 	: 	: 	: 	: 	: 	: 	: 	: 	: 	: 	: 	: 	: 	: 	: 	: 	: 	: 	: 	: 	: 	: 	: 	: 	: 	: 	: 	: 	: 	: 	: 	: 	: 	: 	: 	: 	: 	: 	: 	: 	: 	: 	: 	: 	: 	: 	: 	: 	: 	: 	: 	: 	: 	: 	: 	: 	: 	: 	: 	: 	: 	: 	: 	: 	: 	: 	: 	: 	: 	: 	: 	: 	: 	: 	: 	: 	: 	: 	: 	: 	: 	: 	: 	: 	: 	: 	: 	: 	: 	: 	: 	: 	: 	: 	: 	: 	: 	: 	: 	: 	: 	: 	: 	: 	: 	: 	: 	: 	: 	: 	: 	: 	: 	: 	: 	: 	: 	: 	: 	: 	: 	: 	: 	: 	: 	: 	: 	: 	: 	: 	: 	: 	: 	: 	: 	: 	: 	: 	: 	: 	: 	: 	: 	: 	: 	: 	: 	: 
PAS,PAS_CRD,SK_LZIB_NL_EHAM	: 	: 	: 	: 	: 	: 	: 	: 	: 	: 	: 	: 	: 	: 	: 	: 	: 	: 	: 	: 	: 	: 	: 	: 	: 	: 	: 	: 	: 	: 	: 	: 	: 	: 	: 	: 	: 	: 	: 	: 	: 	: 	: 	: 	: 	: 	: 	: 	: 	: 	: 	: 	: 	: 	: 	: 	: 	: 	: 	: 	: 	: 	: 	: 	: 	: 	: 	: 	: 	: 	: 	: 	: 	: 	: 	: 	: 	: 	: 	: 	: 	: 	: 	: 	: 	: 	: 	: 	: 	: 	: 	: 	: 	: 	: 	: 	: 	: 	: 	: 	: 	: 	: 	: 	: 	: 	: 	: 	: 	: 	: 	: 	: 	: 	: 	: 	: 	: 	: 	: 	: 	: 	: 	: 	: 	: 	: 	: 	: 	: 	: 	: 	: 	: 	: 	: 	: 	: 	: 	: 	: 	: 	: 	: 	: 	: 	: 	: 	: 	: 	: 	: 	: 	: 	: 	: 	: 	: 	: 	: 	: 	: 	5045 	13655 	17099 	15840 	: 	: 	5045 	4530 	4579 	4546 	4793 	6280 	6026 	6353 	5381 	4106 	51639 	13312 	15496 	18079 	12434 	4116 	3977 	5219 	4990 	5394 	5112 	5581 	6235 	6263 	4855 	4061 	3518 	59321 	: 	: 	: 	: 	: 	: 	: 	: 	: 	: 	: 	: 	: 	: 	: 	: 	: 	: 	: 	: 	: 	: 	: 	: 	: 	: 	: 	: 	: 	: 	: 	: 	: 	: 	: 	: 	: 	: 	: 	: 	: 	: 
PAS,PAS_CRD,SK_LZIB_RO_LRBS	: 	: 	: 	: 	: 	: 	: 	: 	: 	: 	: 	: 	: 	: 	: 	: 	: 	: 	: 	: 	: 	: 	: 	: 	: 	: 	: 	: 	: 	: 	: 	: 	: 	: 	: 	: 	: 	: 	: 	: 	: 	: 	: 	: 	: 	: 	: 	: 	: 	: 	: 	: 	: 	: 	: 	: 	: 	: 	: 	: 	: 	: 	: 	: 	: 	: 	: 	: 	: 	: 	: 	: 	: 	: 	: 	: 	: 	: 	: 	: 	: 	: 	: 	: 	: 	: 	: 	: 	: 	: 	: 	: 	: 	: 	: 	: 	: 	: 	: 	: 	: 	: 	: 	: 	: 	: 	: 	: 	: 	: 	: 	: 	: 	: 	: 	: 	: 	: 	: 	: 	: 	: 	: 	: 	: 	: 	: 	: 	: 	: 	: 	: 	: 	: 	: 	: 	: 	: 	: 	: 	: 	: 	: 	: 	: 	: 	: 	: 	: 	: 	: 	: 	: 	: 	: 	: 	: 	: 	: 	: 	: 	: 	: 	: 	: 	: 	: 	: 	: 	: 	: 	: 	: 	: 	: 	: 	: 	: 	: 	8009 	10589 	7959 	4727 	2373 	2356 	3280 	3515 	3491 	3583 	2689 	2510 	2760 	1869 	1605 	1253 	31284 	: 	: 	: 	: 	: 	: 	: 	: 	: 	: 	: 	: 	: 	: 	: 	: 	: 	: 	: 	: 	: 	: 	: 	: 	: 	: 	: 	: 	: 	: 	: 	: 	: 	: 	: 	: 	: 	: 	: 	: 	: 	: 
PAS,PAS_CRD,SK_LZIB_RU_UUEE	: 	: 	: 	: 	: 	: 	: 	: 	: 	: 	: 	: 	: 	: 	: 	: 	: 	: 	: 	: 	: 	: 	: 	: 	: 	: 	: 	: 	: 	: 	: 	: 	: 	: 	: 	: 	: 	: 	: 	: 	: 	: 	: 	: 	: 	: 	: 	: 	: 	: 	: 	: 	: 	: 	: 	: 	: 	: 	: 	: 	: 	: 	: 	: 	: 	: 	: 	: 	: 	: 	: 	: 	: 	: 	: 	: 	: 	: 	: 	: 	: 	: 	: 	: 	: 	: 	: 	: 	: 	: 	: 	: 	: 	: 	: 	: 	: 	: 	: 	: 	: 	: 	: 	: 	: 	: 	: 	: 	: 	: 	: 	: 	: 	: 	: 	: 	: 	: 	: 	: 	: 	: 	: 	: 	: 	: 	: 	: 	: 	: 	: 	: 	: 	: 	: 	: 	: 	: 	: 	: 	: 	: 	: 	: 	: 	: 	: 	: 	: 	: 	: 	: 	: 	: 	: 	: 	: 	: 	: 	: 	: 	: 	: 	: 	: 	: 	: 	: 	: 	: 	: 	: 	: 	: 	: 	: 	: 	: 	: 	5678 	6553 	5455 	5172 	1605 	1801 	2272 	2237 	2243 	2073 	1991 	1792 	1672 	1674 	1748 	1750 	22858 	: 	: 	: 	: 	: 	: 	: 	: 	: 	: 	: 	: 	: 	: 	: 	: 	: 	: 	: 	: 	: 	: 	: 	: 	: 	: 	: 	: 	: 	: 	: 	: 	: 	: 	: 	: 	: 	: 	: 	: 	: 	23838 
PAS,PAS_CRD,SK_LZIB_RU_UUWW	19143 	20333 	6211 	6361 	6383 	6399 	7536 	5432 	7365 	21173 	13606 	19240 	18182 	7347 	6902 	6924 	5402 	3991 	4213 	4251 	8237 	6752 	5895 	5626 	6661 	72201 	: 	: 	: 	: 	: 	: 	: 	: 	: 	: 	: 	: 	: 	: 	: 	: 	: 	: 	: 	: 	: 	: 	: 	: 	: 	: 	: 	: 	: 	: 	: 	: 	: 	: 	: 	: 	: 	: 	: 	: 	: 	: 	: 	: 	: 	: 	: 	: 	: 	: 	: 	4494 	7072 	5508 	4749 	1383 	1201 	1910 	2446 	2213 	2413 	1600 	1839 	2069 	1653 	1414 	1682 	21823 	: 	: 	: 	: 	: 	: 	: 	: 	: 	: 	: 	: 	: 	: 	: 	: 	: 	: 	: 	: 	: 	: 	: 	: 	: 	: 	: 	: 	: 	: 	: 	: 	: 	: 	: 	: 	: 	: 	: 	: 	: 	: 	: 	: 	: 	: 	: 	: 	: 	: 	: 	: 	: 	: 	: 	: 	: 	: 	: 	: 	: 	: 	: 	: 	: 	: 	: 	: 	: 	: 	: 	: 	: 	: 	: 	: 	: 	: 	: 	: 	: 	: 	: 	: 	: 	: 	: 	: 	: 	: 	: 	: 	: 	: 	: 	: 	: 	: 	: 	: 	: 	: 	: 	: 	: 	: 	: 	: 	: 	: 	: 	: 	: 	: 	: 	: 	: 	: 	: 	: 	: 	: 	: 	: 	: 	: 	: 	: 	: 	: 	: 	: 	: 	: 	: 	: 	: 	: 	: 	: 	: 	: 	: 	: 
PAS,PAS_CRD,SK_LZIB_SE_ESKN	: 	: 	: 	: 	: 	: 	: 	: 	: 	: 	: 	: 	: 	: 	: 	: 	: 	: 	: 	: 	: 	: 	: 	: 	: 	: 	: 	: 	: 	: 	: 	: 	: 	: 	: 	: 	: 	: 	: 	: 	: 	: 	: 	: 	: 	: 	: 	: 	: 	: 	: 	: 	: 	: 	: 	: 	: 	: 	: 	: 	: 	: 	: 	: 	: 	: 	: 	: 	: 	: 	: 	: 	: 	: 	: 	: 	: 	: 	: 	: 	: 	: 	: 	: 	: 	: 	: 	: 	: 	: 	: 	: 	: 	: 	: 	: 	: 	: 	: 	: 	: 	: 	: 	: 	: 	: 	: 	: 	: 	: 	: 	7364 	12066 	9984 	7786 	1692 	2240 	3432 	3466 	3867 	4733 	3742 	3340 	2902 	3345 	2092 	2349 	37200 	8975 	12215 	11479 	8516 	3115 	2254 	3606 	3665 	4087 	4463 	3984 	3634 	3861 	2993 	2957 	2566 	41185 	12011 	20957 	18922 	12382 	2873 	3033 	6105 	7311 	6512 	7134 	6202 	6921 	5799 	5130 	3918 	3334 	64272 	: 	: 	: 	: 	: 	: 	: 	: 	: 	: 	: 	: 	: 	: 	: 	: 	: 	: 	: 	: 	: 	: 	: 	: 	: 	: 	: 	: 	: 	: 	: 	: 	: 	: 	: 	: 	: 	: 	: 	: 	: 	: 	: 	: 	: 	: 	: 	: 	: 	: 	: 	: 	: 	: 	: 	: 	: 	: 	: 	: 	: 	: 	: 	: 	: 	: 	: 	: 	: 	: 	: 	: 	: 	: 	: 	: 
PAS,PAS_CRD,SK_LZIB_SK_LZKZ	: 	: 	: 	: 	: 	: 	: 	: 	: 	: 	: 	: 	: 	: 	: 	: 	: 	: 	: 	: 	: 	: 	: 	: 	: 	: 	: 	: 	: 	: 	: 	: 	: 	: 	: 	: 	: 	: 	: 	: 	: 	: 	: 	: 	: 	: 	: 	: 	: 	: 	: 	: 	: 	: 	: 	: 	: 	: 	: 	: 	: 	: 	: 	: 	: 	: 	: 	: 	: 	: 	: 	: 	: 	: 	: 	: 	: 	5525 	7990 	8123 	6697 	1171 	1574 	2780 	2486 	2758 	2746 	2552 	2894 	2677 	2622 	2156 	1919 	28335 	7965 	7530 	9227 	7574 	2363 	2768 	2834 	2738 	2441 	2351 	3100 	3535 	2592 	2815 	2473 	2286 	32296 	9069 	9739 	9982 	10664 	2620 	3172 	3277 	3367 	3231 	3141 	3729 	3271 	2982 	3878 	3594 	3192 	39454 	12670 	21498 	35836 	30923 	3648 	4055 	4967 	4688 	8034 	8776 	11711 	11775 	12350 	9862 	9763 	11298 	100927 	41423 	50896 	54874 	45945 	13014 	14771 	13638 	16268 	17350 	17278 	19377 	17840 	17657 	16890 	14586 	14469 	193138 	51003 	44391 	44995 	33940 	14639 	17148 	19216 	14527 	14901 	14963 	15403 	16176 	13416 	13479 	10401 	10060 	174329 	29906 	30423 	30409 	24826 	9543 	10082 	10281 	10154 	10314 	9955 	10725 	10304 	9380 	9522 	7670 	7634 	115564 	: 	: 	: 	: 	: 	: 	: 	: 	: 	: 	: 	: 	: 	: 	: 	: 	: 	: 	: 	: 	: 	: 	: 	: 	: 	: 	: 	: 	: 	: 	: 	: 	: 	: 	: 	: 	: 	: 	: 	: 	: 	: 
PAS,PAS_CRD,SK_LZIB_TN_DTMB	: 	: 	: 	: 	: 	: 	: 	: 	: 	: 	: 	: 	: 	: 	: 	: 	: 	: 	: 	: 	: 	: 	: 	: 	: 	: 	: 	: 	: 	: 	: 	: 	: 	: 	: 	: 	: 	: 	: 	: 	: 	: 	: 	141 	25871 	5074 	: 	: 	: 	141 	5552 	9816 	10503 	4923 	151 	: 	: 	: 	: 	31086 	264 	25591 	5597 	: 	: 	: 	264 	4951 	10261 	10379 	5438 	159 	: 	: 	: 	: 	31452 	112 	26029 	6433 	: 	: 	: 	112 	4427 	10680 	10922 	6233 	200 	: 	: 	: 	: 	32574 	112 	19854 	2208 	: 	: 	: 	112 	5022 	7833 	6999 	2208 	: 	: 	: 	: 	: 	22174 	362 	23128 	4888 	: 	: 	: 	362 	5686 	8476 	8966 	4473 	415 	: 	: 	: 	: 	28378 	420 	22544 	6872 	: 	: 	: 	420 	5447 	7653 	9444 	6115 	757 	: 	: 	: 	: 	29836 	836 	31997 	8683 	: 	: 	: 	836 	7434 	11620 	12943 	7214 	1469 	: 	: 	: 	: 	41516 	2050 	25949 	7498 	: 	: 	: 	2050 	6625 	9268 	10056 	6025 	1467 	6 	: 	: 	: 	35497 	1359 	22026 	6322 	: 	: 	: 	1359 	6603 	7665 	7758 	5330 	992 	: 	: 	: 	: 	29707 	: 	: 	: 	: 	: 	: 	: 	: 	: 	: 	: 	: 	: 	: 	: 	: 	: 	: 	: 	: 	: 	: 	: 	: 	: 	: 	: 	: 	: 	: 	: 	: 	: 	: 	: 	: 	: 	: 	: 	: 	: 	20767 
PAS,PAS_CRD,SK_LZIB_TR_LTAI	11141 	14 	27066 	10657 	484 	: 	: 	6 	8 	901 	40850 	5371 	3 	: 	374 	527 	9855 	13744 	17251 	5186 	185 	: 	: 	: 	3 	47125 	1549 	107608 	25690 	829 	: 	353 	1196 	23825 	40940 	42843 	24175 	1515 	: 	646 	: 	183 	135676 	1996 	91019 	21778 	: 	183 	358 	1455 	22429 	34327 	34263 	19602 	2176 	: 	: 	: 	: 	114793 	3257 	97309 	24579 	728 	182 	180 	2895 	23717 	36006 	37586 	23518 	1061 	: 	561 	167 	: 	125873 	3499 	79268 	22152 	353 	: 	329 	3170 	21151 	28490 	29627 	19766 	1688 	698 	353 	: 	: 	105272 	5185 	92454 	26555 	1313 	: 	540 	4645 	24134 	33213 	35107 	22674 	2206 	1675 	1313 	: 	: 	125507 	5679 	59789 	21060 	: 	: 	1306 	4373 	14898 	22221 	22670 	18115 	2780 	165 	: 	: 	: 	86528 	2329 	53148 	16223 	: 	: 	: 	2329 	13820 	20261 	19067 	13803 	1923 	497 	: 	: 	: 	71700 	135 	41266 	11715 	11 	: 	: 	135 	9628 	15517 	16121 	11715 	: 	: 	: 	: 	11 	53127 	769 	32423 	7778 	: 	: 	513 	256 	7737 	12416 	12270 	7778 	: 	: 	: 	: 	: 	40970 	854 	17745 	3279 	5 	570 	: 	284 	3682 	6984 	7079 	3279 	: 	: 	5 	: 	: 	21883 	: 	: 	: 	: 	: 	: 	: 	: 	: 	: 	: 	: 	: 	: 	: 	: 	: 	: 	: 	: 	: 	: 	: 	: 	: 	: 	: 	: 	: 	: 	: 	: 	: 	: 	: 	: 	: 	: 	: 	: 	: 	19973 
PAS,PAS_CRD,SK_LZIB_UK_EGBB	14035 	13545 	4685 	4707 	4670 	4658 	4609 	4256 	4680 	14018 	14582 	13823 	15121 	4744 	4681 	4593 	4589 	5457 	4536 	4634 	4654 	4535 	4641 	5191 	5289 	57544 	13388 	13953 	13491 	13243 	4841 	3659 	4888 	4573 	4717 	4663 	4590 	4516 	4385 	4490 	4177 	4576 	54075 	11317 	12912 	13340 	8486 	3925 	4232 	3160 	3155 	4703 	5054 	4136 	4901 	4303 	2888 	2562 	3036 	46055 	10896 	13786 	13259 	7842 	3253 	2957 	4686 	4105 	5090 	4591 	4480 	4356 	4423 	2628 	2643 	2571 	45783 	9717 	13389 	12648 	11961 	3426 	2338 	3953 	4283 	4566 	4540 	4418 	4387 	3843 	4374 	3726 	3861 	47715 	12559 	13610 	13272 	12699 	4276 	4007 	4276 	4325 	4621 	4664 	4500 	4433 	4339 	4436 	3839 	4424 	52140 	12907 	14214 	11893 	11515 	4198 	4419 	4290 	4319 	4957 	4938 	4284 	4282 	3327 	4092 	3770 	3653 	50529 	12520 	12876 	11857 	3089 	4200 	3705 	4615 	4357 	4490 	4029 	3828 	3629 	4400 	1037 	607 	1445 	40342 	12595 	23482 	12990 	16891 	4419 	4274 	3902 	7086 	8327 	8069 	4201 	3790 	4999 	6927 	5460 	4504 	65958 	: 	: 	: 	: 	: 	: 	: 	: 	: 	: 	: 	: 	: 	: 	: 	: 	: 	: 	: 	: 	: 	: 	: 	: 	: 	: 	: 	: 	: 	: 	: 	: 	: 	: 	: 	: 	: 	: 	: 	: 	: 	: 	: 	: 	: 	: 	: 	: 	: 	: 	: 	: 	: 	: 	: 	: 	: 	: 	: 	: 	: 	: 	: 	: 	: 	: 	: 	: 	: 	: 	: 	: 	: 	: 	: 	: 
PAS,PAS_CRD,SK_LZIB_UK_EGCC	13954 	14082 	4663 	4658 	4655 	4641 	4640 	4262 	5180 	13897 	14233 	13860 	: 	4743 	4567 	4587 	4585 	4681 	4967 	4639 	4612 	4609 	: 	: 	: 	41990 	: 	: 	: 	: 	: 	: 	: 	: 	: 	: 	: 	: 	: 	: 	: 	: 	: 	: 	: 	: 	: 	: 	: 	: 	: 	: 	: 	: 	: 	: 	: 	: 	: 	: 	: 	: 	: 	: 	: 	: 	: 	: 	: 	: 	: 	: 	: 	: 	: 	: 	: 	: 	: 	: 	: 	: 	: 	: 	: 	: 	: 	: 	: 	: 	: 	: 	: 	: 	: 	: 	: 	: 	: 	: 	: 	: 	: 	: 	: 	: 	: 	: 	: 	: 	: 	: 	: 	: 	: 	: 	: 	: 	: 	: 	: 	: 	: 	: 	: 	: 	: 	: 	558 	10431 	16208 	15241 	541 	17 	: 	: 	4897 	5534 	4719 	5660 	5829 	5442 	4706 	5093 	42438 	15154 	22326 	22721 	20863 	5329 	4479 	5346 	6589 	7976 	7761 	7640 	7895 	7186 	7647 	6611 	6605 	81064 	17221 	14380 	11973 	9031 	6139 	5995 	5087 	4646 	5055 	4679 	4482 	3888 	3603 	3084 	2654 	3293 	52605 	8766 	12414 	11054 	6907 	2663 	2509 	3594 	4099 	4049 	4266 	3736 	3768 	3550 	2548 	2021 	2338 	39141 	: 	: 	: 	: 	: 	: 	: 	: 	: 	: 	: 	: 	: 	: 	: 	: 	: 	: 	: 	: 	: 	: 	: 	: 	: 	: 	: 	: 	: 	: 	: 	: 	: 	: 	: 	: 	: 	: 	: 	: 	: 	: 
PAS,PAS_CRD,SK_LZIB_UK_EGGD	: 	: 	: 	: 	: 	: 	: 	: 	: 	: 	: 	: 	: 	: 	: 	: 	: 	: 	: 	: 	: 	: 	: 	: 	: 	: 	: 	: 	: 	: 	: 	: 	: 	: 	: 	: 	: 	: 	: 	: 	: 	: 	: 	: 	: 	: 	: 	: 	: 	: 	: 	: 	: 	: 	: 	: 	: 	: 	: 	: 	3271 	9015 	8061 	866 	: 	340 	2931 	3002 	3207 	2806 	2898 	2727 	2436 	866 	: 	: 	21213 	2773 	8953 	7862 	7027 	: 	635 	2138 	2825 	3097 	3031 	2577 	2668 	2617 	2257 	2475 	2295 	26615 	: 	: 	: 	: 	: 	: 	: 	: 	: 	: 	: 	: 	: 	: 	: 	: 	: 	9211 	8897 	7512 	7613 	3438 	2621 	3152 	2598 	3120 	3179 	2580 	2626 	2306 	2477 	2469 	2667 	33233 	7457 	8919 	7469 	6265 	2625 	2284 	2548 	2645 	3141 	3133 	2858 	2472 	2139 	2165 	1815 	2285 	30110 	7470 	8052 	9117 	9277 	1878 	2270 	3322 	2442 	2628 	2982 	2598 	2988 	3531 	3306 	2851 	3120 	33916 	: 	: 	: 	: 	: 	: 	: 	: 	: 	: 	: 	: 	: 	: 	: 	: 	: 	: 	: 	: 	: 	: 	: 	: 	: 	: 	: 	: 	: 	: 	: 	: 	: 	: 	: 	: 	: 	: 	: 	: 	: 	: 	: 	: 	: 	: 	: 	: 	: 	: 	: 	: 	: 	: 	: 	: 	: 	: 	: 	: 	: 	: 	: 	: 	: 	: 	: 	: 	: 	: 	: 	: 	: 	: 	: 	: 
PAS,PAS_CRD,SK_LZIB_UK_EGGP	: 	: 	: 	: 	: 	: 	: 	: 	: 	: 	: 	: 	: 	: 	: 	: 	: 	: 	: 	: 	: 	: 	: 	: 	: 	: 	13832 	13878 	13710 	13399 	4951 	3999 	4882 	4500 	4690 	4688 	4629 	4556 	4525 	4530 	4169 	4700 	54819 	12710 	11431 	10330 	8738 	4035 	4232 	4443 	3178 	3281 	4972 	2781 	3142 	4407 	2905 	2624 	3209 	43209 	11039 	13438 	13317 	9924 	3386 	2993 	4660 	4106 	5042 	4290 	4438 	4425 	4454 	4010 	2704 	3210 	47718 	10185 	13364 	12505 	11620 	3298 	2648 	4239 	4286 	4555 	4523 	4345 	4295 	3865 	4280 	3584 	3756 	47674 	10945 	9094 	8474 	8403 	4130 	3851 	2964 	2694 	3190 	3210 	2698 	2870 	2906 	2777 	2560 	3066 	36916 	10143 	13137 	10595 	10039 	3065 	2890 	4188 	4170 	4291 	4676 	4128 	3481 	2986 	3876 	3126 	3037 	43914 	: 	: 	: 	: 	: 	: 	: 	: 	: 	: 	: 	: 	: 	: 	: 	: 	: 	: 	: 	: 	: 	: 	: 	: 	: 	: 	: 	: 	: 	: 	: 	: 	: 	: 	: 	: 	: 	: 	: 	: 	: 	: 	: 	: 	: 	: 	: 	: 	: 	: 	: 	: 	: 	: 	: 	: 	: 	: 	: 	: 	: 	: 	: 	: 	: 	: 	: 	: 	: 	: 	: 	: 	: 	: 	: 	: 	: 	: 	: 	: 	: 	: 	: 	: 	: 	: 	: 	: 	: 	: 	: 	: 	: 	: 	: 	: 	: 	: 	: 	: 	: 	: 	: 	: 	: 	: 	: 	: 	: 	: 
PAS,PAS_CRD,SK_LZIB_UK_EGGW	: 	: 	: 	: 	: 	: 	: 	: 	: 	6486 	18288 	17177 	16539 	: 	352 	6134 	5675 	6515 	6098 	5725 	5738 	5714 	5103 	5552 	5884 	58490 	16934 	20081 	20600 	15385 	5458 	5627 	5849 	5623 	6520 	7938 	6542 	7390 	6668 	5512 	4986 	4887 	73000 	17574 	19747 	17604 	14875 	4748 	5366 	7460 	7193 	6457 	6097 	6223 	5860 	5521 	5589 	4698 	4588 	69800 	16875 	18673 	17913 	12447 	5818 	5338 	5719 	6139 	6119 	6415 	5857 	6237 	5819 	4334 	3758 	4355 	65908 	15743 	21601 	20820 	13434 	4762 	4754 	6227 	6897 	7457 	7247 	7160 	6672 	6988 	5455 	3881 	4098 	71598 	18356 	31202 	27457 	24073 	4968 	3964 	9424 	9635 	10750 	10817 	9451 	9250 	8756 	8368 	7796 	7909 	101088 	25883 	29598 	23621 	1132 	8170 	8283 	9430 	9466 	10481 	9651 	8863 	8202 	6556 	1125 	3 	4 	80234 	29 	11946 	19737 	23592 	6 	: 	23 	6 	5636 	6304 	5298 	6917 	7522 	7867 	6790 	8935 	55304 	31326 	46886 	37283 	30361 	9657 	10490 	11179 	14319 	16440 	16127 	12277 	13723 	11283 	11962 	9686 	8713 	145856 	: 	: 	: 	: 	: 	: 	: 	: 	: 	: 	: 	: 	: 	: 	: 	: 	: 	270 	20257 	22471 	20444 	16 	4 	250 	7650 	6833 	5774 	7843 	7086 	7542 	7376 	6478 	6590 	63442 	: 	: 	: 	: 	: 	: 	: 	: 	: 	: 	: 	: 	: 	: 	: 	: 	: 	: 	: 	: 	: 	: 	: 	: 	: 	: 	: 	: 	: 	: 	: 	: 	: 	: 	: 	: 	: 	: 	: 	: 	: 	: 
PAS,PAS_CRD,SK_LZIB_UK_EGNM	9033 	8435 	3204 	3205 	3088 	2740 	2986 	2676 	2773 	: 	: 	: 	: 	: 	: 	: 	: 	: 	: 	: 	: 	: 	: 	: 	: 	: 	: 	: 	: 	: 	: 	: 	: 	: 	: 	: 	: 	: 	: 	: 	: 	: 	: 	: 	: 	: 	: 	: 	: 	: 	: 	: 	: 	: 	: 	: 	: 	: 	: 	: 	: 	: 	: 	: 	: 	: 	: 	: 	: 	: 	: 	: 	: 	: 	: 	: 	: 	: 	: 	: 	: 	: 	: 	: 	: 	: 	: 	: 	: 	: 	: 	: 	: 	: 	: 	: 	: 	: 	: 	: 	: 	: 	: 	: 	: 	: 	: 	: 	: 	: 	: 	: 	: 	: 	: 	: 	: 	: 	: 	: 	: 	: 	: 	: 	: 	: 	: 	: 	: 	: 	: 	: 	: 	: 	: 	: 	: 	: 	: 	: 	: 	: 	: 	: 	: 	: 	: 	: 	: 	: 	: 	: 	: 	: 	: 	: 	: 	: 	: 	: 	: 	: 	: 	: 	: 	: 	: 	: 	: 	: 	: 	: 	: 	: 	: 	: 	: 	: 	: 	: 	: 	: 	: 	: 	: 	: 	: 	: 	: 	: 	: 	: 	: 	: 	: 	: 	: 	: 	: 	: 	: 	: 	: 	: 	: 	: 	: 	: 	: 	: 	: 	: 	: 	: 	: 	: 	: 	: 	: 	: 	: 	: 	: 	: 	: 	: 	: 	: 	: 	: 	: 	: 	: 	: 	: 	: 	: 	: 
PAS,PAS_CRD,SK_LZIB_UK_EGNX	: 	: 	: 	: 	: 	: 	: 	: 	: 	: 	: 	: 	: 	: 	: 	: 	: 	: 	: 	: 	: 	: 	: 	: 	: 	: 	: 	: 	: 	: 	: 	: 	: 	: 	: 	: 	: 	: 	: 	: 	: 	: 	: 	: 	: 	: 	: 	: 	: 	: 	: 	: 	: 	: 	: 	: 	: 	: 	: 	: 	: 	: 	: 	: 	: 	: 	: 	: 	: 	: 	: 	: 	: 	: 	: 	: 	: 	: 	: 	: 	: 	: 	: 	: 	: 	: 	: 	: 	: 	: 	: 	: 	: 	: 	: 	: 	: 	: 	: 	: 	: 	: 	: 	: 	: 	: 	: 	: 	: 	: 	: 	: 	: 	: 	: 	: 	: 	: 	: 	: 	: 	: 	: 	: 	: 	: 	: 	: 	: 	1677 	7903 	13351 	: 	: 	: 	: 	: 	1677 	2489 	2617 	2797 	4352 	4462 	4537 	22931 	13901 	16496 	15174 	13657 	4184 	4551 	5166 	5188 	5958 	5350 	5567 	4853 	4754 	4939 	4549 	4169 	59228 	15158 	17899 	15352 	4636 	4538 	4858 	5762 	5692 	6126 	6081 	5349 	5060 	4943 	4177 	459 	: 	53045 	: 	: 	: 	: 	: 	: 	: 	: 	: 	: 	: 	: 	: 	: 	: 	: 	: 	: 	: 	: 	: 	: 	: 	: 	: 	: 	: 	: 	: 	: 	: 	: 	: 	: 	: 	: 	: 	: 	: 	: 	: 	: 	: 	: 	: 	: 	: 	: 	: 	: 	: 	: 	: 	: 	: 	: 	: 	: 	: 
PAS,PAS_CRD,SK_LZIB_UK_EGPH	9241 	8791 	4720 	3239 	2850 	3152 	3134 	2807 	2850 	8849 	11148 	9041 	1336 	2923 	2805 	3121 	2854 	3271 	5023 	3222 	3138 	2681 	1336 	: 	: 	30374 	2113 	11535 	9203 	347 	: 	: 	2113 	3180 	3256 	5099 	2873 	3210 	3120 	347 	: 	: 	23198 	2460 	11283 	8999 	: 	: 	: 	2460 	3194 	3399 	4690 	2843 	3162 	2994 	: 	: 	: 	22742 	5200 	13452 	12375 	669 	: 	625 	4575 	3973 	4982 	4497 	4271 	4129 	3975 	669 	: 	: 	31696 	3938 	9310 	10975 	7918 	: 	: 	3938 	4282 	1808 	3220 	4442 	3859 	2674 	2582 	2729 	2607 	32141 	9332 	13472 	11831 	8813 	2068 	2829 	4435 	4235 	4614 	4623 	4361 	3612 	3858 	3750 	2401 	2662 	43448 	9703 	17615 	14042 	7716 	2049 	2473 	5181 	5628 	5763 	6224 	5283 	4905 	3854 	2981 	2360 	2375 	49076 	9517 	17421 	13412 	8895 	2110 	2710 	4697 	5222 	6200 	5999 	4917 	4566 	3929 	3031 	2833 	3031 	49245 	: 	: 	: 	: 	: 	: 	: 	: 	: 	: 	: 	: 	: 	: 	: 	: 	: 	: 	: 	: 	: 	: 	: 	: 	: 	: 	: 	: 	: 	: 	: 	: 	: 	: 	: 	: 	: 	: 	: 	: 	: 	: 	: 	: 	: 	: 	: 	: 	: 	: 	: 	: 	: 	: 	: 	: 	: 	: 	: 	: 	: 	: 	: 	: 	: 	: 	: 	: 	: 	: 	: 	: 	: 	: 	: 	: 	: 	: 	: 	: 	: 	: 	: 	: 	: 	: 	: 	: 	: 	: 	: 	: 	: 
PAS,PAS_CRD,SK_LZIB_UK_EGSS	46746 	46149 	14020 	15375 	15836 	15535 	15940 	14577 	15632 	52841 	61569 	62757 	57433 	15688 	15798 	21355 	20549 	19334 	21686 	21197 	21452 	20108 	19857 	19180 	18396 	234600 	60905 	56944 	56177 	55663 	19052 	20172 	21681 	20711 	16748 	19485 	18739 	19145 	18293 	20089 	18108 	17466 	229689 	58726 	51301 	53245 	41554 	19564 	19303 	19859 	17701 	15790 	17810 	17567 	18535 	17143 	14305 	13298 	13951 	204826 	51642 	52628 	55159 	44678 	15781 	15472 	20389 	19838 	16214 	16576 	18962 	18798 	17399 	16340 	13535 	14803 	204107 	53562 	65382 	53364 	45200 	15583 	15937 	22042 	21543 	22346 	21493 	20095 	18440 	14829 	15599 	14436 	15165 	217508 	50539 	62964 	57682 	47713 	15456 	15134 	19949 	19555 	21538 	21871 	19779 	19358 	18545 	17193 	14393 	16127 	218898 	52679 	62181 	54745 	66127 	16386 	16671 	19622 	19478 	21096 	21607 	20062 	20075 	14608 	24577 	20686 	20864 	235732 	70372 	64972 	57673 	51736 	22332 	23554 	24486 	22209 	21544 	21219 	19272 	19480 	18921 	18331 	16280 	17125 	244753 	53327 	61864 	56296 	50773 	16653 	17756 	18918 	19474 	21308 	21082 	19184 	19597 	17515 	17954 	16185 	16634 	222260 	64389 	101784 	95485 	77952 	16144 	17883 	30362 	32033 	34881 	34870 	31934 	32703 	30848 	27946 	24158 	25848 	339610 	84529 	94327 	85542 	69372 	26431 	27990 	30108 	29423 	32306 	32598 	29424 	28259 	27859 	26358 	20940 	22074 	333770 	: 	: 	: 	: 	: 	: 	: 	: 	: 	: 	: 	: 	: 	: 	: 	: 	: 	: 	: 	: 	: 	: 	: 	: 	: 	: 	: 	: 	: 	: 	: 	: 	: 	: 	: 	: 	: 	: 	: 	: 	: 	: 
PAS,PAS_CRD,SK_LZKZ_AT_LOWW	14400 	10799 	4652 	5102 	4916 	4382 	4561 	3028 	3210 	13508 	14863 	14742 	11092 	3756 	4464 	5288 	5378 	4645 	4840 	5192 	4923 	4627 	4019 	3670 	3403 	54205 	13347 	16319 	16996 	12172 	3682 	4266 	5399 	5635 	5166 	5518 	6283 	5491 	5222 	4920 	3886 	3366 	58834 	12772 	15538 	14600 	10699 	3685 	4228 	4859 	5330 	4797 	5411 	5507 	4762 	4331 	3800 	3456 	3443 	53609 	13769 	15283 	14501 	11356 	4061 	4463 	5245 	5357 	4726 	5200 	5324 	4554 	4623 	4175 	3687 	3494 	54909 	12395 	15262 	13256 	11524 	3472 	4290 	4633 	4956 	4895 	5411 	4778 	4298 	4180 	4521 	3651 	3352 	52437 	11474 	11017 	11547 	8678 	3734 	4027 	3713 	3928 	3259 	3830 	3519 	4386 	3642 	3268 	2633 	2777 	42716 	8360 	8352 	6951 	5285 	2413 	2825 	3122 	3180 	2613 	2559 	2739 	2501 	1711 	1919 	1747 	1619 	28948 	6351 	5999 	5729 	5271 	1798 	2067 	2486 	2397 	1768 	1834 	2110 	1929 	1690 	2019 	1645 	1607 	23350 	6783 	8544 	9061 	7499 	1778 	2167 	2838 	3009 	2445 	3090 	3334 	2876 	2851 	2459 	2602 	2438 	31887 	8491 	9254 	8804 	7227 	2454 	2875 	3162 	3403 	2752 	3099 	3364 	2872 	2568 	2743 	2237 	2247 	33776 	7825 	8291 	7643 	6817 	2170 	2541 	3114 	3144 	2534 	2613 	2826 	2698 	2119 	2524 	2058 	2235 	30576 	: 	: 	: 	: 	: 	: 	: 	: 	: 	: 	: 	: 	: 	: 	: 	: 	: 	: 	: 	: 	: 	: 	: 	: 	: 	: 	: 	: 	: 	: 	: 	: 	: 	: 	: 	: 	: 	: 	: 	: 	: 	10714 
PAS,PAS_CRD,SK_LZKZ_BG_LBBG	: 	: 	: 	: 	: 	: 	: 	: 	: 	: 	27044 	1778 	: 	: 	: 	: 	1672 	12472 	12900 	1778 	: 	: 	: 	: 	: 	28822 	: 	23308 	1238 	: 	: 	: 	: 	1373 	10284 	11651 	1238 	: 	: 	: 	: 	: 	24546 	: 	23447 	1668 	: 	: 	: 	: 	746 	11419 	11282 	1668 	: 	: 	: 	: 	: 	25115 	: 	21763 	1358 	: 	: 	: 	: 	666 	10495 	10602 	1358 	: 	: 	: 	: 	: 	23121 	: 	21952 	1580 	: 	: 	: 	: 	834 	10885 	10233 	1580 	: 	: 	: 	: 	: 	23532 	: 	17408 	1247 	: 	: 	: 	: 	959 	7974 	8475 	1247 	: 	: 	: 	: 	: 	18655 	: 	: 	: 	: 	: 	: 	: 	: 	: 	: 	: 	: 	: 	: 	: 	: 	: 	: 	: 	: 	: 	: 	: 	: 	: 	: 	: 	: 	: 	: 	: 	: 	: 	: 	: 	: 	: 	: 	: 	: 	: 	: 	: 	: 	: 	: 	: 	: 	: 	: 	: 	: 	: 	: 	: 	: 	: 	: 	: 	: 	: 	: 	: 	: 	: 	: 	: 	: 	: 	: 	: 	: 	: 	: 	: 	: 	: 	: 	: 	: 	: 	: 	: 	: 	: 	: 	: 	: 	: 	: 	: 	: 	: 	: 	: 	: 	: 	: 	: 	: 	: 	: 	: 	: 	: 	: 	: 	: 	: 	: 	: 	: 	: 	: 	: 	: 	: 	: 	: 	: 	: 	: 	: 	: 	: 	: 	: 
PAS,PAS_CRD,SK_LZKZ_CZ_LKPR	10521 	6140 	3529 	3777 	3688 	3056 	2093 	2017 	2030 	9683 	11656 	9390 	6922 	2979 	3173 	3531 	4314 	3776 	3566 	3157 	2933 	3300 	2930 	1982 	2010 	37651 	9682 	10465 	9852 	8909 	2833 	3001 	3848 	3884 	2998 	3583 	3430 	3071 	3351 	3520 	2626 	2763 	38908 	10506 	11857 	13437 	10066 	3203 	3468 	3835 	4156 	3762 	3939 	4320 	5070 	4047 	3884 	3043 	3139 	45866 	14140 	13571 	13527 	11929 	4821 	4299 	5020 	5076 	4053 	4442 	4500 	4533 	4494 	4684 	3628 	3617 	53167 	15278 	12859 	16212 	14859 	4563 	5147 	5568 	5229 	3752 	3878 	5453 	5471 	5288 	5069 	4885 	4905 	59208 	18574 	20334 	23807 	20105 	5658 	5867 	7049 	7103 	6399 	6832 	8142 	8354 	7311 	6770 	6811 	6524 	82820 	24459 	25881 	24448 	22537 	7092 	8047 	9320 	9255 	7944 	8682 	8900 	8764 	6784 	8228 	7136 	7173 	97325 	26648 	28720 	27693 	21323 	7991 	8825 	9832 	9806 	9507 	9407 	10204 	8946 	8543 	7446 	6896 	6981 	104384 	31650 	48823 	48620 	39040 	8396 	8828 	14426 	16590 	15335 	16898 	17609 	17122 	13889 	13804 	12612 	12624 	168133 	39143 	29538 	27984 	25221 	12917 	15156 	11070 	10227 	9505 	9806 	10399 	9112 	8473 	8871 	7948 	8402 	121886 	28066 	30815 	27640 	22467 	9299 	8902 	9865 	10336 	10594 	9885 	10403 	8892 	8345 	7856 	6541 	8070 	108988 	: 	: 	: 	: 	: 	: 	: 	: 	: 	: 	: 	: 	: 	: 	: 	: 	: 	: 	: 	: 	: 	: 	: 	: 	: 	: 	: 	: 	: 	: 	: 	: 	: 	: 	: 	: 	: 	: 	: 	: 	: 	73744 
PAS,PAS_CRD,SK_LZKZ_EG_HEGN	: 	: 	: 	: 	: 	: 	: 	: 	: 	: 	: 	: 	: 	: 	: 	: 	: 	: 	: 	: 	: 	: 	: 	: 	: 	: 	: 	: 	: 	: 	: 	: 	: 	: 	: 	: 	: 	: 	: 	: 	: 	: 	: 	: 	: 	: 	: 	: 	: 	: 	: 	: 	: 	: 	: 	: 	: 	: 	: 	: 	: 	: 	: 	: 	: 	: 	: 	: 	: 	: 	: 	: 	: 	: 	: 	: 	: 	: 	: 	: 	: 	: 	: 	: 	: 	: 	: 	: 	: 	: 	: 	: 	: 	: 	: 	: 	: 	: 	: 	: 	: 	: 	: 	: 	: 	: 	: 	: 	: 	: 	: 	843 	11164 	3919 	: 	: 	: 	843 	3117 	3516 	4531 	3202 	717 	: 	: 	: 	: 	15926 	372 	12264 	3995 	: 	: 	: 	372 	3325 	4133 	4806 	3421 	574 	: 	: 	: 	: 	16631 	1101 	14844 	4972 	: 	: 	: 	1101 	4049 	5075 	5720 	4203 	769 	: 	: 	: 	: 	20917 	1372 	11535 	4320 	: 	: 	: 	1372 	3174 	4156 	4205 	3281 	1039 	: 	: 	: 	: 	17227 	: 	: 	: 	: 	: 	: 	: 	: 	: 	: 	: 	: 	: 	: 	: 	: 	: 	: 	: 	: 	: 	: 	: 	: 	: 	: 	: 	: 	: 	: 	: 	: 	: 	: 	: 	: 	: 	: 	: 	: 	: 	: 	: 	: 	: 	: 	: 	: 	: 	: 	: 	: 	: 	: 	: 	: 	: 	: 	: 
PAS,PAS_CRD,SK_LZKZ_IE_EIDW	: 	: 	: 	: 	: 	: 	: 	: 	: 	: 	: 	: 	: 	: 	: 	: 	: 	: 	: 	: 	: 	: 	: 	: 	: 	: 	: 	: 	: 	: 	: 	: 	: 	: 	: 	: 	: 	: 	: 	: 	: 	: 	: 	: 	: 	: 	: 	: 	: 	: 	: 	: 	: 	: 	: 	: 	: 	: 	: 	: 	: 	: 	: 	: 	: 	: 	: 	: 	: 	: 	: 	: 	: 	: 	: 	: 	: 	: 	: 	: 	: 	: 	: 	: 	: 	: 	: 	: 	: 	: 	: 	: 	: 	: 	: 	: 	: 	: 	: 	: 	: 	: 	: 	: 	: 	: 	: 	: 	: 	: 	: 	: 	: 	: 	: 	: 	: 	: 	: 	: 	: 	: 	: 	: 	: 	: 	: 	: 	: 	: 	: 	: 	: 	: 	: 	: 	: 	: 	: 	: 	: 	: 	: 	: 	: 	1800 	9129 	8734 	8001 	: 	: 	1800 	2497 	3234 	3398 	2841 	3053 	2840 	2944 	2396 	2661 	27664 	: 	: 	: 	: 	: 	: 	: 	: 	: 	: 	: 	: 	: 	: 	: 	: 	: 	: 	: 	: 	: 	: 	: 	: 	: 	: 	: 	: 	: 	: 	: 	: 	: 	: 	: 	: 	: 	: 	: 	: 	: 	: 	: 	: 	: 	: 	: 	: 	: 	: 	: 	: 	: 	: 	: 	: 	: 	: 	: 	: 	: 	: 	: 	: 	: 	: 	: 	: 	: 	: 	: 	: 	: 	: 	: 	: 
PAS,PAS_CRD,SK_LZKZ_IT_LIME	: 	: 	: 	: 	: 	: 	: 	: 	: 	: 	: 	: 	: 	: 	: 	: 	: 	: 	: 	: 	: 	: 	: 	: 	: 	: 	6478 	7483 	1937 	: 	1698 	2284 	2496 	2269 	2689 	2525 	1937 	: 	0 	: 	: 	: 	15898 	: 	: 	: 	: 	: 	: 	: 	: 	: 	: 	: 	: 	: 	: 	: 	: 	: 	: 	: 	: 	: 	: 	: 	: 	: 	: 	: 	: 	: 	: 	: 	: 	: 	: 	: 	: 	: 	: 	: 	: 	: 	: 	: 	: 	: 	: 	: 	: 	: 	: 	: 	: 	: 	: 	: 	: 	: 	: 	: 	: 	: 	: 	: 	: 	: 	: 	: 	: 	: 	: 	: 	: 	: 	: 	: 	: 	: 	: 	: 	: 	: 	: 	: 	: 	: 	: 	: 	: 	: 	: 	: 	: 	: 	: 	: 	: 	: 	: 	: 	: 	: 	: 	: 	: 	: 	: 	: 	: 	: 	: 	: 	: 	: 	: 	: 	: 	: 	: 	: 	: 	: 	: 	: 	: 	: 	: 	: 	: 	: 	: 	: 	: 	: 	: 	: 	: 	: 	: 	: 	: 	: 	: 	: 	: 	: 	: 	: 	: 	: 	: 	: 	: 	: 	: 	: 	: 	: 	: 	: 	: 	: 	: 	: 	: 	: 	: 	: 	: 	: 	: 	: 	: 	: 	: 	: 	: 	: 	: 	: 	: 	: 	: 	: 	: 	: 	: 	: 	: 	: 	: 	: 	: 	: 	: 	: 
PAS,PAS_CRD,SK_LZKZ_PL_EPWA	: 	: 	: 	: 	: 	: 	: 	: 	: 	5465 	5090 	4317 	130 	1701 	1838 	1926 	1691 	1602 	1797 	1720 	1506 	1091 	125 	5 	: 	15002 	: 	: 	: 	: 	: 	: 	: 	: 	: 	: 	: 	: 	: 	: 	: 	: 	: 	: 	: 	: 	: 	: 	: 	: 	: 	: 	: 	: 	: 	: 	: 	: 	: 	: 	: 	: 	: 	: 	: 	: 	: 	: 	: 	: 	: 	: 	: 	: 	: 	: 	: 	: 	: 	: 	: 	: 	: 	: 	: 	: 	: 	: 	: 	: 	: 	: 	: 	: 	: 	: 	: 	: 	: 	: 	: 	: 	: 	: 	: 	: 	: 	: 	: 	: 	: 	: 	: 	: 	: 	: 	: 	: 	: 	: 	: 	: 	: 	: 	: 	: 	: 	: 	: 	: 	: 	: 	: 	: 	: 	: 	: 	: 	: 	: 	: 	: 	: 	: 	: 	: 	: 	: 	: 	: 	: 	: 	: 	: 	: 	: 	: 	: 	: 	: 	: 	: 	: 	: 	: 	: 	: 	: 	: 	: 	: 	: 	: 	: 	: 	: 	: 	: 	: 	: 	: 	: 	: 	: 	: 	: 	: 	: 	: 	: 	: 	: 	: 	: 	: 	: 	: 	: 	: 	: 	: 	: 	: 	: 	: 	: 	: 	: 	: 	: 	: 	: 	: 	: 	: 	: 	: 	: 	: 	: 	: 	: 	: 	: 	: 	: 	: 	: 	: 	: 	: 	: 	: 	: 	: 	: 	: 	: 
PAS,PAS_CRD,SK_LZKZ_SK_LZIB	6373 	7591 	1942 	2270 	2220 	1883 	2743 	2573 	2275 	7360 	5998 	8025 	7755 	2648 	2783 	1929 	2275 	1836 	1887 	3355 	2571 	2099 	2675 	2780 	2300 	29138 	7475 	4780 	5874 	4779 	2448 	2734 	2293 	2049 	1216 	1515 	2218 	1695 	1961 	1274 	1787 	1718 	22908 	6439 	7025 	7098 	5227 	1909 	1967 	2563 	2661 	2137 	2227 	3087 	1600 	2411 	1814 	1756 	1657 	25789 	980 	2046 	8107 	7439 	40 	309 	631 	363 	1070 	613 	2809 	2618 	2680 	2622 	2487 	2330 	18572 	5577 	8463 	8385 	6648 	1174 	1608 	2795 	2561 	2944 	2958 	2802 	2905 	2678 	2623 	2115 	1910 	29073 	8091 	8372 	9420 	7552 	2377 	2872 	2842 	3026 	2718 	2628 	3234 	3544 	2642 	2816 	2447 	2289 	33435 	9076 	10231 	10231 	10580 	2624 	3182 	3270 	3478 	3710 	3043 	3910 	3334 	2987 	3933 	3376 	3271 	40118 	12779 	21172 	35576 	29103 	3654 	4077 	5048 	4370 	8033 	8769 	11653 	11444 	12479 	9468 	9247 	10388 	98630 	41295 	49825 	54785 	45956 	13010 	14776 	13509 	16097 	16951 	16777 	19305 	17776 	17704 	16846 	14534 	14576 	191861 	51309 	44994 	44978 	34025 	14659 	17293 	19357 	14580 	15211 	15203 	15420 	16108 	13450 	13509 	10427 	10089 	175306 	29911 	30836 	30398 	25147 	9553 	10025 	10333 	10202 	10565 	10069 	10731 	10259 	9408 	9694 	7779 	7674 	116292 	: 	: 	: 	: 	: 	: 	: 	: 	: 	: 	: 	: 	: 	: 	: 	: 	: 	: 	: 	: 	: 	: 	: 	: 	: 	: 	: 	: 	: 	: 	: 	: 	: 	: 	: 	: 	: 	: 	: 	: 	: 	: 
PAS,PAS_CRD,SK_LZKZ_TR_LTAI	: 	: 	: 	: 	: 	: 	: 	: 	: 	: 	15445 	1373 	: 	: 	: 	: 	3088 	6076 	6281 	1373 	: 	: 	: 	: 	: 	16818 	: 	38729 	9655 	368 	: 	: 	: 	8555 	14553 	15621 	9655 	: 	: 	368 	: 	: 	48752 	82 	35268 	8212 	: 	: 	: 	82 	8793 	13014 	13461 	8212 	: 	: 	: 	: 	: 	43562 	: 	30733 	6961 	: 	: 	: 	: 	7332 	11089 	12312 	6961 	: 	: 	: 	: 	: 	37694 	311 	27294 	7082 	: 	: 	: 	311 	7339 	9906 	10049 	7082 	: 	: 	: 	: 	: 	34687 	177 	27835 	6770 	: 	: 	: 	177 	6737 	9903 	11195 	6654 	116 	: 	: 	: 	: 	34782 	275 	18973 	6185 	: 	: 	: 	275 	4024 	7098 	7851 	5752 	433 	: 	: 	: 	: 	25433 	: 	: 	: 	: 	: 	: 	: 	: 	: 	: 	: 	: 	: 	: 	: 	: 	: 	: 	: 	: 	: 	: 	: 	: 	: 	: 	: 	: 	: 	: 	: 	: 	: 	: 	: 	: 	: 	: 	: 	: 	: 	: 	: 	: 	: 	: 	: 	: 	: 	: 	: 	: 	: 	: 	: 	: 	: 	: 	: 	: 	: 	: 	: 	: 	: 	: 	: 	: 	: 	: 	: 	: 	: 	: 	: 	: 	: 	: 	: 	: 	: 	: 	: 	: 	: 	: 	: 	: 	: 	: 	: 	: 	: 	: 	: 	: 	: 	: 	: 	: 	: 	: 	: 	: 	: 	: 	: 	: 	: 	: 
PAS,PAS_CRD,SK_LZKZ_UK_EGCN	10247 	8476 	4314 	3605 	2998 	3644 	2505 	2637 	3334 	8729 	12283 	9156 	8023 	2992 	2867 	2870 	3514 	4401 	4368 	3329 	2955 	2872 	2939 	2469 	2615 	38191 	8192 	8858 	2287 	: 	2875 	2766 	2551 	2921 	3083 	2854 	2287 	: 	: 	: 	: 	: 	19337 	: 	: 	: 	: 	: 	: 	: 	: 	: 	: 	: 	: 	: 	: 	: 	: 	: 	: 	: 	: 	: 	: 	: 	: 	: 	: 	: 	: 	: 	: 	: 	: 	: 	: 	: 	: 	: 	: 	: 	: 	: 	: 	: 	: 	: 	: 	: 	: 	: 	: 	: 	: 	: 	: 	: 	: 	: 	: 	: 	: 	: 	: 	: 	: 	: 	: 	: 	: 	: 	: 	: 	: 	: 	: 	: 	: 	: 	: 	: 	: 	: 	: 	: 	: 	: 	: 	: 	: 	: 	: 	: 	: 	: 	: 	: 	: 	: 	: 	: 	: 	: 	: 	: 	: 	: 	: 	: 	: 	: 	: 	: 	: 	: 	: 	: 	: 	: 	: 	: 	: 	: 	: 	: 	: 	: 	: 	: 	: 	: 	: 	: 	: 	: 	: 	: 	: 	: 	: 	: 	: 	: 	: 	: 	: 	: 	: 	: 	: 	: 	: 	: 	: 	: 	: 	: 	: 	: 	: 	: 	: 	: 	: 	: 	: 	: 	: 	: 	: 	: 	: 	: 	: 	: 	: 	: 	: 	: 	: 	: 	: 	: 	: 	: 	: 	: 	: 	: 	: 	: 	: 	: 	: 	: 	: 	: 
PAS,PAS_CRD,SK_LZKZ_UK_EGGD	: 	: 	: 	: 	: 	: 	: 	: 	: 	7582 	8625 	7353 	5211 	2585 	2197 	2800 	2764 	2979 	2882 	2242 	2680 	2431 	1707 	1213 	2291 	28771 	: 	: 	: 	: 	: 	: 	: 	: 	: 	: 	: 	: 	: 	: 	: 	: 	: 	: 	: 	: 	: 	: 	: 	: 	: 	: 	: 	: 	: 	: 	: 	: 	: 	: 	: 	: 	: 	: 	: 	: 	: 	: 	: 	: 	: 	: 	: 	: 	: 	: 	: 	: 	: 	: 	: 	: 	: 	: 	: 	: 	: 	: 	: 	: 	: 	: 	: 	: 	: 	: 	: 	: 	: 	: 	: 	: 	: 	: 	: 	: 	: 	: 	: 	: 	: 	: 	: 	: 	: 	: 	: 	: 	: 	: 	: 	: 	: 	: 	: 	: 	: 	: 	: 	: 	: 	: 	: 	: 	: 	: 	: 	: 	: 	: 	: 	: 	: 	: 	: 	: 	: 	: 	: 	: 	: 	: 	: 	: 	: 	: 	: 	: 	: 	: 	: 	: 	: 	: 	: 	: 	: 	: 	: 	: 	: 	: 	: 	: 	: 	: 	: 	: 	: 	: 	: 	: 	: 	: 	: 	: 	: 	: 	: 	: 	: 	: 	: 	: 	: 	: 	: 	: 	: 	: 	: 	: 	: 	: 	: 	: 	: 	: 	: 	: 	: 	: 	: 	: 	: 	: 	: 	: 	: 	: 	: 	: 	: 	: 	: 	: 	: 	: 	: 	: 	: 	: 	: 	: 	: 	: 	: 	: 
PAS,PAS_CRD,SK_LZKZ_UK_EGGW	34108 	29045 	10342 	11314 	11356 	11438 	10105 	8880 	10060 	32777 	37916 	34040 	28307 	10860 	10583 	11334 	11432 	13517 	12967 	12334 	11505 	10201 	10340 	8883 	9084 	133040 	27223 	40853 	32908 	26612 	8404 	8914 	9905 	11536 	14979 	14338 	13358 	10112 	9438 	9546 	8180 	8886 	127596 	26821 	40605 	24206 	18753 	8489 	8889 	9443 	11302 	14538 	14765 	10512 	7191 	6503 	6373 	5745 	6635 	110385 	: 	: 	: 	: 	: 	: 	: 	: 	: 	: 	: 	: 	: 	: 	: 	: 	: 	: 	: 	: 	: 	: 	: 	: 	: 	: 	: 	: 	: 	: 	: 	: 	: 	: 	: 	: 	: 	: 	: 	: 	: 	: 	: 	: 	: 	: 	: 	: 	: 	: 	: 	: 	: 	: 	: 	: 	: 	: 	: 	: 	: 	: 	: 	: 	: 	: 	: 	: 	: 	7329 	9409 	10717 	: 	: 	: 	: 	3935 	3394 	3020 	3019 	3370 	3478 	3311 	3928 	27455 	9449 	13478 	9698 	9447 	3389 	3140 	2920 	3742 	4535 	5201 	3334 	3198 	3166 	3344 	3007 	3096 	42072 	: 	: 	: 	: 	: 	: 	: 	: 	: 	: 	: 	: 	: 	: 	: 	: 	: 	: 	: 	: 	: 	: 	: 	: 	: 	: 	: 	: 	: 	: 	: 	: 	: 	: 	: 	: 	: 	: 	: 	: 	: 	: 	: 	: 	: 	: 	: 	: 	: 	: 	: 	: 	: 	: 	: 	: 	: 	: 	: 	: 	: 	: 	: 	: 	: 	: 	: 	: 	: 	: 	: 	: 	: 	: 	: 	: 
PAS,PAS_CRD_ARR,SK_LZ99_AT_LO99	: 	: 	: 	: 	: 	: 	: 	: 	: 	: 	: 	: 	: 	: 	: 	: 	: 	: 	: 	: 	: 	: 	: 	: 	: 	: 	: 	: 	: 	: 	: 	: 	: 	: 	: 	: 	: 	: 	: 	: 	: 	: 	: 	: 	: 	: 	: 	: 	: 	: 	: 	: 	: 	: 	: 	: 	: 	: 	: 	: 	: 	: 	: 	: 	: 	: 	: 	: 	: 	: 	: 	: 	: 	: 	: 	: 	: 	: 	: 	: 	: 	: 	: 	: 	: 	: 	: 	: 	: 	: 	: 	: 	: 	: 	: 	: 	: 	: 	: 	: 	: 	: 	: 	: 	: 	: 	: 	: 	: 	: 	: 	: 	: 	: 	: 	: 	: 	: 	: 	: 	: 	: 	: 	: 	: 	: 	: 	: 	: 	: 	: 	: 	: 	: 	: 	: 	: 	: 	: 	: 	: 	: 	: 	: 	: 	: 	: 	: 	: 	: 	: 	: 	: 	: 	: 	: 	: 	: 	: 	: 	: 	: 	: 	: 	: 	: 	: 	: 	: 	: 	: 	: 	: 	: 	: 	: 	: 	: 	: 	: 	: 	: 	: 	: 	: 	: 	: 	: 	: 	: 	: 	: 	: 	: 	: 	: 	3639 	4078 	3688 	2616 	1239 	1145 	1255 	1488 	1179 	1411 	1422 	1227 	1039 	1056 	759 	801 	14021 	2800 	2794 	2814 	2088 	946 	884 	970 	1162 	835 	797 	994 	884 	936 	10496 	: 	: 	: 	: 	: 	: 	: 	: 	: 	: 	: 
PAS,PAS_CRD_ARR,SK_LZ99_BE_EB99	: 	: 	: 	: 	: 	: 	: 	: 	: 	: 	: 	: 	: 	: 	: 	: 	: 	: 	: 	: 	: 	: 	: 	: 	: 	: 	: 	: 	: 	: 	: 	: 	: 	: 	: 	: 	: 	: 	: 	: 	: 	: 	: 	: 	: 	: 	: 	: 	: 	: 	: 	: 	: 	: 	: 	: 	: 	: 	: 	: 	: 	: 	: 	: 	: 	: 	: 	: 	: 	: 	: 	: 	: 	: 	: 	: 	: 	: 	: 	: 	: 	: 	: 	: 	: 	: 	: 	: 	: 	: 	: 	: 	: 	: 	: 	: 	: 	: 	: 	: 	: 	: 	: 	: 	: 	: 	: 	: 	: 	: 	: 	: 	: 	: 	: 	: 	: 	: 	: 	: 	: 	: 	: 	: 	: 	: 	: 	: 	: 	: 	: 	: 	: 	: 	: 	: 	: 	: 	: 	: 	: 	: 	: 	: 	: 	: 	: 	: 	: 	: 	: 	: 	: 	: 	: 	: 	: 	: 	: 	: 	: 	: 	: 	: 	: 	: 	: 	: 	: 	: 	: 	: 	: 	: 	: 	: 	: 	: 	: 	: 	: 	: 	: 	: 	: 	: 	: 	: 	: 	: 	: 	: 	: 	: 	: 	: 	4538 	2823 	3681 	2292 	1557 	1518 	1463 	1319 	647 	857 	1218 	1324 	1139 	921 	900 	471 	13334 	: 	: 	: 	: 	: 	: 	: 	: 	: 	: 	: 	: 	: 	: 	: 	: 	: 	: 	: 	: 	: 	: 	: 	: 	: 
PAS,PAS_CRD_ARR,SK_LZ99_BG_LB99	: 	: 	: 	: 	: 	: 	: 	: 	: 	: 	: 	: 	: 	: 	: 	: 	: 	: 	: 	: 	: 	: 	: 	: 	: 	: 	: 	: 	: 	: 	: 	: 	: 	: 	: 	: 	: 	: 	: 	: 	: 	: 	: 	: 	: 	: 	: 	: 	: 	: 	: 	: 	: 	: 	: 	: 	: 	: 	: 	: 	: 	: 	: 	: 	: 	: 	: 	: 	: 	: 	: 	: 	: 	: 	: 	: 	: 	: 	: 	: 	: 	: 	: 	: 	: 	: 	: 	: 	: 	: 	: 	: 	: 	: 	: 	: 	: 	: 	: 	: 	: 	: 	: 	: 	: 	: 	: 	: 	: 	: 	: 	: 	: 	: 	: 	: 	: 	: 	: 	: 	: 	: 	: 	: 	: 	: 	: 	: 	: 	: 	: 	: 	: 	: 	: 	: 	: 	: 	: 	: 	: 	: 	: 	: 	: 	: 	: 	: 	: 	: 	: 	: 	: 	: 	: 	: 	: 	: 	: 	: 	: 	: 	: 	: 	: 	: 	: 	: 	: 	: 	: 	: 	: 	: 	: 	: 	: 	: 	: 	: 	: 	: 	: 	: 	: 	: 	: 	: 	: 	: 	: 	: 	: 	: 	: 	: 	515 	21726 	1254 	: 	515 	: 	: 	3296 	9803 	8627 	1254 	: 	: 	: 	: 	: 	23495 	6 	16204 	1679 	30 	: 	6 	: 	1753 	7112 	7339 	1679 	: 	: 	17919 	21 	13603 	811 	4 	14439 	: 	: 	: 	: 	: 	: 
PAS,PAS_CRD_ARR,SK_LZ99_CZ_LK99	: 	: 	: 	: 	: 	: 	: 	: 	: 	: 	: 	: 	: 	: 	: 	: 	: 	: 	: 	: 	: 	: 	: 	: 	: 	: 	: 	: 	: 	: 	: 	: 	: 	: 	: 	: 	: 	: 	: 	: 	: 	: 	: 	: 	: 	: 	: 	: 	: 	: 	: 	: 	: 	: 	: 	: 	: 	: 	: 	: 	: 	: 	: 	: 	: 	: 	: 	: 	: 	: 	: 	: 	: 	: 	: 	: 	: 	: 	: 	: 	: 	: 	: 	: 	: 	: 	: 	: 	: 	: 	: 	: 	: 	: 	: 	: 	: 	: 	: 	: 	: 	: 	: 	: 	: 	: 	: 	: 	: 	: 	: 	: 	: 	: 	: 	: 	: 	: 	: 	: 	: 	: 	: 	: 	: 	: 	: 	: 	: 	: 	: 	: 	: 	: 	: 	: 	: 	: 	: 	: 	: 	: 	: 	: 	: 	: 	: 	: 	: 	: 	: 	: 	: 	: 	: 	: 	: 	: 	: 	: 	: 	: 	: 	: 	: 	: 	: 	: 	: 	: 	: 	: 	: 	: 	: 	: 	: 	: 	: 	: 	: 	: 	: 	: 	: 	: 	: 	: 	: 	: 	: 	: 	: 	: 	: 	: 	24593 	27989 	25007 	20155 	8344 	7551 	8698 	9940 	9061 	8988 	9242 	8013 	7752 	7830 	6096 	6229 	97744 	24433 	25914 	24081 	19067 	8376 	7683 	8374 	9367 	8440 	8107 	8400 	7815 	7866 	93495 	22127 	24223 	21926 	16028 	84304 	19779 	22952 	21442 	15841 	80014 	: 
PAS,PAS_CRD_ARR,SK_LZ99_DE_ED99	: 	: 	: 	: 	: 	: 	: 	: 	: 	: 	: 	: 	: 	: 	: 	: 	: 	: 	: 	: 	: 	: 	: 	: 	: 	: 	: 	: 	: 	: 	: 	: 	: 	: 	: 	: 	: 	: 	: 	: 	: 	: 	: 	: 	: 	: 	: 	: 	: 	: 	: 	: 	: 	: 	: 	: 	: 	: 	: 	: 	: 	: 	: 	: 	: 	: 	: 	: 	: 	: 	: 	: 	: 	: 	: 	: 	: 	: 	: 	: 	: 	: 	: 	: 	: 	: 	: 	: 	: 	: 	: 	: 	: 	: 	: 	: 	: 	: 	: 	: 	: 	: 	: 	: 	: 	: 	: 	: 	: 	: 	: 	: 	: 	: 	: 	: 	: 	: 	: 	: 	: 	: 	: 	: 	: 	: 	: 	: 	: 	: 	: 	: 	: 	: 	: 	: 	: 	: 	: 	: 	: 	: 	: 	: 	: 	: 	: 	: 	: 	: 	: 	: 	: 	: 	: 	: 	: 	: 	: 	: 	: 	: 	: 	: 	: 	: 	: 	: 	: 	: 	: 	: 	: 	: 	: 	: 	: 	: 	: 	: 	: 	: 	: 	: 	: 	: 	: 	: 	: 	: 	: 	: 	: 	: 	: 	: 	18832 	10817 	10576 	11775 	7417 	7204 	4211 	4508 	3182 	3127 	3477 	3258 	3841 	5073 	3559 	3143 	52000 	9656 	7446 	5102 	2372 	4465 	2631 	2560 	2902 	2292 	2252 	2043 	2056 	1003 	24576 	: 	: 	: 	: 	: 	: 	: 	: 	: 	: 	: 
PAS,PAS_CRD_ARR,SK_LZ99_EG_HE99	: 	: 	: 	: 	: 	: 	: 	: 	: 	: 	: 	: 	: 	: 	: 	: 	: 	: 	: 	: 	: 	: 	: 	: 	: 	: 	: 	: 	: 	: 	: 	: 	: 	: 	: 	: 	: 	: 	: 	: 	: 	: 	: 	: 	: 	: 	: 	: 	: 	: 	: 	: 	: 	: 	: 	: 	: 	: 	: 	: 	: 	: 	: 	: 	: 	: 	: 	: 	: 	: 	: 	: 	: 	: 	: 	: 	: 	: 	: 	: 	: 	: 	: 	: 	: 	: 	: 	: 	: 	: 	: 	: 	: 	: 	: 	: 	: 	: 	: 	: 	: 	: 	: 	: 	: 	: 	: 	: 	: 	: 	: 	: 	: 	: 	: 	: 	: 	: 	: 	: 	: 	: 	: 	: 	: 	: 	: 	: 	: 	: 	: 	: 	: 	: 	: 	: 	: 	: 	: 	: 	: 	: 	: 	: 	: 	: 	: 	: 	: 	: 	: 	: 	: 	: 	: 	: 	: 	: 	: 	: 	: 	: 	: 	: 	: 	: 	: 	: 	: 	: 	: 	: 	: 	: 	: 	: 	: 	: 	: 	: 	: 	: 	: 	: 	: 	: 	: 	: 	: 	: 	: 	: 	: 	: 	: 	: 	6630 	24100 	15287 	2315 	880 	1126 	4624 	5977 	8147 	9976 	7407 	5589 	2291 	1021 	478 	816 	48332 	13364 	31988 	15861 	2959 	1333 	2722 	9309 	9829 	10916 	11243 	9737 	4459 	1665 	64172 	8387 	13661 	3128 	1870 	27046 	5186 	8006 	3641 	: 	16833 	: 
PAS,PAS_CRD_ARR,SK_LZ99_EL_LG99	: 	: 	: 	: 	: 	: 	: 	: 	: 	: 	: 	: 	: 	: 	: 	: 	: 	: 	: 	: 	: 	: 	: 	: 	: 	: 	: 	: 	: 	: 	: 	: 	: 	: 	: 	: 	: 	: 	: 	: 	: 	: 	: 	: 	: 	: 	: 	: 	: 	: 	: 	: 	: 	: 	: 	: 	: 	: 	: 	: 	: 	: 	: 	: 	: 	: 	: 	: 	: 	: 	: 	: 	: 	: 	: 	: 	: 	: 	: 	: 	: 	: 	: 	: 	: 	: 	: 	: 	: 	: 	: 	: 	: 	: 	: 	: 	: 	: 	: 	: 	: 	: 	: 	: 	: 	: 	: 	: 	: 	: 	: 	: 	: 	: 	: 	: 	: 	: 	: 	: 	: 	: 	: 	: 	: 	: 	: 	: 	: 	: 	: 	: 	: 	: 	: 	: 	: 	: 	: 	: 	: 	: 	: 	: 	: 	: 	: 	: 	: 	: 	: 	: 	: 	: 	: 	: 	: 	: 	: 	: 	: 	: 	: 	: 	: 	: 	: 	: 	: 	: 	: 	: 	: 	: 	: 	: 	: 	: 	: 	: 	: 	: 	: 	: 	: 	: 	: 	: 	: 	: 	: 	: 	: 	: 	: 	: 	933 	48946 	7459 	56 	4 	: 	929 	13980 	17800 	17166 	7254 	205 	: 	: 	: 	56 	57394 	986 	42724 	6908 	207 	189 	: 	797 	11124 	16384 	15216 	6456 	452 	: 	50825 	662 	39412 	6224 	65 	46363 	1675 	30464 	6068 	: 	38207 	: 
PAS,PAS_CRD_ARR,SK_LZ99_ES_LE99	: 	: 	: 	: 	: 	: 	: 	: 	: 	: 	: 	: 	: 	: 	: 	: 	: 	: 	: 	: 	: 	: 	: 	: 	: 	: 	: 	: 	: 	: 	: 	: 	: 	: 	: 	: 	: 	: 	: 	: 	: 	: 	: 	: 	: 	: 	: 	: 	: 	: 	: 	: 	: 	: 	: 	: 	: 	: 	: 	: 	: 	: 	: 	: 	: 	: 	: 	: 	: 	: 	: 	: 	: 	: 	: 	: 	: 	: 	: 	: 	: 	: 	: 	: 	: 	: 	: 	: 	: 	: 	: 	: 	: 	: 	: 	: 	: 	: 	: 	: 	: 	: 	: 	: 	: 	: 	: 	: 	: 	: 	: 	: 	: 	: 	: 	: 	: 	: 	: 	: 	: 	: 	: 	: 	: 	: 	: 	: 	: 	: 	: 	: 	: 	: 	: 	: 	: 	: 	: 	: 	: 	: 	: 	: 	: 	: 	: 	: 	: 	: 	: 	: 	: 	: 	: 	: 	: 	: 	: 	: 	: 	: 	: 	: 	: 	: 	: 	: 	: 	: 	: 	: 	: 	: 	: 	: 	: 	: 	: 	: 	: 	: 	: 	: 	: 	: 	: 	: 	: 	: 	: 	: 	: 	: 	: 	: 	3598 	13264 	4349 	1929 	834 	1308 	1456 	3801 	5008 	4455 	2396 	1064 	889 	881 	514 	534 	23140 	2531 	10637 	3014 	188 	856 	648 	1027 	2469 	4225 	3943 	1677 	843 	494 	16370 	: 	: 	: 	: 	: 	: 	: 	: 	: 	: 	: 
PAS,PAS_CRD_ARR,SK_LZ99_FR_LF99	: 	: 	: 	: 	: 	: 	: 	: 	: 	: 	: 	: 	: 	: 	: 	: 	: 	: 	: 	: 	: 	: 	: 	: 	: 	: 	: 	: 	: 	: 	: 	: 	: 	: 	: 	: 	: 	: 	: 	: 	: 	: 	: 	: 	: 	: 	: 	: 	: 	: 	: 	: 	: 	: 	: 	: 	: 	: 	: 	: 	: 	: 	: 	: 	: 	: 	: 	: 	: 	: 	: 	: 	: 	: 	: 	: 	: 	: 	: 	: 	: 	: 	: 	: 	: 	: 	: 	: 	: 	: 	: 	: 	: 	: 	: 	: 	: 	: 	: 	: 	: 	: 	: 	: 	: 	: 	: 	: 	: 	: 	: 	: 	: 	: 	: 	: 	: 	: 	: 	: 	: 	: 	: 	: 	: 	: 	: 	: 	: 	: 	: 	: 	: 	: 	: 	: 	: 	: 	: 	: 	: 	: 	: 	: 	: 	: 	: 	: 	: 	: 	: 	: 	: 	: 	: 	: 	: 	: 	: 	: 	: 	: 	: 	: 	: 	: 	: 	: 	: 	: 	: 	: 	: 	: 	: 	: 	: 	: 	: 	: 	: 	: 	: 	: 	: 	: 	: 	: 	: 	: 	: 	: 	: 	: 	: 	: 	16937 	15707 	17612 	10118 	5677 	5696 	5564 	5285 	5040 	5382 	6158 	6111 	5343 	3968 	3674 	2476 	60374 	12616 	12473 	13623 	6061 	3549 	4059 	5008 	4547 	3793 	4133 	4958 	5502 	3163 	44773 	: 	: 	: 	: 	: 	: 	: 	: 	: 	: 	: 
PAS,PAS_CRD_ARR,SK_LZ99_HR_LD99	: 	: 	: 	: 	: 	: 	: 	: 	: 	: 	: 	: 	: 	: 	: 	: 	: 	: 	: 	: 	: 	: 	: 	: 	: 	: 	: 	: 	: 	: 	: 	: 	: 	: 	: 	: 	: 	: 	: 	: 	: 	: 	: 	: 	: 	: 	: 	: 	: 	: 	: 	: 	: 	: 	: 	: 	: 	: 	: 	: 	: 	: 	: 	: 	: 	: 	: 	: 	: 	: 	: 	: 	: 	: 	: 	: 	: 	: 	: 	: 	: 	: 	: 	: 	: 	: 	: 	: 	: 	: 	: 	: 	: 	: 	: 	: 	: 	: 	: 	: 	: 	: 	: 	: 	: 	: 	: 	: 	: 	: 	: 	: 	: 	: 	: 	: 	: 	: 	: 	: 	: 	: 	: 	: 	: 	: 	: 	: 	: 	: 	: 	: 	: 	: 	: 	: 	: 	: 	: 	: 	: 	: 	: 	: 	: 	: 	: 	: 	: 	: 	: 	: 	: 	: 	: 	: 	: 	: 	: 	: 	: 	: 	: 	: 	: 	: 	: 	: 	: 	: 	: 	: 	: 	: 	: 	: 	: 	: 	: 	: 	: 	: 	: 	: 	: 	: 	: 	: 	: 	: 	: 	: 	: 	: 	: 	: 	283 	10828 	2466 	2 	267 	16 	: 	2728 	4269 	3831 	1904 	562 	: 	: 	: 	2 	13579 	: 	: 	: 	: 	: 	: 	: 	: 	: 	: 	: 	: 	: 	: 	: 	: 	: 	: 	: 	: 	: 	: 	: 	: 	: 
PAS,PAS_CRD_ARR,SK_LZ99_IT_LI99	: 	: 	: 	: 	: 	: 	: 	: 	: 	: 	: 	: 	: 	: 	: 	: 	: 	: 	: 	: 	: 	: 	: 	: 	: 	: 	: 	: 	: 	: 	: 	: 	: 	: 	: 	: 	: 	: 	: 	: 	: 	: 	: 	: 	: 	: 	: 	: 	: 	: 	: 	: 	: 	: 	: 	: 	: 	: 	: 	: 	: 	: 	: 	: 	: 	: 	: 	: 	: 	: 	: 	: 	: 	: 	: 	: 	: 	: 	: 	: 	: 	: 	: 	: 	: 	: 	: 	: 	: 	: 	: 	: 	: 	: 	: 	: 	: 	: 	: 	: 	: 	: 	: 	: 	: 	: 	: 	: 	: 	: 	: 	: 	: 	: 	: 	: 	: 	: 	: 	: 	: 	: 	: 	: 	: 	: 	: 	: 	: 	: 	: 	: 	: 	: 	: 	: 	: 	: 	: 	: 	: 	: 	: 	: 	: 	: 	: 	: 	: 	: 	: 	: 	: 	: 	: 	: 	: 	: 	: 	: 	: 	: 	: 	: 	: 	: 	: 	: 	: 	: 	: 	: 	: 	: 	: 	: 	: 	: 	: 	: 	: 	: 	: 	: 	: 	: 	: 	: 	: 	: 	: 	: 	: 	: 	: 	: 	22476 	13853 	14382 	9182 	8772 	7184 	6520 	4424 	4645 	4784 	4874 	4912 	4596 	4009 	2848 	2325 	59893 	8242 	6967 	6714 	2463 	3161 	2444 	2637 	2851 	2320 	1796 	2159 	2528 	2027 	24386 	: 	: 	: 	: 	: 	: 	: 	: 	: 	: 	: 
PAS,PAS_CRD_ARR,SK_LZ99_NL_EH99	: 	: 	: 	: 	: 	: 	: 	: 	: 	: 	: 	: 	: 	: 	: 	: 	: 	: 	: 	: 	: 	: 	: 	: 	: 	: 	: 	: 	: 	: 	: 	: 	: 	: 	: 	: 	: 	: 	: 	: 	: 	: 	: 	: 	: 	: 	: 	: 	: 	: 	: 	: 	: 	: 	: 	: 	: 	: 	: 	: 	: 	: 	: 	: 	: 	: 	: 	: 	: 	: 	: 	: 	: 	: 	: 	: 	: 	: 	: 	: 	: 	: 	: 	: 	: 	: 	: 	: 	: 	: 	: 	: 	: 	: 	: 	: 	: 	: 	: 	: 	: 	: 	: 	: 	: 	: 	: 	: 	: 	: 	: 	: 	: 	: 	: 	: 	: 	: 	: 	: 	: 	: 	: 	: 	: 	: 	: 	: 	: 	: 	: 	: 	: 	: 	: 	: 	: 	: 	: 	: 	: 	: 	: 	: 	: 	: 	: 	: 	: 	: 	: 	: 	: 	: 	: 	: 	: 	: 	: 	: 	: 	: 	: 	: 	: 	: 	: 	: 	: 	: 	: 	: 	: 	: 	: 	: 	: 	: 	: 	: 	: 	: 	: 	: 	: 	: 	: 	: 	: 	: 	: 	: 	: 	: 	: 	: 	5788 	6771 	7867 	4254 	1940 	1633 	2215 	1975 	2122 	2674 	2835 	2648 	2384 	1711 	1505 	1038 	24680 	4951 	4290 	4231 	185 	1762 	1636 	1553 	1503 	1444 	1343 	1232 	1609 	1390 	13657 	: 	: 	: 	: 	: 	: 	: 	: 	: 	: 	: 
PAS,PAS_CRD_ARR,SK_LZ99_RU_UU99	: 	: 	: 	: 	: 	: 	: 	: 	: 	: 	: 	: 	: 	: 	: 	: 	: 	: 	: 	: 	: 	: 	: 	: 	: 	: 	: 	: 	: 	: 	: 	: 	: 	: 	: 	: 	: 	: 	: 	: 	: 	: 	: 	: 	: 	: 	: 	: 	: 	: 	: 	: 	: 	: 	: 	: 	: 	: 	: 	: 	: 	: 	: 	: 	: 	: 	: 	: 	: 	: 	: 	: 	: 	: 	: 	: 	: 	: 	: 	: 	: 	: 	: 	: 	: 	: 	: 	: 	: 	: 	: 	: 	: 	: 	: 	: 	: 	: 	: 	: 	: 	: 	: 	: 	: 	: 	: 	: 	: 	: 	: 	: 	: 	: 	: 	: 	: 	: 	: 	: 	: 	: 	: 	: 	: 	: 	: 	: 	: 	: 	: 	: 	: 	: 	: 	: 	: 	: 	: 	: 	: 	: 	: 	: 	: 	: 	: 	: 	: 	: 	: 	: 	: 	: 	: 	: 	: 	: 	: 	: 	: 	: 	: 	: 	: 	: 	: 	: 	: 	: 	: 	: 	: 	: 	: 	: 	: 	: 	: 	: 	: 	: 	: 	: 	: 	: 	: 	: 	: 	: 	: 	: 	: 	: 	: 	: 	3528 	3346 	3616 	2317 	1083 	1054 	1391 	1053 	1219 	1074 	1221 	1203 	1192 	770 	806 	741 	12807 	3086 	3848 	3527 	2756 	1175 	947 	964 	1191 	1332 	1325 	1116 	1190 	1221 	13217 	3538 	3164 	2618 	2521 	11841 	3537 	3929 	3579 	3029 	14074 	: 
PAS,PAS_CRD_ARR,SK_LZ99_SK_LZ99	: 	: 	: 	: 	: 	: 	: 	: 	: 	: 	: 	: 	: 	: 	: 	: 	: 	: 	: 	: 	: 	: 	: 	: 	: 	: 	: 	: 	: 	: 	: 	: 	: 	: 	: 	: 	: 	: 	: 	: 	: 	: 	: 	: 	: 	: 	: 	: 	: 	: 	: 	: 	: 	: 	: 	: 	: 	: 	: 	: 	: 	: 	: 	: 	: 	: 	: 	: 	: 	: 	: 	: 	: 	: 	: 	: 	: 	: 	: 	: 	: 	: 	: 	: 	: 	: 	: 	: 	: 	: 	: 	: 	: 	: 	: 	: 	: 	: 	: 	: 	: 	: 	: 	: 	: 	: 	: 	: 	: 	: 	: 	: 	: 	: 	: 	: 	: 	: 	: 	: 	: 	: 	: 	: 	: 	: 	: 	: 	: 	: 	: 	: 	: 	: 	: 	: 	: 	: 	: 	: 	: 	: 	: 	: 	: 	: 	: 	: 	: 	: 	: 	: 	: 	: 	: 	: 	: 	: 	: 	: 	: 	: 	: 	: 	: 	: 	: 	: 	: 	: 	: 	: 	: 	: 	: 	: 	: 	: 	: 	: 	: 	: 	: 	: 	: 	: 	: 	: 	: 	: 	: 	: 	: 	: 	: 	: 	20118 	16367 	17557 	9484 	7233 	6345 	6540 	5906 	5429 	5032 	6032 	5378 	6147 	4056 	3037 	2391 	63526 	8974 	9239 	9434 	8373 	2632 	3149 	3193 	3400 	2987 	2852 	3216 	3085 	3133 	36020 	9493 	8161 	8197 	6110 	31961 	8308 	7184 	10951 	5308 	31751 	: 
PAS,PAS_CRD_ARR,SK_LZ99_TN_DT99	: 	: 	: 	: 	: 	: 	: 	: 	: 	: 	: 	: 	: 	: 	: 	: 	: 	: 	: 	: 	: 	: 	: 	: 	: 	: 	: 	: 	: 	: 	: 	: 	: 	: 	: 	: 	: 	: 	: 	: 	: 	: 	: 	: 	: 	: 	: 	: 	: 	: 	: 	: 	: 	: 	: 	: 	: 	: 	: 	: 	: 	: 	: 	: 	: 	: 	: 	: 	: 	: 	: 	: 	: 	: 	: 	: 	: 	: 	: 	: 	: 	: 	: 	: 	: 	: 	: 	: 	: 	: 	: 	: 	: 	: 	: 	: 	: 	: 	: 	: 	: 	: 	: 	: 	: 	: 	: 	: 	: 	: 	: 	: 	: 	: 	: 	: 	: 	: 	: 	: 	: 	: 	: 	: 	: 	: 	: 	: 	: 	: 	: 	: 	: 	: 	: 	: 	: 	: 	: 	: 	: 	: 	: 	: 	: 	: 	: 	: 	: 	: 	: 	: 	: 	: 	: 	: 	: 	: 	: 	: 	: 	: 	: 	: 	: 	: 	: 	: 	: 	: 	: 	: 	: 	: 	: 	: 	: 	: 	: 	: 	: 	: 	: 	: 	: 	: 	: 	: 	: 	: 	: 	: 	: 	: 	: 	: 	1580 	28301 	5832 	126 	: 	: 	1580 	7819 	10170 	10312 	5306 	526 	: 	: 	: 	126 	35839 	1862 	22197 	5122 	: 	: 	: 	1862 	6072 	8132 	7993 	4393 	729 	: 	29181 	1607 	14760 	3461 	: 	19828 	1005 	10038 	2804 	150 	13997 	: 
PAS,PAS_CRD_ARR,SK_LZ99_TR_LT99	: 	: 	: 	: 	: 	: 	: 	: 	: 	: 	: 	: 	: 	: 	: 	: 	: 	: 	: 	: 	: 	: 	: 	: 	: 	: 	: 	: 	: 	: 	: 	: 	: 	: 	: 	: 	: 	: 	: 	: 	: 	: 	: 	: 	: 	: 	: 	: 	: 	: 	: 	: 	: 	: 	: 	: 	: 	: 	: 	: 	: 	: 	: 	: 	: 	: 	: 	: 	: 	: 	: 	: 	: 	: 	: 	: 	: 	: 	: 	: 	: 	: 	: 	: 	: 	: 	: 	: 	: 	: 	: 	: 	: 	: 	: 	: 	: 	: 	: 	: 	: 	: 	: 	: 	: 	: 	: 	: 	: 	: 	: 	: 	: 	: 	: 	: 	: 	: 	: 	: 	: 	: 	: 	: 	: 	: 	: 	: 	: 	: 	: 	: 	: 	: 	: 	: 	: 	: 	: 	: 	: 	: 	: 	: 	: 	: 	: 	: 	: 	: 	: 	: 	: 	: 	: 	: 	: 	: 	: 	: 	: 	: 	: 	: 	: 	: 	: 	: 	: 	: 	: 	: 	: 	: 	: 	: 	: 	: 	: 	: 	: 	: 	: 	: 	: 	: 	: 	: 	: 	: 	: 	: 	: 	: 	: 	: 	435 	14241 	2811 	: 	: 	: 	435 	4168 	4733 	5340 	2794 	11 	6 	: 	: 	: 	17487 	229 	14926 	1821 	: 	2 	: 	227 	3718 	5457 	5751 	1821 	: 	: 	16976 	122 	9720 	819 	1 	10662 	419 	18993 	2958 	: 	22370 	: 
PAS,PAS_CRD_ARR,SK_LZ99_UK_EG99	: 	: 	: 	: 	: 	: 	: 	: 	: 	: 	: 	: 	: 	: 	: 	: 	: 	: 	: 	: 	: 	: 	: 	: 	: 	: 	: 	: 	: 	: 	: 	: 	: 	: 	: 	: 	: 	: 	: 	: 	: 	: 	: 	: 	: 	: 	: 	: 	: 	: 	: 	: 	: 	: 	: 	: 	: 	: 	: 	: 	: 	: 	: 	: 	: 	: 	: 	: 	: 	: 	: 	: 	: 	: 	: 	: 	: 	: 	: 	: 	: 	: 	: 	: 	: 	: 	: 	: 	: 	: 	: 	: 	: 	: 	: 	: 	: 	: 	: 	: 	: 	: 	: 	: 	: 	: 	: 	: 	: 	: 	: 	: 	: 	: 	: 	: 	: 	: 	: 	: 	: 	: 	: 	: 	: 	: 	: 	: 	: 	: 	: 	: 	: 	: 	: 	: 	: 	: 	: 	: 	: 	: 	: 	: 	: 	: 	: 	: 	: 	: 	: 	: 	: 	: 	: 	: 	: 	: 	: 	: 	: 	: 	: 	: 	: 	: 	: 	: 	: 	: 	: 	: 	: 	: 	: 	: 	: 	: 	: 	: 	: 	: 	: 	: 	: 	: 	: 	: 	: 	: 	: 	: 	: 	: 	: 	: 	44695 	33777 	26254 	17874 	18276 	15704 	10715 	10448 	12038 	11291 	9408 	9149 	7697 	7851 	5441 	4582 	122600 	12416 	14474 	11228 	5702 	6104 	2785 	3527 	4282 	5474 	4718 	3722 	4588 	2918 	43820 	5864 	4839 	14 	: 	10717 	: 	: 	: 	: 	: 	: 
PAS,PAS_CRD_ARR,SK_LZIB_AE_OMDB	5947 	6761 	1759 	1679 	2212 	2056 	2549 	2218 	1994 	5455 	5614 	4655 	5028 	1869 	2180 	1406 	1702 	1864 	2048 	1305 	1849 	1501 	1860 	1527 	1641 	20752 	3422 	4568 	3853 	3016 	1255 	1304 	863 	1380 	1581 	1607 	964 	1391 	1498 	1299 	906 	811 	14859 	: 	: 	: 	: 	: 	: 	: 	: 	: 	: 	: 	: 	: 	: 	: 	: 	: 	: 	: 	: 	: 	: 	: 	: 	: 	: 	: 	: 	: 	: 	: 	: 	: 	: 	: 	: 	: 	: 	: 	: 	: 	: 	: 	: 	: 	: 	: 	: 	: 	: 	: 	: 	: 	: 	: 	: 	: 	: 	: 	: 	: 	: 	: 	: 	: 	: 	: 	: 	: 	: 	: 	: 	: 	: 	: 	: 	: 	: 	: 	: 	: 	: 	: 	: 	: 	: 	: 	: 	: 	: 	: 	: 	: 	: 	: 	: 	: 	: 	: 	: 	: 	: 	: 	: 	: 	: 	: 	: 	: 	: 	: 	: 	: 	: 	: 	: 	: 	: 	: 	: 	: 	: 	: 	: 	: 	: 	: 	: 	: 	: 	: 	: 	: 	: 	: 	: 	: 	: 	: 	: 	: 	: 	: 	: 	: 	: 	: 	: 	: 	: 	: 	: 	: 	: 	: 	: 	: 	: 	: 	: 	: 	: 	: 	: 	: 	: 	: 	: 	: 	: 	: 	: 	: 	: 	: 	: 	: 	: 	: 	: 	: 	: 	: 	: 	: 	: 	: 	: 	: 	: 	: 	: 	: 	: 	: 
PAS,PAS_CRD_ARR,SK_LZIB_BE_EBBR	: 	: 	: 	: 	: 	: 	: 	: 	: 	5575 	13346 	11252 	0 	: 	1243 	4332 	4425 	4286 	4635 	4146 	4356 	2750 	0 	0 	0 	30173 	: 	: 	: 	: 	: 	: 	: 	: 	: 	: 	: 	: 	: 	: 	: 	: 	: 	: 	: 	: 	: 	: 	: 	: 	: 	: 	: 	: 	: 	: 	: 	: 	: 	: 	: 	: 	: 	: 	: 	: 	: 	: 	: 	: 	: 	: 	: 	: 	: 	: 	: 	: 	: 	: 	: 	: 	: 	: 	: 	: 	: 	: 	: 	: 	: 	: 	: 	: 	: 	: 	: 	: 	: 	: 	: 	: 	: 	: 	: 	: 	: 	: 	: 	: 	: 	: 	: 	: 	: 	: 	: 	: 	: 	: 	: 	: 	: 	: 	: 	: 	: 	: 	: 	: 	: 	: 	: 	: 	: 	: 	: 	: 	: 	: 	: 	: 	: 	: 	: 	: 	: 	: 	: 	: 	: 	: 	: 	: 	: 	: 	: 	: 	: 	: 	: 	: 	: 	: 	: 	: 	: 	: 	: 	: 	: 	: 	: 	: 	: 	: 	: 	: 	: 	4067 	3114 	4685 	4346 	1268 	1281 	1518 	1304 	730 	1080 	1432 	1711 	1542 	1530 	1508 	1308 	16212 	: 	: 	: 	: 	: 	: 	: 	: 	: 	: 	: 	: 	: 	: 	: 	: 	: 	: 	: 	: 	: 	: 	: 	: 	: 	: 	: 	: 	: 	: 	: 	: 	: 	: 	: 	: 	: 	: 	: 	: 	: 	: 
PAS,PAS_CRD_ARR,SK_LZIB_BE_EBCI	9193 	6430 	3216 	3107 	3166 	2920 	2454 	2043 	1933 	3751 	: 	767 	9148 	2242 	1509 	: 	: 	: 	: 	: 	: 	767 	2829 	3358 	2961 	13666 	8796 	6241 	5773 	7700 	3039 	3196 	2561 	2035 	1994 	2212 	1953 	1834 	1986 	2764 	2488 	2448 	28510 	8071 	6615 	6405 	6041 	2830 	2726 	2515 	2122 	2160 	2333 	2140 	2070 	2195 	2188 	2063 	1790 	27132 	8017 	8780 	8330 	6232 	2563 	2602 	2852 	2840 	2773 	3167 	2701 	2956 	2673 	2387 	2033 	1812 	31359 	8161 	7676 	8043 	6386 	2886 	2249 	3026 	2820 	2294 	2562 	2684 	2646 	2713 	2099 	2285 	2002 	30266 	8286 	8528 	8307 	7701 	3019 	2374 	2893 	2614 	2769 	3145 	2762 	2909 	2636 	3109 	2535 	2057 	32822 	8459 	8096 	7279 	6185 	2812 	2852 	2795 	2388 	2746 	2962 	2622 	2681 	1976 	2481 	1915 	1789 	30019 	6858 	5984 	5376 	55 	2780 	1992 	2086 	1906 	1904 	2174 	1871 	1621 	1884 	55 	: 	: 	18273 	: 	: 	: 	: 	: 	: 	: 	: 	: 	: 	: 	: 	: 	: 	: 	: 	: 	: 	: 	: 	: 	: 	: 	: 	: 	: 	: 	: 	: 	: 	: 	: 	: 	: 	: 	: 	: 	: 	: 	: 	: 	: 	: 	: 	: 	: 	: 	: 	: 	: 	: 	: 	: 	: 	: 	: 	: 	: 	: 	: 	: 	: 	: 	: 	: 	: 	: 	: 	: 	: 	: 	: 	: 	: 	: 	: 	: 	: 	: 	: 	: 	: 	: 	: 	: 	: 	: 	: 	: 	: 	: 	: 	: 
PAS,PAS_CRD_ARR,SK_LZIB_BG_LBBG	1075 	: 	8698 	904 	171 	: 	: 	: 	: 	: 	21880 	747 	: 	: 	: 	: 	2941 	10050 	8889 	747 	: 	: 	: 	: 	: 	22627 	: 	19830 	1216 	: 	: 	: 	: 	2566 	8756 	8508 	1216 	: 	: 	: 	: 	: 	21046 	: 	19774 	782 	: 	: 	: 	: 	1863 	9287 	8624 	782 	: 	: 	: 	: 	: 	20556 	: 	21666 	1324 	: 	: 	: 	: 	2175 	10420 	9071 	1324 	: 	: 	: 	: 	: 	22990 	: 	22444 	1128 	: 	: 	: 	: 	2677 	10635 	9132 	1128 	: 	: 	: 	: 	: 	23572 	: 	22603 	917 	: 	: 	: 	: 	2717 	10354 	9532 	917 	: 	: 	: 	: 	: 	23520 	: 	16880 	561 	: 	: 	: 	: 	1496 	8354 	7030 	561 	: 	0 	: 	: 	: 	17441 	: 	15856 	1135 	: 	: 	: 	: 	1895 	7305 	6656 	1135 	: 	: 	: 	: 	: 	16991 	: 	21923 	1687 	: 	: 	: 	: 	3476 	9161 	9286 	1687 	: 	: 	: 	: 	: 	23610 	: 	19299 	1421 	: 	: 	: 	: 	3033 	8329 	7937 	1421 	: 	: 	: 	: 	: 	20720 	: 	16890 	1006 	: 	: 	: 	: 	2587 	7868 	6435 	1006 	: 	: 	: 	: 	: 	17896 	: 	: 	: 	: 	: 	: 	: 	: 	: 	: 	: 	: 	: 	: 	: 	: 	: 	: 	: 	: 	: 	: 	: 	: 	: 	: 	: 	: 	: 	: 	: 	: 	: 	: 	: 	: 	: 	: 	: 	: 	: 	: 
PAS,PAS_CRD_ARR,SK_LZIB_BG_LBSF	: 	: 	: 	: 	: 	: 	: 	: 	: 	: 	: 	: 	: 	: 	: 	: 	: 	: 	: 	: 	: 	: 	: 	: 	: 	: 	: 	: 	: 	: 	: 	: 	: 	: 	: 	: 	: 	: 	: 	: 	: 	: 	: 	: 	: 	: 	: 	: 	: 	: 	: 	: 	: 	: 	: 	: 	: 	: 	: 	: 	: 	: 	: 	: 	: 	: 	: 	: 	: 	: 	: 	: 	: 	: 	: 	: 	: 	: 	: 	: 	: 	: 	: 	: 	: 	: 	: 	: 	: 	: 	: 	: 	: 	: 	: 	: 	: 	: 	: 	: 	: 	: 	: 	: 	: 	: 	: 	: 	: 	: 	: 	: 	: 	: 	: 	: 	: 	: 	: 	: 	: 	: 	: 	: 	: 	: 	: 	: 	: 	: 	: 	: 	: 	: 	: 	: 	: 	: 	: 	: 	: 	: 	: 	: 	: 	: 	: 	: 	: 	: 	: 	: 	: 	: 	: 	: 	: 	: 	: 	: 	: 	: 	: 	: 	: 	: 	: 	: 	: 	: 	: 	: 	: 	: 	: 	: 	: 	: 	: 	4476 	5321 	3896 	3049 	1313 	1521 	1642 	1974 	1852 	1495 	1422 	1299 	1175 	1245 	914 	890 	16742 	: 	: 	: 	: 	: 	: 	: 	: 	: 	: 	: 	: 	: 	: 	: 	: 	: 	: 	: 	: 	: 	: 	: 	: 	: 	: 	: 	: 	: 	: 	: 	: 	: 	: 	: 	: 	: 	: 	: 	: 	: 	: 
PAS,PAS_CRD_ARR,SK_LZIB_CZ_LKPR	: 	: 	: 	: 	: 	: 	: 	: 	: 	: 	: 	: 	: 	: 	: 	: 	: 	: 	: 	: 	: 	: 	: 	: 	: 	: 	: 	: 	: 	: 	: 	: 	: 	: 	: 	: 	: 	: 	: 	: 	: 	: 	: 	: 	: 	: 	: 	: 	: 	: 	: 	: 	: 	: 	: 	: 	: 	: 	: 	: 	: 	: 	: 	: 	: 	: 	: 	: 	: 	: 	: 	: 	: 	: 	: 	: 	: 	: 	: 	: 	: 	: 	: 	: 	: 	: 	: 	: 	: 	: 	: 	: 	: 	: 	186 	1361 	4811 	4200 	76 	44 	66 	92 	69 	1200 	1491 	1894 	1426 	1520 	1376 	1304 	10558 	6405 	8135 	7930 	7522 	1545 	1834 	3026 	3188 	2287 	2660 	2710 	2944 	2276 	2882 	2500 	2140 	29992 	9363 	9960 	9467 	8066 	2574 	3037 	3752 	3992 	2838 	3130 	3640 	3067 	2760 	2986 	2580 	2500 	36856 	9166 	10154 	11567 	15526 	2620 	3150 	3396 	3897 	2833 	3424 	4079 	3799 	3689 	5586 	5163 	4777 	46413 	19167 	12450 	12036 	10831 	6739 	7594 	4834 	4907 	3768 	3775 	4210 	4063 	3763 	3937 	3750 	3144 	54484 	12985 	14394 	11531 	9229 	4182 	3995 	4808 	5575 	4561 	4258 	4204 	3908 	3419 	3279 	2976 	2974 	48139 	: 	: 	: 	: 	: 	: 	: 	: 	: 	: 	: 	: 	: 	: 	: 	: 	: 	: 	: 	: 	: 	: 	: 	: 	: 	: 	: 	: 	: 	: 	: 	: 	: 	: 	: 	: 	: 	: 	: 	: 	: 	39257 
PAS,PAS_CRD_ARR,SK_LZIB_DE_EDDB	8451 	6924 	3118 	2780 	2758 	2913 	2347 	2245 	2332 	9442 	15014 	13266 	13063 	2579 	2094 	4769 	4968 	5031 	5015 	4345 	4784 	4137 	4680 	4530 	3853 	50785 	: 	: 	: 	: 	: 	: 	: 	: 	: 	: 	: 	: 	: 	: 	: 	: 	: 	: 	: 	: 	: 	: 	: 	: 	: 	: 	: 	: 	: 	: 	: 	: 	: 	: 	: 	: 	: 	: 	: 	: 	: 	: 	: 	: 	: 	: 	: 	: 	: 	: 	: 	: 	: 	: 	: 	: 	: 	: 	: 	: 	: 	: 	: 	: 	: 	: 	: 	: 	: 	: 	: 	: 	: 	: 	: 	: 	: 	: 	: 	: 	: 	: 	: 	: 	: 	: 	: 	: 	: 	: 	: 	: 	: 	: 	: 	: 	: 	: 	: 	: 	: 	: 	: 	: 	: 	: 	: 	: 	: 	: 	: 	: 	: 	: 	: 	: 	: 	: 	: 	: 	: 	: 	: 	: 	: 	: 	: 	: 	: 	: 	: 	: 	: 	: 	: 	: 	: 	: 	: 	: 	: 	: 	: 	: 	: 	: 	: 	: 	: 	: 	: 	: 	: 	: 	: 	: 	: 	: 	: 	: 	: 	: 	: 	: 	: 	: 	: 	: 	: 	: 	: 	: 	: 	: 	: 	: 	: 	: 	: 	: 	: 	: 	: 	: 	: 	: 	: 	: 	: 	: 	: 	: 	: 	: 	: 	: 	: 	: 	: 	: 	: 	: 	: 	: 	: 	: 	: 	: 	: 	: 	: 	: 
PAS,PAS_CRD_ARR,SK_LZIB_DE_EDDK	: 	: 	: 	: 	: 	: 	: 	: 	: 	: 	: 	: 	: 	: 	: 	: 	: 	: 	: 	: 	: 	: 	: 	: 	: 	: 	: 	: 	: 	: 	: 	: 	: 	: 	: 	: 	: 	: 	: 	: 	: 	: 	: 	: 	: 	: 	: 	: 	: 	: 	: 	: 	: 	: 	: 	: 	: 	: 	: 	: 	: 	: 	: 	: 	: 	: 	: 	: 	: 	: 	: 	: 	: 	: 	: 	: 	: 	: 	: 	: 	: 	: 	: 	: 	: 	: 	: 	: 	: 	: 	: 	: 	: 	: 	: 	: 	: 	: 	: 	: 	: 	: 	: 	: 	: 	: 	: 	: 	: 	: 	: 	: 	: 	: 	: 	: 	: 	: 	: 	: 	: 	: 	: 	: 	: 	: 	: 	: 	: 	: 	: 	: 	: 	: 	: 	: 	: 	: 	: 	: 	: 	: 	: 	: 	: 	: 	: 	: 	: 	: 	: 	: 	: 	: 	: 	: 	: 	: 	: 	: 	: 	: 	: 	: 	: 	: 	: 	: 	: 	: 	: 	: 	: 	: 	: 	: 	: 	: 	: 	2633 	3241 	2968 	2335 	763 	788 	1082 	1082 	1031 	1128 	1077 	1004 	887 	1040 	711 	584 	11177 	: 	: 	: 	: 	: 	: 	: 	: 	: 	: 	: 	: 	: 	: 	: 	: 	: 	: 	: 	: 	: 	: 	: 	: 	: 	: 	: 	: 	: 	: 	: 	: 	: 	: 	: 	: 	: 	: 	: 	: 	: 	: 
PAS,PAS_CRD_ARR,SK_LZIB_DE_EDDM	: 	: 	: 	: 	: 	: 	: 	: 	: 	: 	: 	: 	: 	: 	: 	: 	: 	: 	: 	: 	: 	: 	: 	: 	: 	: 	: 	: 	: 	: 	: 	: 	: 	: 	: 	: 	: 	: 	: 	: 	: 	: 	: 	: 	: 	: 	: 	: 	: 	: 	: 	: 	: 	: 	: 	: 	: 	: 	: 	: 	: 	: 	: 	: 	: 	: 	: 	: 	: 	: 	: 	: 	: 	: 	: 	: 	: 	: 	: 	: 	: 	: 	: 	: 	: 	: 	: 	: 	: 	: 	: 	: 	: 	: 	: 	: 	: 	: 	: 	: 	: 	: 	: 	: 	: 	: 	: 	: 	: 	: 	: 	: 	: 	: 	: 	: 	: 	: 	: 	: 	: 	: 	: 	: 	: 	: 	: 	: 	: 	: 	: 	: 	: 	: 	: 	: 	: 	: 	: 	: 	: 	: 	: 	: 	: 	5207 	6160 	7381 	6062 	1307 	1775 	2125 	2425 	1745 	1990 	2593 	2307 	2481 	2105 	2146 	1811 	24810 	7724 	7722 	7807 	6485 	2273 	2413 	3038 	3181 	2002 	2539 	2706 	2769 	2332 	2688 	2051 	1746 	29738 	7837 	7118 	7769 	6155 	2247 	2589 	3001 	2689 	1985 	2444 	2706 	2868 	2195 	2496 	1911 	1748 	28879 	: 	: 	: 	: 	: 	: 	: 	: 	: 	: 	: 	: 	: 	: 	: 	: 	: 	: 	: 	: 	: 	: 	: 	: 	: 	: 	: 	: 	: 	: 	: 	: 	: 	: 	: 	: 	: 	: 	: 	: 	: 	: 
PAS,PAS_CRD_ARR,SK_LZIB_DE_EDFH	: 	: 	: 	: 	: 	: 	: 	: 	: 	: 	: 	: 	: 	: 	: 	: 	: 	: 	: 	: 	: 	: 	: 	: 	: 	: 	: 	: 	: 	: 	: 	: 	: 	: 	: 	: 	: 	: 	: 	: 	: 	: 	: 	: 	: 	: 	: 	: 	: 	: 	: 	: 	: 	: 	: 	: 	: 	: 	: 	: 	: 	: 	: 	: 	: 	: 	: 	: 	: 	: 	: 	: 	: 	: 	: 	: 	: 	: 	: 	: 	: 	: 	: 	: 	: 	: 	: 	: 	: 	: 	: 	: 	: 	: 	: 	: 	: 	: 	: 	: 	: 	: 	: 	: 	: 	: 	: 	: 	: 	: 	: 	: 	: 	: 	: 	: 	: 	: 	: 	: 	: 	: 	: 	: 	: 	: 	: 	: 	4669 	5865 	5256 	5913 	1473 	1271 	1925 	1750 	2013 	2102 	1759 	1766 	1731 	2134 	2033 	1746 	21703 	8127 	13193 	11520 	8490 	2305 	2090 	3732 	4059 	4576 	4558 	4275 	4066 	3179 	3370 	2952 	2168 	41330 	9806 	13267 	12451 	10529 	3186 	2458 	4162 	4222 	4437 	4608 	4124 	4214 	4113 	4235 	3420 	2874 	46053 	12319 	13656 	12236 	8425 	4287 	3598 	4434 	4253 	4699 	4704 	4275 	3928 	4033 	3098 	2840 	2487 	46636 	: 	: 	: 	: 	: 	: 	: 	: 	: 	: 	: 	: 	: 	: 	: 	: 	: 	: 	: 	: 	: 	: 	: 	: 	: 	: 	: 	: 	: 	: 	: 	: 	: 	: 	: 	: 	: 	: 	: 	: 	: 	: 
PAS,PAS_CRD_ARR,SK_LZIB_DK_EKCH	: 	: 	: 	: 	: 	: 	: 	: 	: 	: 	: 	: 	: 	: 	: 	: 	: 	: 	: 	: 	: 	: 	: 	: 	: 	: 	: 	: 	: 	: 	: 	: 	: 	: 	: 	: 	: 	: 	: 	: 	: 	: 	: 	: 	: 	: 	: 	: 	: 	: 	: 	: 	: 	: 	: 	: 	: 	: 	: 	: 	: 	: 	: 	: 	: 	: 	: 	: 	: 	: 	: 	: 	: 	: 	: 	: 	: 	: 	: 	: 	: 	: 	: 	: 	: 	: 	: 	: 	: 	: 	: 	: 	: 	: 	: 	: 	: 	: 	: 	: 	: 	: 	: 	: 	: 	: 	: 	: 	: 	: 	: 	: 	: 	: 	: 	: 	: 	: 	: 	: 	: 	: 	: 	: 	: 	: 	: 	: 	: 	: 	: 	: 	: 	: 	: 	: 	: 	: 	: 	: 	: 	: 	: 	: 	: 	: 	: 	: 	: 	: 	: 	: 	: 	: 	: 	: 	: 	: 	: 	: 	: 	: 	: 	: 	: 	: 	: 	: 	: 	: 	: 	: 	: 	: 	: 	: 	: 	: 	: 	2772 	2741 	2396 	2101 	963 	877 	932 	797 	876 	1068 	923 	660 	813 	858 	686 	557 	10010 	: 	: 	: 	: 	: 	: 	: 	: 	: 	: 	: 	: 	: 	: 	: 	: 	: 	: 	: 	: 	: 	: 	: 	: 	: 	: 	: 	: 	: 	: 	: 	: 	: 	: 	: 	: 	: 	: 	: 	: 	: 	: 
PAS,PAS_CRD_ARR,SK_LZIB_EG_HEGN	4636 	1718 	4536 	2618 	1361 	657 	717 	505 	496 	3026 	10078 	896 	: 	493 	658 	1875 	3269 	3570 	3239 	896 	: 	: 	: 	: 	: 	14000 	1937 	10915 	5110 	276 	: 	: 	1937 	2737 	4650 	3528 	2283 	1677 	1150 	: 	: 	276 	18238 	2570 	10016 	3220 	: 	151 	792 	1627 	2449 	3831 	3736 	2370 	699 	151 	: 	: 	: 	15806 	871 	7070 	4938 	: 	: 	250 	621 	221 	2737 	4112 	3200 	950 	788 	: 	: 	: 	12879 	2798 	12156 	6174 	160 	: 	765 	2033 	3167 	4143 	4846 	3696 	1285 	1193 	: 	: 	160 	21288 	5040 	17942 	7089 	1452 	190 	1071 	3779 	5360 	6264 	6318 	3956 	2214 	919 	455 	99 	898 	31523 	7443 	20738 	9842 	1953 	874 	1792 	4777 	6404 	7214 	7120 	5139 	3130 	1573 	671 	473 	809 	39976 	6098 	18209 	9467 	2205 	541 	1244 	4313 	5553 	6258 	6398 	4992 	2845 	1630 	984 	420 	801 	35979 	7081 	23616 	12428 	3906 	559 	1968 	4554 	6756 	8257 	8603 	6119 	3949 	2360 	1853 	1148 	905 	47031 	7247 	20107 	9849 	1855 	803 	1843 	4601 	5658 	7309 	7140 	5245 	2720 	1884 	1001 	503 	351 	39058 	4506 	12213 	7726 	2054 	661 	989 	2856 	3318 	4633 	4262 	3673 	2344 	1709 	1019 	424 	611 	26499 	: 	: 	: 	: 	: 	: 	: 	: 	: 	: 	: 	: 	: 	: 	: 	: 	: 	: 	: 	: 	: 	: 	: 	: 	: 	: 	: 	: 	: 	: 	: 	: 	: 	: 	: 	: 	: 	: 	: 	: 	: 	: 
PAS,PAS_CRD_ARR,SK_LZIB_EL_LGAV	4426 	4320 	1547 	1323 	1543 	1560 	1393 	1398 	1529 	5704 	6817 	6163 	6286 	1797 	1612 	2295 	2315 	2337 	2165 	2018 	2095 	2050 	2180 	2001 	2105 	24970 	6949 	7930 	6051 	218 	2494 	2026 	2429 	2470 	2819 	2641 	2077 	1971 	2003 	: 	: 	218 	21148 	: 	: 	: 	: 	: 	: 	: 	: 	: 	: 	: 	: 	: 	: 	: 	: 	: 	: 	: 	: 	: 	: 	: 	: 	: 	: 	: 	: 	: 	: 	: 	: 	: 	: 	: 	: 	: 	: 	: 	: 	: 	: 	: 	: 	: 	: 	: 	: 	: 	: 	: 	: 	: 	: 	: 	: 	: 	: 	: 	: 	: 	: 	: 	: 	: 	: 	: 	: 	: 	: 	: 	: 	: 	: 	: 	: 	: 	: 	: 	: 	: 	: 	: 	: 	: 	: 	: 	: 	: 	: 	: 	: 	: 	: 	: 	: 	: 	: 	: 	: 	: 	: 	: 	: 	: 	: 	: 	: 	: 	: 	: 	: 	: 	: 	: 	: 	: 	: 	: 	: 	: 	: 	: 	: 	: 	: 	: 	: 	: 	: 	: 	: 	: 	: 	: 	: 	: 	: 	: 	: 	: 	: 	: 	: 	: 	: 	: 	: 	: 	: 	: 	: 	: 	: 	: 	: 	: 	: 	: 	: 	: 	: 	: 	: 	: 	: 	: 	: 	: 	: 	: 	: 	: 	: 	: 	: 	: 	: 	: 	: 	: 	: 	: 	: 	: 	: 	: 	: 	: 	: 	: 	: 	: 	: 	: 
PAS,PAS_CRD_ARR,SK_LZIB_EL_LGIR	: 	: 	: 	: 	: 	: 	: 	: 	: 	274 	17448 	2078 	: 	: 	: 	274 	4780 	6312 	6356 	2078 	: 	: 	: 	: 	: 	19800 	151 	13217 	1531 	: 	: 	: 	151 	3856 	5103 	4258 	1531 	: 	: 	: 	: 	: 	14899 	268 	11335 	1098 	180 	168 	: 	100 	3449 	4375 	3511 	1098 	: 	: 	180 	: 	: 	12881 	112 	9355 	1280 	: 	112 	: 	: 	2251 	3789 	3315 	1280 	: 	: 	: 	: 	: 	10747 	: 	: 	: 	: 	: 	: 	: 	: 	: 	: 	: 	: 	: 	: 	: 	: 	: 	116 	8387 	1416 	: 	: 	: 	116 	2532 	2916 	2939 	1416 	: 	: 	: 	: 	: 	9919 	: 	8753 	1312 	: 	: 	: 	: 	2446 	3087 	3220 	1309 	: 	3 	: 	: 	: 	10065 	: 	: 	: 	: 	: 	: 	: 	: 	: 	: 	: 	: 	: 	: 	: 	: 	: 	148 	10844 	1857 	: 	: 	97 	51 	3313 	3888 	3643 	1848 	9 	: 	: 	: 	: 	12849 	49 	8807 	1417 	: 	: 	: 	49 	2271 	3419 	3117 	1417 	: 	: 	: 	: 	: 	10273 	371 	10239 	1642 	: 	149 	: 	222 	2884 	3349 	4006 	1640 	2 	: 	: 	: 	: 	12252 	: 	: 	: 	: 	: 	: 	: 	: 	: 	: 	: 	: 	: 	: 	: 	: 	: 	: 	: 	: 	: 	: 	: 	: 	: 	: 	: 	: 	: 	: 	: 	: 	: 	: 	: 	: 	: 	: 	: 	: 	: 	: 
PAS,PAS_CRD_ARR,SK_LZIB_EL_LGKR	: 	: 	: 	: 	: 	: 	: 	: 	: 	647 	9584 	1917 	: 	: 	: 	647 	2883 	3558 	3143 	1355 	547 	15 	: 	: 	: 	12148 	: 	: 	: 	: 	: 	: 	: 	: 	: 	: 	: 	: 	: 	: 	: 	: 	: 	: 	: 	: 	: 	: 	: 	: 	: 	: 	: 	: 	: 	: 	: 	: 	: 	: 	: 	: 	: 	: 	: 	: 	: 	: 	: 	: 	: 	: 	: 	: 	: 	: 	: 	: 	: 	: 	: 	: 	: 	: 	: 	: 	: 	: 	: 	: 	: 	: 	: 	: 	: 	: 	: 	: 	: 	: 	: 	: 	: 	: 	: 	: 	: 	: 	: 	: 	: 	: 	: 	: 	: 	: 	: 	: 	: 	: 	: 	: 	: 	: 	: 	: 	: 	: 	: 	: 	: 	: 	: 	: 	: 	: 	: 	: 	: 	: 	: 	: 	: 	: 	: 	: 	: 	: 	: 	: 	: 	: 	: 	: 	: 	: 	: 	: 	: 	: 	: 	: 	: 	: 	: 	: 	: 	: 	: 	: 	: 	: 	: 	: 	: 	: 	: 	: 	: 	: 	: 	: 	: 	: 	: 	: 	: 	: 	: 	: 	: 	: 	: 	: 	: 	: 	: 	: 	: 	: 	: 	: 	: 	: 	: 	: 	: 	: 	: 	: 	: 	: 	: 	: 	: 	: 	: 	: 	: 	: 	: 	: 	: 	: 	: 	: 	: 	: 	: 	: 	: 	: 	: 	: 	: 	: 	: 	: 
PAS,PAS_CRD_ARR,SK_LZIB_EL_LGRP	: 	: 	: 	: 	: 	: 	: 	: 	: 	184 	15382 	1879 	: 	: 	: 	184 	4643 	5584 	5155 	1879 	: 	: 	: 	: 	: 	17445 	138 	15476 	2582 	: 	: 	: 	138 	4201 	5749 	5526 	2582 	: 	: 	: 	: 	: 	18196 	157 	13909 	1958 	: 	: 	: 	157 	4089 	4923 	4897 	1958 	: 	: 	: 	: 	: 	16024 	: 	10312 	1710 	: 	: 	: 	: 	3068 	3488 	3756 	1710 	: 	: 	: 	: 	: 	12022 	315 	9656 	1268 	: 	: 	: 	315 	2783 	3216 	3657 	1268 	: 	: 	: 	: 	: 	11239 	271 	12410 	2400 	: 	: 	: 	271 	3526 	4378 	4506 	2400 	: 	: 	: 	: 	: 	15081 	326 	11373 	1594 	: 	: 	: 	326 	3352 	4215 	3806 	1594 	: 	: 	: 	: 	: 	13293 	296 	12447 	2074 	: 	: 	: 	296 	3357 	4644 	4446 	2074 	: 	: 	: 	: 	: 	14817 	358 	13353 	2359 	: 	: 	: 	358 	3999 	4670 	4684 	2359 	: 	: 	: 	: 	: 	16070 	255 	15796 	2941 	: 	: 	: 	255 	4486 	5601 	5709 	2941 	: 	: 	: 	: 	: 	18992 	964 	17448 	2999 	: 	: 	: 	964 	5161 	5816 	6471 	2999 	: 	: 	: 	: 	: 	21411 	: 	: 	: 	: 	: 	: 	: 	: 	: 	: 	: 	: 	: 	: 	: 	: 	: 	: 	: 	: 	: 	: 	: 	: 	: 	: 	: 	: 	: 	: 	: 	: 	: 	: 	: 	: 	: 	: 	: 	: 	: 	: 
PAS,PAS_CRD_ARR,SK_LZIB_ES_GCLP	: 	: 	: 	: 	: 	: 	: 	: 	: 	: 	: 	: 	: 	: 	: 	: 	: 	: 	: 	: 	: 	: 	: 	: 	: 	: 	: 	: 	: 	: 	: 	: 	: 	: 	: 	: 	: 	: 	: 	: 	: 	: 	: 	: 	: 	: 	: 	: 	: 	: 	: 	: 	: 	: 	: 	: 	: 	: 	: 	: 	: 	: 	: 	: 	: 	: 	: 	: 	: 	: 	: 	: 	: 	: 	: 	: 	: 	: 	: 	: 	: 	: 	: 	: 	: 	: 	: 	: 	: 	: 	: 	: 	: 	: 	4179 	4740 	4255 	1735 	1396 	1304 	1479 	1571 	1610 	1559 	1353 	1444 	1458 	1321 	414 	: 	14909 	: 	: 	: 	: 	: 	: 	: 	: 	: 	: 	: 	: 	: 	: 	: 	: 	: 	: 	: 	: 	: 	: 	: 	: 	: 	: 	: 	: 	: 	: 	: 	: 	: 	: 	: 	: 	: 	: 	: 	: 	: 	: 	: 	: 	: 	: 	: 	: 	: 	: 	: 	: 	: 	: 	: 	: 	: 	: 	: 	: 	: 	: 	: 	: 	: 	: 	: 	: 	: 	: 	: 	: 	: 	: 	: 	: 	: 	: 	: 	: 	: 	: 	: 	: 	: 	: 	: 	: 	: 	: 	: 	: 	: 	: 	: 	: 	: 	: 	: 	: 	: 	: 	: 	: 	: 	: 	: 	: 	: 	: 	: 	: 	: 	: 	: 	: 	: 	: 	: 	: 	: 	: 	: 	: 	: 	: 	: 
PAS,PAS_CRD_ARR,SK_LZIB_ES_LEAL	: 	: 	: 	: 	: 	: 	: 	: 	: 	: 	: 	: 	: 	: 	: 	: 	: 	: 	: 	: 	: 	: 	: 	: 	: 	: 	: 	: 	: 	: 	: 	: 	: 	: 	: 	: 	: 	: 	: 	: 	: 	: 	: 	: 	: 	: 	: 	: 	: 	: 	: 	: 	: 	: 	: 	: 	: 	: 	: 	: 	: 	: 	: 	: 	: 	: 	: 	: 	: 	: 	: 	: 	: 	: 	: 	: 	: 	: 	: 	: 	: 	: 	: 	: 	: 	: 	: 	: 	: 	: 	: 	: 	: 	: 	2053 	7100 	6130 	3809 	: 	: 	2053 	2278 	2508 	2314 	2145 	2012 	1973 	1679 	1157 	973 	19092 	3577 	4774 	4105 	3336 	864 	1350 	1363 	1572 	1607 	1595 	1335 	1424 	1346 	1341 	1045 	950 	15792 	3777 	5371 	1095 	: 	1040 	1301 	1436 	1429 	2364 	1578 	1095 	: 	: 	: 	: 	: 	10243 	: 	: 	: 	: 	: 	: 	: 	: 	: 	: 	: 	: 	: 	: 	: 	: 	: 	: 	: 	: 	: 	: 	: 	: 	: 	: 	: 	: 	: 	: 	: 	: 	: 	: 	: 	: 	: 	: 	: 	: 	: 	: 	: 	: 	: 	: 	: 	: 	: 	: 	: 	: 	: 	: 	: 	: 	: 	: 	: 	: 	: 	: 	: 	: 	: 	: 	: 	: 	: 	: 	: 	: 	: 	: 	: 	: 	: 	: 	: 	: 	: 	: 	: 	: 	: 	: 	: 	: 	: 	: 	: 	: 	: 
PAS,PAS_CRD_ARR,SK_LZIB_ES_LEBL	: 	: 	: 	: 	: 	: 	: 	: 	: 	: 	: 	: 	: 	: 	: 	: 	: 	: 	: 	: 	: 	: 	: 	: 	: 	: 	: 	: 	: 	: 	: 	: 	: 	: 	: 	: 	: 	: 	: 	: 	: 	: 	: 	: 	: 	: 	: 	: 	: 	: 	: 	: 	: 	: 	: 	: 	: 	: 	: 	: 	: 	: 	: 	: 	: 	: 	: 	: 	: 	: 	: 	: 	: 	: 	: 	: 	: 	: 	: 	: 	: 	: 	: 	: 	: 	: 	: 	: 	: 	: 	: 	: 	: 	: 	: 	: 	: 	: 	: 	: 	: 	: 	: 	: 	: 	: 	: 	: 	: 	: 	: 	: 	: 	: 	: 	: 	: 	: 	: 	: 	: 	: 	: 	: 	: 	: 	: 	: 	: 	: 	: 	: 	: 	: 	: 	: 	: 	: 	: 	: 	: 	: 	: 	: 	: 	: 	: 	: 	: 	: 	: 	: 	: 	: 	: 	: 	: 	: 	: 	: 	: 	: 	2101 	6080 	4148 	2733 	462 	154 	1485 	2016 	2017 	2047 	1706 	1321 	1121 	1085 	912 	736 	15062 	3288 	7561 	4437 	2090 	972 	855 	1461 	2538 	2750 	2273 	1795 	1334 	1308 	799 	651 	640 	17376 	: 	: 	: 	: 	: 	: 	: 	: 	: 	: 	: 	: 	: 	: 	: 	: 	: 	: 	: 	: 	: 	: 	: 	: 	: 	: 	: 	: 	: 	: 	: 	: 	: 	: 	: 	: 	: 	: 	: 	: 	: 	: 
PAS,PAS_CRD_ARR,SK_LZIB_ES_LEGE	4413 	4417 	2522 	1509 	1542 	1362 	1562 	1406 	1449 	4495 	6252 	4069 	4046 	1538 	1425 	1532 	1575 	3143 	1534 	1225 	1466 	1378 	1152 	1535 	1359 	18862 	4224 	6044 	4105 	3779 	1159 	1506 	1559 	1405 	3049 	1590 	1405 	1431 	1269 	1484 	1158 	1137 	18152 	4378 	5914 	4000 	1 	1512 	1312 	1554 	1397 	2432 	2085 	1374 	1265 	1361 	: 	: 	1 	14293 	1689 	4576 	3825 	725 	: 	169 	1520 	1581 	1432 	1563 	1375 	1358 	1092 	725 	: 	: 	10815 	1530 	4958 	4034 	223 	: 	: 	1530 	1849 	1585 	1524 	1270 	1357 	1407 	223 	: 	: 	10745 	1363 	4560 	4238 	1921 	: 	: 	1363 	1559 	1427 	1574 	1486 	1451 	1301 	1921 	: 	: 	12082 	1996 	6846 	5187 	4956 	: 	: 	1996 	2200 	2447 	2199 	1998 	1765 	1424 	2112 	1531 	1313 	18985 	4801 	4372 	4138 	75 	1779 	1476 	1546 	1476 	1408 	1488 	1275 	1361 	1502 	75 	: 	: 	13386 	2158 	9522 	7571 	5617 	: 	: 	2158 	2965 	3354 	3203 	2833 	2480 	2258 	2311 	1983 	1323 	24868 	: 	: 	: 	: 	: 	: 	: 	: 	: 	: 	: 	: 	: 	: 	: 	: 	: 	: 	: 	: 	: 	: 	: 	: 	: 	: 	: 	: 	: 	: 	: 	: 	: 	: 	: 	: 	: 	: 	: 	: 	: 	: 	: 	: 	: 	: 	: 	: 	: 	: 	: 	: 	: 	: 	: 	: 	: 	: 	: 	: 	: 	: 	: 	: 	: 	: 	: 	: 	: 	: 	: 	: 	: 	: 	: 	: 
PAS,PAS_CRD_ARR,SK_LZIB_ES_LEMD	4833 	5127 	1811 	1607 	1631 	1595 	1621 	1804 	1702 	5554 	6994 	6518 	6631 	1907 	1446 	2201 	2237 	2530 	2227 	2227 	2178 	2113 	2175 	2162 	2294 	25697 	6835 	6909 	6038 	166 	2282 	2350 	2203 	2222 	2283 	2404 	1949 	2084 	2005 	166 	: 	: 	19948 	: 	: 	: 	: 	: 	: 	: 	: 	: 	: 	: 	: 	: 	: 	: 	: 	: 	: 	: 	: 	: 	: 	: 	: 	: 	: 	: 	: 	: 	: 	: 	: 	: 	: 	: 	: 	: 	: 	: 	: 	: 	: 	: 	: 	: 	: 	: 	: 	: 	: 	: 	: 	: 	: 	: 	: 	: 	: 	: 	: 	: 	: 	: 	: 	: 	: 	: 	: 	: 	: 	: 	: 	: 	: 	: 	: 	: 	: 	: 	: 	: 	: 	: 	: 	: 	: 	: 	: 	: 	: 	: 	: 	: 	: 	: 	: 	: 	: 	: 	: 	: 	: 	: 	: 	: 	: 	: 	: 	: 	: 	: 	: 	: 	: 	: 	: 	: 	: 	: 	: 	: 	: 	: 	: 	: 	: 	: 	: 	: 	: 	: 	: 	: 	: 	: 	: 	: 	: 	: 	: 	: 	: 	: 	: 	: 	: 	: 	: 	: 	: 	: 	: 	: 	: 	: 	: 	: 	: 	: 	: 	: 	: 	: 	: 	: 	: 	: 	: 	: 	: 	: 	: 	: 	: 	: 	: 	: 	: 	: 	: 	: 	: 	: 	: 	: 	: 	: 	: 	: 	: 	: 	: 	: 	: 	: 
PAS,PAS_CRD_ARR,SK_LZIB_ES_LEMG	: 	: 	: 	: 	: 	: 	: 	: 	: 	1411 	6994 	4507 	668 	: 	2 	1409 	2117 	2367 	2510 	1500 	1462 	1545 	668 	: 	: 	13580 	1803 	6806 	4497 	170 	8 	178 	1617 	1902 	2342 	2562 	1684 	1513 	1300 	170 	: 	: 	13276 	1760 	6729 	4256 	3 	: 	186 	1574 	1944 	2513 	2272 	1632 	1273 	1351 	2 	1 	: 	12748 	1806 	6609 	4305 	336 	: 	187 	1619 	2112 	2086 	2411 	1736 	1449 	1120 	336 	: 	: 	13056 	1578 	10293 	6265 	354 	: 	: 	1578 	3301 	3673 	3319 	2683 	1829 	1753 	354 	: 	: 	18490 	1375 	5848 	4399 	3678 	: 	: 	1375 	1588 	2100 	2160 	1645 	1433 	1321 	1461 	1150 	1067 	15300 	: 	: 	: 	: 	: 	: 	: 	: 	: 	: 	: 	: 	: 	: 	: 	: 	: 	: 	: 	: 	: 	: 	: 	: 	: 	: 	: 	: 	: 	: 	: 	: 	: 	: 	: 	: 	: 	: 	: 	: 	: 	: 	: 	: 	: 	: 	: 	: 	: 	: 	: 	: 	: 	: 	: 	: 	: 	: 	: 	: 	: 	: 	: 	: 	: 	: 	: 	: 	: 	: 	: 	: 	: 	: 	: 	: 	: 	: 	: 	: 	: 	: 	: 	: 	: 	: 	: 	: 	: 	: 	: 	: 	: 	: 	: 	: 	: 	: 	: 	: 	: 	: 	: 	: 	: 	: 	: 	: 	: 	: 	: 	: 	: 	: 	: 	: 	: 	: 	: 	: 	: 	: 	: 	: 	: 	: 	: 
PAS,PAS_CRD_ARR,SK_LZIB_ES_LEPA	: 	: 	: 	: 	: 	: 	: 	: 	: 	1599 	10962 	4819 	: 	: 	: 	1599 	3149 	3907 	3906 	2194 	1410 	1215 	: 	: 	: 	17380 	1795 	9160 	4438 	106 	: 	174 	1621 	2631 	3313 	3216 	1858 	1418 	1162 	106 	: 	: 	15499 	1078 	9151 	3435 	: 	: 	183 	895 	2795 	3090 	3266 	1670 	1254 	511 	: 	: 	: 	13664 	1846 	12464 	4425 	236 	: 	280 	1566 	3556 	4440 	4468 	1996 	1182 	1247 	236 	: 	: 	18971 	1296 	11797 	4499 	182 	: 	: 	1296 	3338 	4879 	3580 	2318 	1117 	1064 	182 	: 	: 	17774 	2689 	16413 	8044 	102 	: 	: 	2689 	4740 	5821 	5852 	3625 	2191 	2228 	102 	: 	: 	27248 	2607 	13476 	4483 	: 	: 	: 	2607 	3895 	4604 	4977 	3003 	1480 	: 	: 	: 	: 	20566 	: 	: 	: 	: 	: 	: 	: 	: 	: 	: 	: 	: 	: 	: 	: 	: 	: 	: 	: 	: 	: 	: 	: 	: 	: 	: 	: 	: 	: 	: 	: 	: 	: 	: 	: 	: 	: 	: 	: 	: 	: 	: 	: 	: 	: 	: 	: 	: 	: 	: 	: 	: 	: 	: 	: 	: 	: 	: 	: 	: 	: 	: 	: 	: 	: 	: 	: 	: 	: 	: 	: 	: 	: 	: 	: 	: 	: 	: 	: 	: 	: 	: 	: 	: 	: 	: 	: 	: 	: 	: 	: 	: 	: 	: 	: 	: 	: 	: 	: 	: 	: 	: 	: 	: 	: 	: 	: 	: 	: 	: 
PAS,PAS_CRD_ARR,SK_LZIB_FR_LFMN	: 	: 	: 	: 	: 	: 	: 	: 	: 	: 	: 	: 	: 	: 	: 	: 	: 	: 	: 	: 	: 	: 	: 	: 	: 	: 	: 	: 	: 	: 	: 	: 	: 	: 	: 	: 	: 	: 	: 	: 	: 	: 	: 	: 	: 	: 	: 	: 	: 	: 	: 	: 	: 	: 	: 	: 	: 	: 	: 	: 	: 	: 	: 	: 	: 	: 	: 	: 	: 	: 	: 	: 	: 	: 	: 	: 	: 	: 	: 	: 	: 	: 	: 	: 	: 	: 	: 	: 	: 	: 	: 	: 	: 	: 	: 	: 	: 	: 	: 	: 	: 	: 	: 	: 	: 	: 	: 	: 	: 	: 	: 	: 	: 	: 	: 	: 	: 	: 	: 	: 	: 	: 	: 	: 	: 	: 	: 	: 	: 	: 	: 	: 	: 	: 	: 	: 	: 	: 	: 	: 	: 	: 	: 	: 	: 	: 	: 	: 	: 	: 	: 	: 	: 	: 	: 	: 	: 	: 	: 	: 	: 	: 	: 	: 	: 	: 	: 	: 	: 	: 	: 	: 	: 	: 	: 	: 	: 	: 	: 	1435 	4839 	4396 	2359 	: 	: 	1435 	1530 	1689 	1620 	1489 	1582 	1325 	1039 	665 	655 	13029 	: 	: 	: 	: 	: 	: 	: 	: 	: 	: 	: 	: 	: 	: 	: 	: 	: 	: 	: 	: 	: 	: 	: 	: 	: 	: 	: 	: 	: 	: 	: 	: 	: 	: 	: 	: 	: 	: 	: 	: 	: 	: 
PAS,PAS_CRD_ARR,SK_LZIB_FR_LFOB	: 	: 	: 	: 	: 	: 	: 	: 	: 	2432 	5646 	4899 	: 	: 	386 	2046 	1661 	1945 	2040 	1181 	1706 	2012 	: 	: 	: 	12977 	2535 	6609 	6331 	119 	: 	159 	2376 	2109 	2193 	2307 	2188 	2108 	2035 	119 	: 	: 	15594 	1191 	6645 	5641 	: 	: 	: 	1191 	1938 	2400 	2307 	1488 	2116 	2037 	: 	: 	: 	13477 	1830 	6560 	6126 	150 	: 	: 	1830 	2104 	2184 	2272 	1970 	2253 	1903 	150 	: 	: 	14666 	2226 	7981 	8054 	4547 	: 	: 	2226 	2083 	2883 	3015 	2590 	2615 	2849 	1312 	1701 	1534 	22808 	6102 	8282 	8342 	5125 	1926 	1497 	2679 	2415 	2841 	3026 	2715 	2847 	2780 	1953 	1708 	1464 	27851 	6128 	7815 	7468 	6687 	1901 	1741 	2486 	2292 	2812 	2711 	2721 	2694 	2053 	2469 	2201 	2017 	28098 	: 	: 	: 	: 	: 	: 	: 	: 	: 	: 	: 	: 	: 	: 	: 	: 	: 	: 	: 	: 	: 	: 	: 	: 	: 	: 	: 	: 	: 	: 	: 	: 	: 	: 	: 	: 	: 	: 	: 	: 	: 	: 	: 	: 	: 	: 	: 	: 	: 	: 	: 	: 	: 	: 	: 	: 	: 	: 	: 	: 	: 	: 	: 	: 	: 	: 	: 	: 	: 	: 	: 	: 	: 	: 	: 	: 	: 	: 	: 	: 	: 	: 	: 	: 	: 	: 	: 	: 	: 	: 	: 	: 	: 	: 	: 	: 	: 	: 	: 	: 	: 	: 	: 	: 	: 	: 	: 	: 	: 	: 
PAS,PAS_CRD_ARR,SK_LZIB_FR_LFPO	: 	: 	: 	: 	: 	: 	: 	: 	: 	: 	: 	: 	: 	: 	: 	: 	: 	: 	: 	: 	: 	: 	: 	: 	: 	: 	: 	: 	: 	: 	: 	: 	: 	: 	: 	: 	: 	: 	: 	: 	: 	: 	: 	: 	: 	: 	: 	: 	: 	: 	: 	: 	: 	: 	: 	: 	: 	: 	: 	: 	: 	: 	: 	: 	: 	: 	: 	: 	: 	: 	: 	: 	: 	: 	: 	: 	: 	: 	: 	: 	: 	: 	: 	: 	: 	: 	: 	: 	: 	: 	: 	: 	: 	: 	: 	: 	: 	: 	: 	: 	: 	: 	: 	: 	: 	: 	: 	: 	: 	: 	: 	: 	: 	: 	: 	: 	: 	: 	: 	: 	: 	: 	: 	: 	: 	: 	: 	: 	: 	6726 	13974 	12261 	: 	: 	: 	: 	3774 	2952 	3475 	5456 	5043 	4149 	3862 	4250 	32961 	14245 	10531 	17012 	13267 	4877 	4505 	4863 	3899 	3104 	3528 	4441 	6538 	6033 	5344 	4203 	3720 	55055 	13813 	9306 	13612 	11454 	4627 	4556 	4630 	3254 	2907 	3145 	3904 	5066 	4642 	4774 	3964 	2716 	48185 	12650 	9971 	14207 	11122 	3899 	3967 	4784 	3963 	2846 	3162 	4343 	5397 	4467 	4275 	3622 	3225 	47950 	: 	: 	: 	: 	: 	: 	: 	: 	: 	: 	: 	: 	: 	: 	: 	: 	: 	: 	: 	: 	: 	: 	: 	: 	: 	: 	: 	: 	: 	: 	: 	: 	: 	: 	: 	: 	: 	: 	: 	: 	: 	: 
PAS,PAS_CRD_ARR,SK_LZIB_FR_LFSB	: 	: 	: 	: 	: 	: 	: 	: 	: 	: 	: 	: 	: 	: 	: 	: 	: 	: 	: 	: 	: 	: 	: 	: 	: 	: 	: 	: 	: 	: 	: 	: 	: 	: 	: 	: 	: 	: 	: 	: 	: 	: 	: 	: 	: 	: 	: 	: 	: 	: 	: 	: 	: 	: 	: 	: 	: 	: 	: 	: 	: 	: 	: 	: 	: 	: 	: 	: 	: 	: 	: 	: 	: 	: 	: 	: 	: 	: 	: 	: 	: 	: 	: 	: 	: 	: 	: 	: 	: 	: 	: 	: 	: 	: 	: 	: 	: 	: 	: 	: 	: 	: 	: 	: 	: 	: 	: 	: 	: 	: 	: 	: 	: 	: 	: 	: 	: 	: 	: 	: 	: 	: 	: 	: 	: 	: 	: 	: 	: 	: 	: 	: 	: 	: 	: 	: 	: 	: 	: 	: 	: 	: 	: 	: 	: 	: 	: 	: 	: 	: 	: 	: 	: 	: 	: 	: 	: 	: 	: 	: 	: 	: 	1292 	5480 	4067 	4151 	: 	: 	1292 	1563 	1930 	1987 	1385 	1323 	1359 	1657 	1404 	1090 	14990 	4271 	4847 	4334 	3312 	1349 	1300 	1622 	1567 	1475 	1805 	1461 	1368 	1505 	1312 	960 	1040 	16764 	: 	: 	: 	: 	: 	: 	: 	: 	: 	: 	: 	: 	: 	: 	: 	: 	: 	: 	: 	: 	: 	: 	: 	: 	: 	: 	: 	: 	: 	: 	: 	: 	: 	: 	: 	: 	: 	: 	: 	: 	: 	: 
PAS,PAS_CRD_ARR,SK_LZIB_IE_EICK	: 	: 	: 	: 	: 	: 	: 	: 	: 	: 	: 	: 	: 	: 	: 	: 	: 	: 	: 	: 	: 	: 	: 	: 	: 	: 	: 	: 	: 	: 	: 	: 	: 	: 	: 	: 	: 	: 	: 	: 	: 	: 	: 	: 	: 	: 	: 	: 	: 	: 	: 	: 	: 	: 	: 	: 	: 	: 	: 	: 	: 	: 	: 	: 	: 	: 	: 	: 	: 	: 	: 	: 	: 	: 	: 	: 	: 	: 	: 	: 	: 	: 	: 	: 	: 	: 	: 	: 	: 	: 	: 	: 	: 	: 	: 	: 	: 	: 	: 	: 	: 	: 	: 	: 	: 	: 	: 	: 	: 	: 	: 	: 	: 	: 	: 	: 	: 	: 	: 	: 	: 	: 	: 	: 	: 	: 	: 	: 	: 	: 	: 	: 	: 	: 	: 	: 	: 	: 	: 	: 	: 	: 	: 	: 	: 	793 	4781 	4208 	3768 	: 	: 	793 	1362 	1592 	1827 	1408 	1481 	1319 	1486 	1232 	1050 	13550 	: 	: 	: 	: 	: 	: 	: 	: 	: 	: 	: 	: 	: 	: 	: 	: 	: 	: 	: 	: 	: 	: 	: 	: 	: 	: 	: 	: 	: 	: 	: 	: 	: 	: 	: 	: 	: 	: 	: 	: 	: 	: 	: 	: 	: 	: 	: 	: 	: 	: 	: 	: 	: 	: 	: 	: 	: 	: 	: 	: 	: 	: 	: 	: 	: 	: 	: 	: 	: 	: 	: 	: 	: 	: 	: 	: 
PAS,PAS_CRD_ARR,SK_LZIB_IE_EIDW	16499 	15291 	5772 	5515 	5530 	5454 	5493 	4819 	4979 	17679 	16616 	16134 	15323 	5760 	6384 	5535 	5639 	5439 	5538 	5305 	5567 	5262 	5612 	4898 	4813 	65752 	15835 	15715 	15592 	14318 	5182 	5203 	5450 	4784 	5221 	5710 	5247 	5256 	5089 	5278 	4509 	4531 	61460 	14343 	12726 	11479 	9387 	5158 	4669 	4516 	4036 	4067 	4623 	4276 	3624 	3579 	3355 	2893 	3139 	47935 	11570 	13360 	12581 	9553 	4050 	3367 	4153 	4087 	4335 	4938 	4345 	4192 	4044 	3828 	2804 	2921 	47064 	9580 	11523 	11676 	8768 	3869 	2790 	2921 	2994 	4354 	4175 	3585 	4174 	3917 	3154 	2618 	2996 	41547 	9356 	12049 	11466 	10358 	3611 	2762 	2983 	4058 	3931 	4060 	4001 	3797 	3668 	3560 	3290 	3508 	43229 	11595 	13142 	10695 	8259 	3808 	3595 	4192 	3750 	4700 	4692 	4233 	3578 	2884 	3103 	2492 	2664 	43691 	9645 	10198 	9196 	6563 	3100 	2951 	3594 	3613 	3287 	3298 	3079 	3141 	2976 	2304 	2038 	2221 	35602 	13690 	25354 	19059 	16359 	3238 	4357 	6095 	7150 	8973 	9231 	6713 	6494 	5852 	6605 	5223 	4531 	74462 	18073 	15781 	13811 	11411 	6653 	6029 	5391 	6056 	4757 	4968 	4299 	5198 	4314 	4516 	3544 	3351 	59076 	12193 	11612 	10056 	2826 	4895 	3855 	3443 	3482 	4157 	3973 	3369 	3346 	3341 	1232 	800 	794 	36687 	: 	: 	: 	: 	: 	: 	: 	: 	: 	: 	: 	: 	: 	: 	: 	: 	: 	: 	: 	: 	: 	: 	: 	: 	: 	: 	: 	: 	: 	: 	: 	: 	: 	: 	: 	: 	: 	: 	: 	: 	: 	: 
PAS,PAS_CRD_ARR,SK_LZIB_IN_VIAR	: 	: 	: 	: 	: 	: 	: 	: 	: 	: 	: 	: 	: 	: 	: 	: 	: 	: 	: 	: 	: 	: 	: 	: 	: 	: 	: 	: 	: 	: 	: 	: 	: 	: 	: 	: 	: 	: 	: 	: 	: 	: 	: 	: 	: 	: 	: 	: 	: 	: 	: 	: 	: 	: 	: 	: 	: 	: 	: 	: 	: 	: 	: 	: 	: 	: 	: 	: 	: 	: 	: 	: 	: 	: 	: 	: 	: 	: 	: 	: 	: 	: 	: 	: 	: 	: 	: 	: 	: 	: 	: 	: 	: 	: 	: 	: 	: 	: 	: 	: 	: 	: 	: 	: 	: 	: 	: 	: 	: 	: 	: 	: 	: 	: 	: 	: 	: 	: 	: 	: 	: 	: 	: 	: 	: 	: 	: 	: 	: 	: 	: 	: 	: 	: 	: 	: 	: 	: 	: 	: 	: 	: 	: 	: 	: 	1742 	: 	2538 	7320 	685 	813 	244 	: 	: 	: 	163 	341 	2034 	2534 	2101 	2685 	11600 	: 	: 	: 	: 	: 	: 	: 	: 	: 	: 	: 	: 	: 	: 	: 	: 	: 	: 	: 	: 	: 	: 	: 	: 	: 	: 	: 	: 	: 	: 	: 	: 	: 	: 	: 	: 	: 	: 	: 	: 	: 	: 	: 	: 	: 	: 	: 	: 	: 	: 	: 	: 	: 	: 	: 	: 	: 	: 	: 	: 	: 	: 	: 	: 	: 	: 	: 	: 	: 	: 	: 	: 	: 	: 	: 	: 
PAS,PAS_CRD_ARR,SK_LZIB_IT_LICT	: 	: 	: 	: 	: 	: 	: 	: 	: 	1452 	4679 	4179 	: 	: 	: 	1452 	1614 	1445 	1620 	1462 	1425 	1292 	: 	: 	: 	10310 	: 	: 	: 	: 	: 	: 	: 	: 	: 	: 	: 	: 	: 	: 	: 	: 	: 	1715 	4355 	3813 	: 	: 	169 	1546 	1365 	1411 	1579 	1342 	1176 	1295 	: 	: 	: 	9883 	: 	: 	: 	: 	: 	: 	: 	: 	: 	: 	: 	: 	: 	: 	: 	: 	: 	: 	: 	: 	: 	: 	: 	: 	: 	: 	: 	: 	: 	: 	: 	: 	: 	: 	: 	: 	: 	: 	: 	: 	: 	: 	: 	: 	: 	: 	: 	: 	: 	: 	: 	: 	: 	: 	: 	: 	: 	: 	: 	: 	: 	: 	: 	: 	: 	: 	: 	: 	: 	: 	: 	: 	: 	: 	: 	: 	: 	: 	: 	: 	: 	: 	: 	: 	: 	: 	: 	: 	: 	: 	: 	: 	: 	: 	: 	: 	: 	: 	: 	: 	: 	: 	: 	: 	: 	: 	: 	: 	: 	: 	: 	: 	: 	: 	: 	: 	: 	: 	: 	: 	: 	: 	: 	: 	: 	: 	: 	: 	: 	: 	: 	: 	: 	: 	: 	: 	: 	: 	: 	: 	: 	: 	: 	: 	: 	: 	: 	: 	: 	: 	: 	: 	: 	: 	: 	: 	: 	: 	: 	: 	: 	: 	: 	: 	: 	: 	: 	: 	: 	: 	: 	: 	: 	: 	: 	: 	: 	: 
PAS,PAS_CRD_ARR,SK_LZIB_IT_LIEA	: 	: 	: 	: 	: 	: 	: 	: 	: 	1614 	4659 	4333 	4086 	: 	: 	1614 	1431 	1619 	1609 	1328 	1461 	1544 	1430 	1300 	1356 	14692 	4167 	4317 	3744 	3835 	1808 	1146 	1213 	1620 	1442 	1255 	1254 	1248 	1242 	1432 	1276 	1127 	16063 	4857 	5397 	3610 	3092 	1588 	1483 	1786 	2425 	1437 	1535 	1355 	1058 	1197 	1356 	870 	866 	16956 	3979 	4726 	3633 	279 	1426 	1087 	1466 	1583 	1617 	1526 	1144 	1155 	1334 	279 	: 	: 	12617 	: 	: 	: 	: 	: 	: 	: 	: 	: 	: 	: 	: 	: 	: 	: 	: 	: 	: 	: 	: 	: 	: 	: 	: 	: 	: 	: 	: 	: 	: 	: 	: 	: 	: 	: 	: 	: 	: 	: 	: 	: 	: 	: 	: 	: 	: 	: 	: 	: 	: 	: 	: 	: 	: 	: 	: 	: 	: 	: 	: 	: 	: 	: 	: 	: 	: 	: 	: 	: 	: 	: 	: 	: 	: 	: 	: 	: 	: 	: 	: 	: 	: 	: 	: 	: 	: 	: 	: 	: 	: 	: 	: 	: 	: 	: 	: 	: 	: 	: 	: 	: 	: 	: 	: 	: 	: 	: 	: 	: 	: 	: 	: 	: 	: 	: 	: 	: 	: 	: 	: 	: 	: 	: 	: 	: 	: 	: 	: 	: 	: 	: 	: 	: 	: 	: 	: 	: 	: 	: 	: 	: 	: 	: 	: 	: 	: 	: 	: 	: 	: 	: 	: 	: 	: 	: 	: 	: 	: 	: 	: 	: 
PAS,PAS_CRD_ARR,SK_LZIB_IT_LIME	9226 	8705 	3244 	3021 	3208 	2997 	2989 	2778 	2938 	9470 	9248 	8812 	8693 	3192 	3099 	3179 	2964 	3112 	3172 	2710 	3133 	2969 	2915 	2852 	2926 	36223 	9539 	9308 	9294 	8191 	3446 	3061 	3032 	2996 	3137 	3175 	3138 	3170 	2986 	3104 	2572 	2515 	36332 	9072 	8902 	6415 	7842 	3099 	2924 	3049 	2884 	2869 	3149 	2514 	1099 	2802 	2981 	2562 	2299 	32231 	10449 	10266 	10111 	7971 	3452 	3324 	3673 	3121 	3714 	3431 	3387 	3254 	3470 	2908 	2485 	2578 	38797 	10551 	10819 	8851 	9104 	3470 	3057 	4024 	3607 	3599 	3613 	3146 	3123 	2582 	3291 	2877 	2936 	39325 	10469 	10457 	10376 	11908 	3908 	3224 	3337 	3367 	3478 	3612 	3349 	3481 	3546 	4344 	3923 	3641 	43210 	12947 	10320 	9102 	12303 	4916 	4430 	3601 	3181 	3356 	3783 	3120 	3175 	2807 	4628 	4111 	3564 	44672 	13458 	13084 	12235 	15980 	4581 	4393 	4484 	4015 	4295 	4774 	4107 	4114 	4014 	5649 	5410 	4921 	54757 	16879 	13490 	13378 	12513 	6295 	5582 	5002 	4436 	4461 	4593 	4162 	4596 	4620 	4774 	4193 	3546 	56260 	13390 	13993 	14151 	18070 	4840 	3939 	4611 	4239 	4788 	4966 	4565 	4665 	4921 	6913 	6109 	5048 	59604 	21127 	20924 	20393 	18107 	7670 	6578 	6879 	6478 	7675 	6771 	6194 	6704 	7495 	7382 	5794 	4931 	80551 	: 	: 	: 	: 	: 	: 	: 	: 	: 	: 	: 	: 	: 	: 	: 	: 	: 	: 	: 	: 	: 	: 	: 	: 	: 	: 	: 	: 	: 	: 	: 	: 	: 	: 	: 	: 	: 	: 	: 	: 	: 	: 
PAS,PAS_CRD_ARR,SK_LZIB_IT_LIPE	: 	: 	: 	: 	: 	: 	: 	: 	: 	: 	: 	: 	: 	: 	: 	: 	: 	: 	: 	: 	: 	: 	: 	: 	: 	: 	: 	: 	: 	: 	: 	: 	: 	: 	: 	: 	: 	: 	: 	: 	: 	: 	: 	: 	: 	: 	: 	: 	: 	: 	: 	: 	: 	: 	: 	: 	: 	: 	: 	: 	: 	: 	: 	: 	: 	: 	: 	: 	: 	: 	: 	: 	: 	: 	: 	: 	: 	: 	: 	: 	: 	: 	: 	: 	: 	: 	: 	: 	: 	: 	: 	: 	: 	: 	: 	: 	: 	: 	: 	: 	: 	: 	: 	: 	: 	: 	: 	: 	: 	: 	: 	1830 	5524 	4488 	4065 	9 	: 	1821 	1825 	1893 	1806 	1544 	1604 	1340 	1702 	1330 	1033 	15907 	: 	: 	: 	: 	: 	: 	: 	: 	: 	: 	: 	: 	: 	: 	: 	: 	: 	: 	: 	: 	: 	: 	: 	: 	: 	: 	: 	: 	: 	: 	: 	: 	: 	: 	: 	: 	: 	: 	: 	: 	: 	: 	: 	: 	: 	: 	: 	: 	: 	: 	: 	: 	: 	: 	: 	: 	: 	: 	: 	: 	: 	: 	: 	: 	: 	: 	: 	: 	: 	: 	: 	: 	: 	: 	: 	: 	: 	: 	: 	: 	: 	: 	: 	: 	: 	: 	: 	: 	: 	: 	: 	: 	: 	: 	: 	: 	: 	: 	: 	: 	: 	: 	: 	: 	: 	: 	: 	: 	: 	: 
PAS,PAS_CRD_ARR,SK_LZIB_IT_LIRA	6900 	6598 	2272 	2278 	2494 	2128 	2481 	2084 	2033 	5388 	6830 	6258 	6482 	2044 	2259 	1085 	2146 	2488 	2196 	1923 	2230 	2105 	2352 	2002 	2128 	24958 	7163 	9143 	8508 	5960 	2355 	1801 	3007 	3109 	3100 	2934 	2714 	2987 	2807 	2291 	1663 	2006 	30774 	6827 	8760 	8195 	3419 	2062 	2162 	2603 	2850 	3136 	2774 	2837 	2716 	2642 	1440 	1028 	951 	27201 	5109 	6739 	6477 	3266 	1418 	1437 	2254 	2171 	2315 	2253 	2166 	2336 	1975 	1327 	1027 	912 	21591 	4278 	6091 	6386 	4768 	1112 	1037 	2129 	1560 	2397 	2134 	2112 	2128 	2146 	1956 	1354 	1458 	21523 	5916 	6689 	6280 	5325 	2128 	1809 	1979 	2130 	2240 	2319 	2106 	2095 	2079 	2202 	1664 	1459 	24210 	5891 	6369 	5473 	4700 	1918 	1927 	2046 	2060 	2201 	2108 	2041 	1980 	1452 	2045 	1375 	1280 	22433 	: 	: 	: 	: 	: 	: 	: 	: 	: 	: 	: 	: 	: 	: 	: 	: 	: 	: 	: 	: 	: 	: 	: 	: 	: 	: 	: 	: 	: 	: 	: 	: 	: 	: 	: 	: 	: 	: 	: 	: 	: 	: 	: 	: 	: 	: 	: 	: 	: 	: 	: 	: 	: 	: 	: 	: 	: 	: 	: 	: 	: 	: 	: 	: 	: 	: 	: 	: 	: 	: 	: 	: 	: 	: 	: 	: 	: 	: 	: 	: 	: 	: 	: 	: 	: 	: 	: 	: 	: 	: 	: 	: 	: 	: 	: 	: 	: 	: 	: 	: 	: 	: 	: 	: 	: 	: 	: 	: 	: 	: 
PAS,PAS_CRD_ARR,SK_LZIB_IT_LIRF	: 	: 	: 	: 	: 	: 	: 	: 	: 	: 	: 	: 	: 	: 	: 	: 	: 	: 	: 	: 	: 	: 	: 	: 	: 	: 	: 	: 	: 	: 	: 	: 	: 	: 	: 	: 	: 	: 	: 	: 	: 	: 	: 	: 	: 	: 	: 	: 	: 	: 	: 	: 	: 	: 	: 	: 	: 	: 	: 	: 	: 	: 	: 	: 	: 	: 	: 	: 	: 	: 	: 	: 	: 	: 	: 	: 	: 	: 	: 	: 	: 	: 	: 	: 	: 	: 	: 	: 	: 	: 	: 	: 	: 	: 	: 	: 	: 	: 	: 	: 	: 	: 	: 	: 	: 	: 	: 	: 	: 	: 	: 	: 	: 	: 	: 	: 	: 	: 	: 	: 	: 	: 	: 	: 	: 	: 	: 	: 	6392 	4445 	8255 	7206 	2035 	2186 	2171 	933 	1831 	1681 	1908 	3251 	3096 	2863 	2288 	2055 	26298 	9005 	6333 	9298 	8001 	3107 	2848 	3050 	2418 	2066 	1849 	2391 	3556 	3351 	3615 	2562 	1824 	32637 	9027 	7006 	7997 	6137 	3345 	2835 	2847 	2303 	2386 	2317 	2341 	2742 	2914 	2983 	1576 	1578 	30167 	7296 	6721 	6961 	4566 	2508 	2276 	2512 	2283 	2325 	2113 	2130 	2455 	2376 	2093 	1376 	1097 	25544 	: 	: 	: 	: 	: 	: 	: 	: 	: 	: 	: 	: 	: 	: 	: 	: 	: 	: 	: 	: 	: 	: 	: 	: 	: 	: 	: 	: 	: 	: 	: 	: 	: 	: 	: 	: 	: 	: 	: 	: 	: 	: 
PAS,PAS_CRD_ARR,SK_LZIB_IT_LIRP	: 	: 	: 	: 	: 	: 	: 	: 	: 	: 	: 	: 	: 	: 	: 	: 	: 	: 	: 	: 	: 	: 	: 	: 	: 	: 	: 	: 	: 	: 	: 	: 	: 	: 	: 	: 	: 	: 	: 	: 	: 	: 	: 	: 	: 	: 	: 	: 	: 	: 	: 	: 	: 	: 	: 	: 	: 	: 	: 	: 	: 	: 	: 	: 	: 	: 	: 	: 	: 	: 	: 	: 	: 	: 	: 	: 	: 	: 	: 	: 	: 	: 	: 	: 	: 	: 	: 	: 	: 	: 	: 	: 	: 	: 	: 	: 	: 	: 	: 	: 	: 	: 	: 	: 	: 	: 	: 	: 	: 	: 	: 	915 	3669 	2916 	1988 	: 	: 	915 	1140 	1314 	1215 	994 	938 	984 	780 	627 	581 	9488 	: 	: 	: 	: 	: 	: 	: 	: 	: 	: 	: 	: 	: 	: 	: 	: 	: 	: 	: 	: 	: 	: 	: 	: 	: 	: 	: 	: 	: 	: 	: 	: 	: 	: 	: 	: 	: 	: 	: 	: 	: 	: 	: 	: 	: 	: 	: 	: 	: 	: 	: 	: 	: 	: 	: 	: 	: 	: 	: 	: 	: 	: 	: 	: 	: 	: 	: 	: 	: 	: 	: 	: 	: 	: 	: 	: 	: 	: 	: 	: 	: 	: 	: 	: 	: 	: 	: 	: 	: 	: 	: 	: 	: 	: 	: 	: 	: 	: 	: 	: 	: 	: 	: 	: 	: 	: 	: 	: 	: 	: 
PAS,PAS_CRD_ARR,SK_LZIB_MK_LWSK	4128 	4013 	2123 	1428 	1411 	1289 	1520 	1041 	1452 	3871 	4312 	3881 	152 	1265 	1219 	1387 	1477 	1471 	1364 	1229 	1367 	1285 	152 	0 	0 	12216 	: 	: 	: 	: 	: 	: 	: 	: 	: 	: 	: 	: 	: 	: 	: 	: 	: 	: 	: 	: 	: 	: 	: 	: 	: 	: 	: 	: 	: 	: 	: 	: 	: 	: 	: 	: 	: 	: 	: 	: 	: 	: 	: 	: 	: 	: 	: 	: 	: 	: 	: 	: 	: 	: 	: 	: 	: 	: 	: 	: 	: 	: 	: 	: 	: 	: 	: 	: 	: 	: 	: 	: 	: 	: 	: 	: 	: 	: 	: 	: 	: 	: 	: 	: 	: 	: 	: 	: 	: 	: 	: 	: 	: 	: 	: 	: 	: 	: 	: 	: 	: 	: 	: 	: 	: 	: 	: 	: 	: 	: 	: 	: 	: 	: 	: 	: 	: 	: 	: 	: 	: 	: 	: 	: 	: 	: 	: 	: 	: 	: 	: 	: 	: 	: 	: 	: 	: 	: 	: 	: 	: 	: 	: 	: 	: 	: 	: 	: 	: 	: 	: 	: 	: 	: 	: 	: 	: 	: 	: 	: 	: 	: 	: 	: 	: 	: 	: 	: 	: 	: 	: 	: 	: 	: 	: 	: 	: 	: 	: 	: 	: 	: 	: 	: 	: 	: 	: 	: 	: 	: 	: 	: 	: 	: 	: 	: 	: 	: 	: 	: 	: 	: 	: 	: 	: 	: 	: 	: 	: 	: 	: 	: 
PAS,PAS_CRD_ARR,SK_LZIB_NL_EHAM	: 	: 	: 	: 	: 	: 	: 	: 	: 	: 	: 	: 	: 	: 	: 	: 	: 	: 	: 	: 	: 	: 	: 	: 	: 	: 	: 	: 	: 	: 	: 	: 	: 	: 	: 	: 	: 	: 	: 	: 	: 	: 	: 	: 	: 	: 	: 	: 	: 	: 	: 	: 	: 	: 	: 	: 	: 	: 	: 	: 	: 	: 	: 	: 	: 	: 	: 	: 	: 	: 	: 	: 	: 	: 	: 	: 	: 	: 	: 	: 	: 	: 	: 	: 	: 	: 	: 	: 	: 	: 	: 	: 	: 	: 	: 	: 	: 	: 	: 	: 	: 	: 	: 	: 	: 	: 	: 	: 	: 	: 	: 	: 	: 	: 	: 	: 	: 	: 	: 	: 	: 	: 	: 	: 	: 	: 	: 	: 	: 	: 	: 	: 	: 	: 	: 	: 	: 	: 	: 	: 	: 	: 	: 	: 	: 	: 	: 	: 	: 	: 	: 	: 	: 	: 	: 	: 	: 	: 	: 	: 	: 	: 	2499 	6880 	8449 	7591 	: 	: 	2499 	2309 	2172 	2399 	2340 	3144 	2965 	3063 	2704 	1824 	25419 	6862 	7761 	8946 	5810 	2309 	1950 	2603 	2504 	2623 	2634 	2735 	3142 	3069 	2267 	2018 	1525 	29379 	: 	: 	: 	: 	: 	: 	: 	: 	: 	: 	: 	: 	: 	: 	: 	: 	: 	: 	: 	: 	: 	: 	: 	: 	: 	: 	: 	: 	: 	: 	: 	: 	: 	: 	: 	: 	: 	: 	: 	: 	: 	: 
PAS,PAS_CRD_ARR,SK_LZIB_RO_LRBS	: 	: 	: 	: 	: 	: 	: 	: 	: 	: 	: 	: 	: 	: 	: 	: 	: 	: 	: 	: 	: 	: 	: 	: 	: 	: 	: 	: 	: 	: 	: 	: 	: 	: 	: 	: 	: 	: 	: 	: 	: 	: 	: 	: 	: 	: 	: 	: 	: 	: 	: 	: 	: 	: 	: 	: 	: 	: 	: 	: 	: 	: 	: 	: 	: 	: 	: 	: 	: 	: 	: 	: 	: 	: 	: 	: 	: 	: 	: 	: 	: 	: 	: 	: 	: 	: 	: 	: 	: 	: 	: 	: 	: 	: 	: 	: 	: 	: 	: 	: 	: 	: 	: 	: 	: 	: 	: 	: 	: 	: 	: 	: 	: 	: 	: 	: 	: 	: 	: 	: 	: 	: 	: 	: 	: 	: 	: 	: 	: 	: 	: 	: 	: 	: 	: 	: 	: 	: 	: 	: 	: 	: 	: 	: 	: 	: 	: 	: 	: 	: 	: 	: 	: 	: 	: 	: 	: 	: 	: 	: 	: 	: 	: 	: 	: 	: 	: 	: 	: 	: 	: 	: 	: 	: 	: 	: 	: 	: 	: 	3993 	5389 	3929 	2262 	1185 	1190 	1618 	1874 	1808 	1707 	1348 	1211 	1370 	905 	765 	592 	15573 	: 	: 	: 	: 	: 	: 	: 	: 	: 	: 	: 	: 	: 	: 	: 	: 	: 	: 	: 	: 	: 	: 	: 	: 	: 	: 	: 	: 	: 	: 	: 	: 	: 	: 	: 	: 	: 	: 	: 	: 	: 	: 
PAS,PAS_CRD_ARR,SK_LZIB_RU_UUEE	: 	: 	: 	: 	: 	: 	: 	: 	: 	: 	: 	: 	: 	: 	: 	: 	: 	: 	: 	: 	: 	: 	: 	: 	: 	: 	: 	: 	: 	: 	: 	: 	: 	: 	: 	: 	: 	: 	: 	: 	: 	: 	: 	: 	: 	: 	: 	: 	: 	: 	: 	: 	: 	: 	: 	: 	: 	: 	: 	: 	: 	: 	: 	: 	: 	: 	: 	: 	: 	: 	: 	: 	: 	: 	: 	: 	: 	: 	: 	: 	: 	: 	: 	: 	: 	: 	: 	: 	: 	: 	: 	: 	: 	: 	: 	: 	: 	: 	: 	: 	: 	: 	: 	: 	: 	: 	: 	: 	: 	: 	: 	: 	: 	: 	: 	: 	: 	: 	: 	: 	: 	: 	: 	: 	: 	: 	: 	: 	: 	: 	: 	: 	: 	: 	: 	: 	: 	: 	: 	: 	: 	: 	: 	: 	: 	: 	: 	: 	: 	: 	: 	: 	: 	: 	: 	: 	: 	: 	: 	: 	: 	: 	: 	: 	: 	: 	: 	: 	: 	: 	: 	: 	: 	: 	: 	: 	: 	: 	: 	3107 	3369 	2717 	2552 	1013 	942 	1152 	1167 	1081 	1121 	995 	920 	802 	883 	878 	791 	11745 	: 	: 	: 	: 	: 	: 	: 	: 	: 	: 	: 	: 	: 	: 	: 	: 	: 	: 	: 	: 	: 	: 	: 	: 	: 	: 	: 	: 	: 	: 	: 	: 	: 	: 	: 	: 	: 	: 	: 	: 	: 	12158 
PAS,PAS_CRD_ARR,SK_LZIB_RU_UUWW	9362 	10019 	3082 	3150 	3083 	3129 	3791 	2701 	3527 	10289 	6903 	9422 	9050 	3651 	3255 	3383 	2901 	2109 	1893 	2013 	3784 	3625 	3104 	2855 	3091 	35664 	: 	: 	: 	: 	: 	: 	: 	: 	: 	: 	: 	: 	: 	: 	: 	: 	: 	: 	: 	: 	: 	: 	: 	: 	: 	: 	: 	: 	: 	: 	: 	: 	: 	: 	: 	: 	: 	: 	: 	: 	: 	: 	: 	: 	: 	: 	: 	: 	: 	: 	: 	2511 	3570 	2713 	2299 	890 	593 	1028 	1263 	1054 	1253 	860 	787 	1066 	880 	702 	717 	11093 	: 	: 	: 	: 	: 	: 	: 	: 	: 	: 	: 	: 	: 	: 	: 	: 	: 	: 	: 	: 	: 	: 	: 	: 	: 	: 	: 	: 	: 	: 	: 	: 	: 	: 	: 	: 	: 	: 	: 	: 	: 	: 	: 	: 	: 	: 	: 	: 	: 	: 	: 	: 	: 	: 	: 	: 	: 	: 	: 	: 	: 	: 	: 	: 	: 	: 	: 	: 	: 	: 	: 	: 	: 	: 	: 	: 	: 	: 	: 	: 	: 	: 	: 	: 	: 	: 	: 	: 	: 	: 	: 	: 	: 	: 	: 	: 	: 	: 	: 	: 	: 	: 	: 	: 	: 	: 	: 	: 	: 	: 	: 	: 	: 	: 	: 	: 	: 	: 	: 	: 	: 	: 	: 	: 	: 	: 	: 	: 	: 	: 	: 	: 	: 	: 	: 	: 	: 	: 	: 	: 	: 	: 	: 	: 
PAS,PAS_CRD_ARR,SK_LZIB_SE_ESKN	: 	: 	: 	: 	: 	: 	: 	: 	: 	: 	: 	: 	: 	: 	: 	: 	: 	: 	: 	: 	: 	: 	: 	: 	: 	: 	: 	: 	: 	: 	: 	: 	: 	: 	: 	: 	: 	: 	: 	: 	: 	: 	: 	: 	: 	: 	: 	: 	: 	: 	: 	: 	: 	: 	: 	: 	: 	: 	: 	: 	: 	: 	: 	: 	: 	: 	: 	: 	: 	: 	: 	: 	: 	: 	: 	: 	: 	: 	: 	: 	: 	: 	: 	: 	: 	: 	: 	: 	: 	: 	: 	: 	: 	: 	: 	: 	: 	: 	: 	: 	: 	: 	: 	: 	: 	: 	: 	: 	: 	: 	: 	3733 	5934 	5029 	3772 	943 	1084 	1706 	1795 	1774 	2365 	1930 	1624 	1475 	1719 	1030 	1023 	18468 	4583 	6004 	5791 	4154 	1683 	1068 	1832 	1913 	1918 	2173 	2093 	1753 	1945 	1495 	1523 	1136 	20532 	6073 	10418 	9585 	6055 	1518 	1464 	3091 	3764 	3158 	3496 	3259 	3422 	2904 	2542 	2051 	1462 	32131 	: 	: 	: 	: 	: 	: 	: 	: 	: 	: 	: 	: 	: 	: 	: 	: 	: 	: 	: 	: 	: 	: 	: 	: 	: 	: 	: 	: 	: 	: 	: 	: 	: 	: 	: 	: 	: 	: 	: 	: 	: 	: 	: 	: 	: 	: 	: 	: 	: 	: 	: 	: 	: 	: 	: 	: 	: 	: 	: 	: 	: 	: 	: 	: 	: 	: 	: 	: 	: 	: 	: 	: 	: 	: 	: 	: 
PAS,PAS_CRD_ARR,SK_LZIB_SK_LZKZ	: 	: 	: 	: 	: 	: 	: 	: 	: 	: 	: 	: 	: 	: 	: 	: 	: 	: 	: 	: 	: 	: 	: 	: 	: 	: 	: 	: 	: 	: 	: 	: 	: 	: 	: 	: 	: 	: 	: 	: 	: 	: 	: 	: 	: 	: 	: 	: 	: 	: 	: 	: 	: 	: 	: 	: 	: 	: 	: 	: 	: 	: 	: 	: 	: 	: 	: 	: 	: 	: 	: 	: 	: 	: 	: 	: 	: 	2755 	3866 	4078 	3347 	558 	801 	1396 	1205 	1320 	1341 	1302 	1457 	1319 	1328 	1081 	938 	14046 	3951 	3700 	4754 	3687 	1170 	1374 	1407 	1391 	1192 	1117 	1559 	1927 	1268 	1367 	1178 	1142 	16092 	4407 	4645 	5173 	5325 	1237 	1545 	1625 	1589 	1580 	1476 	1834 	1721 	1618 	1882 	1812 	1631 	19550 	6257 	11051 	18492 	16978 	1693 	2024 	2540 	2479 	4119 	4453 	6119 	6193 	6180 	5195 	5241 	6542 	52778 	20557 	25577 	27921 	24274 	6160 	7620 	6777 	8348 	8900 	8329 	9903 	8979 	9039 	8547 	7608 	8119 	98329 	25371 	22187 	23088 	17781 	6703 	8837 	9831 	7426 	7420 	7341 	7947 	8328 	6813 	6905 	5367 	5509 	88427 	14665 	15225 	15552 	12944 	4222 	5164 	5279 	5142 	5208 	4875 	5483 	5283 	4786 	4881 	3831 	4232 	58386 	: 	: 	: 	: 	: 	: 	: 	: 	: 	: 	: 	: 	: 	: 	: 	: 	: 	: 	: 	: 	: 	: 	: 	: 	: 	: 	: 	: 	: 	: 	: 	: 	: 	: 	: 	: 	: 	: 	: 	: 	: 	: 
PAS,PAS_CRD_ARR,SK_LZIB_TN_DTMB	: 	: 	: 	: 	: 	: 	: 	: 	: 	: 	: 	: 	: 	: 	: 	: 	: 	: 	: 	: 	: 	: 	: 	: 	: 	: 	: 	: 	: 	: 	: 	: 	: 	: 	: 	: 	: 	: 	: 	: 	: 	: 	: 	141 	13573 	1823 	: 	: 	: 	141 	3322 	5016 	5235 	1823 	: 	: 	: 	: 	: 	15537 	264 	13384 	1880 	: 	: 	: 	264 	2838 	5347 	5199 	1880 	: 	: 	: 	: 	: 	15528 	112 	13719 	2509 	: 	: 	: 	112 	2793 	5578 	5348 	2472 	37 	: 	: 	: 	: 	16340 	110 	10558 	825 	: 	: 	: 	110 	3058 	4006 	3494 	825 	: 	: 	: 	: 	: 	11493 	358 	11927 	1854 	: 	: 	: 	358 	3125 	4511 	4291 	1723 	131 	: 	: 	: 	: 	14139 	414 	11826 	2745 	: 	: 	: 	414 	3057 	4064 	4705 	2515 	230 	: 	: 	: 	: 	14985 	714 	16648 	3510 	: 	: 	: 	714 	4231 	6017 	6400 	3001 	509 	: 	: 	: 	: 	20872 	1331 	13321 	2845 	: 	: 	: 	1331 	3574 	4739 	5008 	2374 	471 	: 	: 	: 	: 	17497 	930 	11298 	2535 	: 	: 	: 	930 	3618 	3837 	3843 	2283 	252 	: 	: 	: 	: 	14763 	: 	: 	: 	: 	: 	: 	: 	: 	: 	: 	: 	: 	: 	: 	: 	: 	: 	: 	: 	: 	: 	: 	: 	: 	: 	: 	: 	: 	: 	: 	: 	: 	: 	: 	: 	: 	: 	: 	: 	: 	: 	10318 
PAS,PAS_CRD_ARR,SK_LZIB_TR_LTAI	3905 	10 	13582 	3721 	184 	: 	: 	6 	4 	712 	21164 	1745 	: 	: 	185 	527 	5749 	6948 	8467 	1745 	: 	: 	: 	: 	: 	23621 	1046 	56333 	9831 	512 	: 	178 	868 	13862 	21267 	21204 	9272 	559 	: 	329 	: 	183 	67722 	1445 	47267 	8659 	: 	: 	181 	1264 	12810 	17550 	16907 	7804 	855 	: 	: 	: 	: 	57371 	2280 	50801 	9634 	315 	182 	: 	2098 	13592 	18481 	18728 	9374 	260 	: 	315 	: 	: 	63030 	2633 	41191 	9361 	353 	: 	230 	2403 	11957 	14574 	14660 	8029 	634 	698 	353 	: 	: 	53538 	3362 	48113 	10778 	590 	: 	368 	2994 	13740 	16868 	17505 	9229 	756 	793 	590 	: 	: 	62843 	3477 	31186 	8623 	: 	: 	730 	2747 	8421 	11191 	11574 	7481 	1142 	: 	: 	: 	: 	43286 	1484 	27793 	6536 	: 	: 	: 	1484 	8059 	10296 	9438 	5568 	806 	162 	: 	: 	: 	35813 	135 	21612 	4649 	5 	: 	: 	135 	5807 	7878 	7927 	4649 	: 	: 	: 	: 	5 	26401 	400 	17001 	2761 	: 	: 	255 	145 	4565 	6281 	6155 	2761 	: 	: 	: 	: 	: 	20162 	416 	9402 	992 	5 	295 	: 	121 	2354 	3492 	3556 	992 	: 	: 	5 	: 	: 	10815 	: 	: 	: 	: 	: 	: 	: 	: 	: 	: 	: 	: 	: 	: 	: 	: 	: 	: 	: 	: 	: 	: 	: 	: 	: 	: 	: 	: 	: 	: 	: 	: 	: 	: 	: 	: 	: 	: 	: 	: 	: 	9941 
PAS,PAS_CRD_ARR,SK_LZIB_UK_EGBB	7058 	6669 	2392 	2373 	2344 	2341 	2324 	2153 	2192 	7142 	7328 	6864 	7567 	2528 	2337 	2277 	2233 	2731 	2364 	2307 	2357 	2200 	2406 	2628 	2533 	28901 	6807 	6939 	6693 	6549 	2624 	1794 	2389 	2210 	2359 	2370 	2302 	2287 	2104 	2287 	2103 	2159 	26988 	5737 	6448 	6659 	4020 	2105 	2064 	1568 	1531 	2350 	2567 	2015 	2458 	2186 	1411 	1237 	1372 	22864 	5383 	6777 	6504 	3799 	1721 	1415 	2247 	1956 	2528 	2293 	2193 	2196 	2115 	1295 	1281 	1223 	22463 	4761 	6569 	6206 	5812 	1763 	1127 	1871 	2002 	2278 	2289 	2138 	2259 	1809 	2191 	1794 	1827 	23348 	6220 	6680 	6603 	6115 	2256 	1890 	2074 	2039 	2317 	2324 	2188 	2207 	2208 	2152 	1902 	2061 	25618 	6404 	7010 	5843 	5522 	2208 	2106 	2090 	2090 	2451 	2469 	1989 	2157 	1697 	1977 	1865 	1680 	24779 	6255 	6372 	5732 	1502 	2233 	1757 	2265 	2102 	2254 	2016 	1854 	1798 	2080 	567 	414 	521 	19861 	6613 	11892 	5722 	8085 	2513 	2022 	2078 	3460 	4221 	4211 	1883 	1900 	1939 	3480 	2779 	1826 	32312 	: 	: 	: 	: 	: 	: 	: 	: 	: 	: 	: 	: 	: 	: 	: 	: 	: 	: 	: 	: 	: 	: 	: 	: 	: 	: 	: 	: 	: 	: 	: 	: 	: 	: 	: 	: 	: 	: 	: 	: 	: 	: 	: 	: 	: 	: 	: 	: 	: 	: 	: 	: 	: 	: 	: 	: 	: 	: 	: 	: 	: 	: 	: 	: 	: 	: 	: 	: 	: 	: 	: 	: 	: 	: 	: 	: 
PAS,PAS_CRD_ARR,SK_LZIB_UK_EGCC	6997 	6963 	2357 	2342 	2341 	2314 	2331 	2147 	2485 	7050 	7109 	6918 	: 	2493 	2275 	2282 	2255 	2321 	2533 	2321 	2305 	2292 	: 	: 	: 	21077 	: 	: 	: 	: 	: 	: 	: 	: 	: 	: 	: 	: 	: 	: 	: 	: 	: 	: 	: 	: 	: 	: 	: 	: 	: 	: 	: 	: 	: 	: 	: 	: 	: 	: 	: 	: 	: 	: 	: 	: 	: 	: 	: 	: 	: 	: 	: 	: 	: 	: 	: 	: 	: 	: 	: 	: 	: 	: 	: 	: 	: 	: 	: 	: 	: 	: 	: 	: 	: 	: 	: 	: 	: 	: 	: 	: 	: 	: 	: 	: 	: 	: 	: 	: 	: 	: 	: 	: 	: 	: 	: 	: 	: 	: 	: 	: 	: 	: 	: 	: 	: 	: 	359 	5150 	8049 	7255 	354 	5 	: 	: 	2413 	2737 	2306 	2876 	2867 	2800 	2345 	2110 	20813 	7725 	11023 	11144 	9688 	3012 	2159 	2554 	3174 	3954 	3895 	3642 	4056 	3446 	3817 	3083 	2788 	39580 	8715 	7053 	5653 	4178 	3416 	2936 	2363 	2265 	2520 	2268 	1991 	1906 	1756 	1476 	1274 	1428 	25599 	4437 	6061 	5236 	2931 	1545 	1263 	1629 	1947 	2036 	2078 	1669 	1839 	1728 	1114 	910 	907 	18665 	: 	: 	: 	: 	: 	: 	: 	: 	: 	: 	: 	: 	: 	: 	: 	: 	: 	: 	: 	: 	: 	: 	: 	: 	: 	: 	: 	: 	: 	: 	: 	: 	: 	: 	: 	: 	: 	: 	: 	: 	: 	: 
PAS,PAS_CRD_ARR,SK_LZIB_UK_EGGD	: 	: 	: 	: 	: 	: 	: 	: 	: 	: 	: 	: 	: 	: 	: 	: 	: 	: 	: 	: 	: 	: 	: 	: 	: 	: 	: 	: 	: 	: 	: 	: 	: 	: 	: 	: 	: 	: 	: 	: 	: 	: 	: 	: 	: 	: 	: 	: 	: 	: 	: 	: 	: 	: 	: 	: 	: 	: 	: 	: 	1583 	4402 	3926 	495 	: 	174 	1409 	1407 	1580 	1415 	1385 	1397 	1144 	495 	: 	: 	10406 	1320 	4387 	3839 	3380 	: 	311 	1009 	1325 	1565 	1497 	1210 	1391 	1238 	1155 	1216 	1009 	12926 	: 	: 	: 	: 	: 	: 	: 	: 	: 	: 	: 	: 	: 	: 	: 	: 	: 	4662 	4367 	3726 	3612 	1870 	1276 	1516 	1254 	1547 	1566 	1238 	1316 	1172 	1217 	1173 	1222 	16367 	3757 	4455 	3640 	2980 	1446 	1065 	1246 	1280 	1590 	1585 	1399 	1206 	1035 	1059 	887 	1034 	14832 	3868 	4045 	4465 	4516 	1072 	1107 	1689 	1157 	1376 	1512 	1226 	1527 	1712 	1758 	1427 	1331 	16894 	: 	: 	: 	: 	: 	: 	: 	: 	: 	: 	: 	: 	: 	: 	: 	: 	: 	: 	: 	: 	: 	: 	: 	: 	: 	: 	: 	: 	: 	: 	: 	: 	: 	: 	: 	: 	: 	: 	: 	: 	: 	: 	: 	: 	: 	: 	: 	: 	: 	: 	: 	: 	: 	: 	: 	: 	: 	: 	: 	: 	: 	: 	: 	: 	: 	: 	: 	: 	: 	: 	: 	: 	: 	: 	: 	: 
PAS,PAS_CRD_ARR,SK_LZIB_UK_EGGP	: 	: 	: 	: 	: 	: 	: 	: 	: 	: 	: 	: 	: 	: 	: 	: 	: 	: 	: 	: 	: 	: 	: 	: 	: 	: 	6939 	6881 	6830 	6629 	2591 	1958 	2390 	2160 	2346 	2375 	2324 	2305 	2201 	2297 	2077 	2255 	27279 	6285 	5699 	5157 	4304 	2122 	2037 	2126 	1550 	1642 	2507 	1372 	1579 	2206 	1446 	1302 	1556 	21445 	5434 	6555 	6479 	4843 	1778 	1462 	2194 	1918 	2506 	2131 	2144 	2199 	2136 	2001 	1302 	1540 	23311 	5017 	6480 	6075 	5706 	1748 	1263 	2006 	1988 	2227 	2265 	2084 	2144 	1847 	2121 	1742 	1843 	23278 	5459 	4442 	4065 	4050 	2225 	1847 	1387 	1276 	1578 	1588 	1262 	1359 	1444 	1354 	1248 	1448 	18016 	5065 	6268 	5074 	4844 	1680 	1406 	1979 	1904 	2068 	2296 	1936 	1720 	1418 	1920 	1468 	1456 	21251 	: 	: 	: 	: 	: 	: 	: 	: 	: 	: 	: 	: 	: 	: 	: 	: 	: 	: 	: 	: 	: 	: 	: 	: 	: 	: 	: 	: 	: 	: 	: 	: 	: 	: 	: 	: 	: 	: 	: 	: 	: 	: 	: 	: 	: 	: 	: 	: 	: 	: 	: 	: 	: 	: 	: 	: 	: 	: 	: 	: 	: 	: 	: 	: 	: 	: 	: 	: 	: 	: 	: 	: 	: 	: 	: 	: 	: 	: 	: 	: 	: 	: 	: 	: 	: 	: 	: 	: 	: 	: 	: 	: 	: 	: 	: 	: 	: 	: 	: 	: 	: 	: 	: 	: 	: 	: 	: 	: 	: 	: 
PAS,PAS_CRD_ARR,SK_LZIB_UK_EGGW	: 	: 	: 	: 	: 	: 	: 	: 	: 	3188 	9123 	8641 	8158 	: 	178 	3010 	2683 	3239 	3201 	2849 	2993 	2799 	2662 	2798 	2698 	29110 	8745 	9974 	9972 	7628 	3064 	2807 	2874 	2542 	3249 	4183 	3211 	3724 	3037 	2887 	2505 	2236 	36319 	9028 	9770 	8735 	7187 	2742 	2665 	3621 	3421 	3243 	3106 	3056 	2945 	2734 	2761 	2376 	2050 	34720 	8592 	9132 	8751 	5894 	3241 	2598 	2753 	2902 	3043 	3187 	2862 	3110 	2779 	2198 	1833 	1863 	32369 	7905 	10655 	10228 	6410 	2561 	2331 	3013 	3195 	3787 	3673 	3472 	3414 	3342 	2771 	1888 	1751 	35198 	9251 	15399 	13611 	11164 	2710 	1940 	4601 	4529 	5395 	5475 	4510 	4532 	4569 	4043 	3782 	3339 	49425 	13076 	14185 	10979 	618 	4586 	3946 	4544 	4453 	5194 	4538 	3800 	4036 	3143 	611 	3 	4 	38858 	13 	5959 	9665 	11913 	: 	: 	13 	4 	2812 	3143 	2592 	3461 	3612 	3910 	3576 	4427 	27550 	16198 	23627 	18037 	13850 	5604 	5128 	5466 	7103 	8351 	8173 	5687 	7016 	5334 	5976 	4633 	3241 	71712 	: 	: 	: 	: 	: 	: 	: 	: 	: 	: 	: 	: 	: 	: 	: 	: 	: 	128 	10096 	10826 	9513 	9 	4 	115 	3814 	3387 	2895 	3656 	3480 	3690 	3583 	3095 	2835 	30563 	: 	: 	: 	: 	: 	: 	: 	: 	: 	: 	: 	: 	: 	: 	: 	: 	: 	: 	: 	: 	: 	: 	: 	: 	: 	: 	: 	: 	: 	: 	: 	: 	: 	: 	: 	: 	: 	: 	: 	: 	: 	: 
PAS,PAS_CRD_ARR,SK_LZIB_UK_EGNM	4531 	4068 	1629 	1610 	1546 	1375 	1482 	1352 	1234 	: 	: 	: 	: 	: 	: 	: 	: 	: 	: 	: 	: 	: 	: 	: 	: 	: 	: 	: 	: 	: 	: 	: 	: 	: 	: 	: 	: 	: 	: 	: 	: 	: 	: 	: 	: 	: 	: 	: 	: 	: 	: 	: 	: 	: 	: 	: 	: 	: 	: 	: 	: 	: 	: 	: 	: 	: 	: 	: 	: 	: 	: 	: 	: 	: 	: 	: 	: 	: 	: 	: 	: 	: 	: 	: 	: 	: 	: 	: 	: 	: 	: 	: 	: 	: 	: 	: 	: 	: 	: 	: 	: 	: 	: 	: 	: 	: 	: 	: 	: 	: 	: 	: 	: 	: 	: 	: 	: 	: 	: 	: 	: 	: 	: 	: 	: 	: 	: 	: 	: 	: 	: 	: 	: 	: 	: 	: 	: 	: 	: 	: 	: 	: 	: 	: 	: 	: 	: 	: 	: 	: 	: 	: 	: 	: 	: 	: 	: 	: 	: 	: 	: 	: 	: 	: 	: 	: 	: 	: 	: 	: 	: 	: 	: 	: 	: 	: 	: 	: 	: 	: 	: 	: 	: 	: 	: 	: 	: 	: 	: 	: 	: 	: 	: 	: 	: 	: 	: 	: 	: 	: 	: 	: 	: 	: 	: 	: 	: 	: 	: 	: 	: 	: 	: 	: 	: 	: 	: 	: 	: 	: 	: 	: 	: 	: 	: 	: 	: 	: 	: 	: 	: 	: 	: 	: 	: 	: 	: 	: 
PAS,PAS_CRD_ARR,SK_LZIB_UK_EGNX	: 	: 	: 	: 	: 	: 	: 	: 	: 	: 	: 	: 	: 	: 	: 	: 	: 	: 	: 	: 	: 	: 	: 	: 	: 	: 	: 	: 	: 	: 	: 	: 	: 	: 	: 	: 	: 	: 	: 	: 	: 	: 	: 	: 	: 	: 	: 	: 	: 	: 	: 	: 	: 	: 	: 	: 	: 	: 	: 	: 	: 	: 	: 	: 	: 	: 	: 	: 	: 	: 	: 	: 	: 	: 	: 	: 	: 	: 	: 	: 	: 	: 	: 	: 	: 	: 	: 	: 	: 	: 	: 	: 	: 	: 	: 	: 	: 	: 	: 	: 	: 	: 	: 	: 	: 	: 	: 	: 	: 	: 	: 	: 	: 	: 	: 	: 	: 	: 	: 	: 	: 	: 	: 	: 	: 	: 	: 	: 	: 	809 	3932 	6376 	: 	: 	: 	: 	: 	809 	1212 	1324 	1396 	2120 	2189 	2067 	11117 	7182 	8216 	7497 	6704 	2420 	2251 	2511 	2485 	3021 	2710 	2655 	2534 	2308 	2526 	2276 	1902 	29599 	7826 	9036 	7511 	2389 	2609 	2430 	2787 	2840 	3100 	3096 	2534 	2605 	2372 	2124 	265 	: 	26762 	: 	: 	: 	: 	: 	: 	: 	: 	: 	: 	: 	: 	: 	: 	: 	: 	: 	: 	: 	: 	: 	: 	: 	: 	: 	: 	: 	: 	: 	: 	: 	: 	: 	: 	: 	: 	: 	: 	: 	: 	: 	: 	: 	: 	: 	: 	: 	: 	: 	: 	: 	: 	: 	: 	: 	: 	: 	: 	: 
PAS,PAS_CRD_ARR,SK_LZIB_UK_EGPH	4582 	4202 	2380 	1617 	1428 	1537 	1536 	1399 	1267 	4503 	5536 	4440 	700 	1581 	1398 	1524 	1399 	1614 	2523 	1609 	1569 	1262 	700 	: 	: 	15179 	1032 	5741 	4578 	177 	: 	: 	1032 	1563 	1616 	2562 	1435 	1607 	1536 	177 	: 	: 	11528 	1214 	5639 	4463 	: 	: 	: 	1214 	1572 	1723 	2344 	1402 	1575 	1486 	: 	: 	: 	11316 	2534 	6511 	6014 	349 	: 	315 	2219 	1882 	2437 	2192 	2033 	2078 	1903 	349 	: 	: 	15408 	1905 	4549 	5353 	3675 	: 	: 	1905 	2073 	882 	1594 	2142 	1921 	1290 	1248 	1271 	1156 	15482 	4567 	6513 	5685 	4279 	1114 	1317 	2136 	2008 	2237 	2268 	2070 	1727 	1888 	1881 	1150 	1248 	21044 	4908 	8643 	6845 	3590 	1149 	1255 	2504 	2733 	2870 	3040 	2492 	2466 	1887 	1475 	1124 	991 	23986 	4889 	8669 	6596 	4299 	1172 	1341 	2376 	2571 	3136 	2962 	2328 	2300 	1968 	1526 	1396 	1377 	24453 	: 	: 	: 	: 	: 	: 	: 	: 	: 	: 	: 	: 	: 	: 	: 	: 	: 	: 	: 	: 	: 	: 	: 	: 	: 	: 	: 	: 	: 	: 	: 	: 	: 	: 	: 	: 	: 	: 	: 	: 	: 	: 	: 	: 	: 	: 	: 	: 	: 	: 	: 	: 	: 	: 	: 	: 	: 	: 	: 	: 	: 	: 	: 	: 	: 	: 	: 	: 	: 	: 	: 	: 	: 	: 	: 	: 	: 	: 	: 	: 	: 	: 	: 	: 	: 	: 	: 	: 	: 	: 	: 	: 	: 
PAS,PAS_CRD_ARR,SK_LZIB_UK_EGSS	23353 	22659 	7080 	7701 	7940 	7712 	8041 	7311 	7307 	26960 	30565 	30933 	28029 	8452 	7921 	10587 	9773 	9618 	11174 	10504 	10865 	9564 	10334 	9518 	8177 	116487 	31153 	28223 	27984 	27060 	10448 	10004 	10701 	9909 	8333 	9981 	9376 	9731 	8877 	10319 	9047 	7694 	114420 	30046 	25351 	26583 	19884 	10878 	9438 	9730 	8374 	7909 	9068 	8689 	9326 	8568 	7141 	6620 	6123 	101864 	26376 	25597 	26866 	21621 	8762 	7717 	9897 	9275 	8070 	8252 	9206 	9367 	8293 	8352 	6678 	6591 	100460 	26980 	32000 	26253 	21652 	8491 	7903 	10586 	9969 	11243 	10788 	9831 	9367 	7055 	7863 	7066 	6723 	106885 	25659 	30768 	28158 	22890 	8542 	7454 	9663 	9169 	10646 	10953 	9386 	9355 	9417 	8517 	7215 	7158 	107475 	26907 	30660 	27030 	31737 	9073 	8243 	9591 	9328 	10506 	10826 	9691 	10024 	7315 	12424 	10238 	9075 	116334 	35803 	32161 	28332 	24815 	12249 	11571 	11983 	10786 	10791 	10584 	9357 	9657 	9318 	9159 	8096 	7560 	121111 	27429 	30902 	27200 	24323 	9413 	8785 	9231 	9655 	10706 	10541 	9094 	9812 	8294 	9218 	7868 	7237 	109854 	32849 	50559 	46224 	37378 	9280 	8993 	14576 	15658 	17592 	17309 	15033 	16320 	14871 	13892 	11839 	11647 	167010 	43022 	47326 	41218 	31999 	14488 	13926 	14608 	14629 	16587 	16110 	13535 	13916 	13767 	12969 	10120 	8910 	163565 	: 	: 	: 	: 	: 	: 	: 	: 	: 	: 	: 	: 	: 	: 	: 	: 	: 	: 	: 	: 	: 	: 	: 	: 	: 	: 	: 	: 	: 	: 	: 	: 	: 	: 	: 	: 	: 	: 	: 	: 	: 	: 
PAS,PAS_CRD_ARR,SK_LZKZ_AT_LOWW	7315 	5211 	2412 	2635 	2436 	2244 	2271 	1511 	1429 	6777 	7489 	7266 	5512 	2034 	2162 	2581 	2688 	2299 	2502 	2564 	2411 	2291 	2110 	1830 	1572 	27044 	6756 	8141 	8480 	5892 	1972 	2067 	2717 	2803 	2493 	2845 	3140 	2800 	2540 	2429 	1880 	1583 	29269 	6435 	7706 	7353 	5188 	1968 	2074 	2393 	2653 	2249 	2804 	2719 	2440 	2194 	1917 	1682 	1589 	26682 	6955 	7682 	7209 	5489 	2220 	2145 	2590 	2641 	2290 	2751 	2704 	2271 	2234 	2130 	1804 	1555 	27335 	6239 	7538 	6658 	5523 	1849 	2094 	2296 	2370 	2420 	2748 	2416 	2141 	2101 	2251 	1797 	1475 	25958 	7438 	5429 	5766 	4202 	3726 	1898 	1814 	1938 	1550 	1941 	1761 	2074 	1931 	1651 	1309 	1242 	22835 	4148 	4083 	3494 	2603 	1284 	1323 	1541 	1565 	1203 	1315 	1388 	1259 	847 	994 	860 	749 	14328 	3195 	2999 	2896 	2679 	950 	1026 	1219 	1199 	905 	895 	1096 	954 	846 	1107 	840 	732 	11769 	3432 	4277 	4535 	3814 	972 	1061 	1399 	1550 	1213 	1514 	1693 	1431 	1411 	1276 	1347 	1191 	16058 	4290 	4609 	4395 	3515 	1294 	1378 	1618 	1721 	1354 	1534 	1658 	1457 	1280 	1328 	1141 	1046 	16809 	3997 	4220 	3850 	3343 	1143 	1277 	1577 	1614 	1322 	1284 	1403 	1392 	1055 	1266 	1055 	1022 	15410 	: 	: 	: 	: 	: 	: 	: 	: 	: 	: 	: 	: 	: 	: 	: 	: 	: 	: 	: 	: 	: 	: 	: 	: 	: 	: 	: 	: 	: 	: 	: 	: 	: 	: 	: 	: 	: 	: 	: 	: 	: 	5663 
PAS,PAS_CRD_ARR,SK_LZKZ_BG_LBBG	: 	: 	: 	: 	: 	: 	: 	: 	: 	: 	14237 	250 	: 	: 	: 	: 	1478 	6578 	6181 	250 	: 	: 	: 	: 	: 	14487 	: 	12288 	72 	: 	: 	: 	: 	1275 	5456 	5557 	72 	: 	: 	: 	: 	: 	12360 	: 	12281 	330 	: 	: 	: 	: 	733 	6259 	5289 	330 	: 	: 	: 	: 	: 	12611 	: 	11447 	217 	: 	: 	: 	: 	663 	5830 	4954 	217 	: 	: 	: 	: 	: 	11664 	: 	11590 	186 	: 	: 	: 	: 	809 	5990 	4791 	186 	: 	: 	: 	: 	: 	11776 	: 	9176 	85 	: 	: 	: 	: 	778 	4286 	4112 	85 	: 	: 	: 	: 	: 	9261 	: 	: 	: 	: 	: 	: 	: 	: 	: 	: 	: 	: 	: 	: 	: 	: 	: 	: 	: 	: 	: 	: 	: 	: 	: 	: 	: 	: 	: 	: 	: 	: 	: 	: 	: 	: 	: 	: 	: 	: 	: 	: 	: 	: 	: 	: 	: 	: 	: 	: 	: 	: 	: 	: 	: 	: 	: 	: 	: 	: 	: 	: 	: 	: 	: 	: 	: 	: 	: 	: 	: 	: 	: 	: 	: 	: 	: 	: 	: 	: 	: 	: 	: 	: 	: 	: 	: 	: 	: 	: 	: 	: 	: 	: 	: 	: 	: 	: 	: 	: 	: 	: 	: 	: 	: 	: 	: 	: 	: 	: 	: 	: 	: 	: 	: 	: 	: 	: 	: 	: 	: 	: 	: 	: 	: 	: 	: 
PAS,PAS_CRD_ARR,SK_LZKZ_CZ_LKPR	5419 	3248 	1831 	1991 	1883 	1545 	1136 	1106 	1006 	5130 	6071 	4770 	3579 	1674 	1640 	1816 	2227 	1870 	1974 	1610 	1494 	1666 	1492 	1082 	1005 	19550 	5150 	5314 	5033 	4304 	1595 	1608 	1947 	1966 	1401 	1947 	1748 	1610 	1675 	1796 	1247 	1261 	19801 	5384 	5980 	6807 	4866 	1743 	1765 	1876 	2097 	1895 	1988 	2185 	2578 	2044 	1952 	1513 	1401 	23037 	7248 	6752 	6746 	5992 	2632 	2121 	2495 	2557 	1934 	2261 	2248 	2308 	2190 	2476 	1835 	1681 	26738 	7844 	6361 	8293 	7226 	2439 	2593 	2812 	2635 	1782 	1944 	2775 	2844 	2674 	2546 	2423 	2257 	29724 	9478 	9982 	11834 	9679 	3032 	2916 	3530 	3520 	3054 	3408 	4038 	4018 	3778 	3360 	3346 	2973 	40973 	12400 	12628 	11942 	10890 	3739 	4021 	4640 	4564 	3718 	4346 	4359 	4365 	3218 	4131 	3563 	3196 	47860 	13575 	14111 	13855 	10290 	4357 	4340 	4878 	4768 	4644 	4699 	5076 	4506 	4273 	3677 	3465 	3148 	51831 	16130 	23975 	24544 	19325 	4507 	4425 	7198 	8290 	7408 	8277 	8870 	8674 	7000 	7250 	6375 	5700 	83974 	20402 	14452 	13915 	11748 	7397 	7589 	5416 	4945 	4498 	5009 	5123 	4584 	4208 	4367 	3872 	3509 	60517 	14319 	15166 	13696 	10615 	5305 	4444 	4570 	5206 	5082 	4878 	4907 	4568 	4221 	3859 	3295 	3461 	53796 	: 	: 	: 	: 	: 	: 	: 	: 	: 	: 	: 	: 	: 	: 	: 	: 	: 	: 	: 	: 	: 	: 	: 	: 	: 	: 	: 	: 	: 	: 	: 	: 	: 	: 	: 	: 	: 	: 	: 	: 	: 	37177 
PAS,PAS_CRD_ARR,SK_LZKZ_EG_HEGN	: 	: 	: 	: 	: 	: 	: 	: 	: 	: 	: 	: 	: 	: 	: 	: 	: 	: 	: 	: 	: 	: 	: 	: 	: 	: 	: 	: 	: 	: 	: 	: 	: 	: 	: 	: 	: 	: 	: 	: 	: 	: 	: 	: 	: 	: 	: 	: 	: 	: 	: 	: 	: 	: 	: 	: 	: 	: 	: 	: 	: 	: 	: 	: 	: 	: 	: 	: 	: 	: 	: 	: 	: 	: 	: 	: 	: 	: 	: 	: 	: 	: 	: 	: 	: 	: 	: 	: 	: 	: 	: 	: 	: 	: 	: 	: 	: 	: 	: 	: 	: 	: 	: 	: 	: 	: 	: 	: 	: 	: 	: 	591 	5883 	1575 	: 	: 	: 	591 	1742 	1877 	2264 	1289 	286 	: 	: 	: 	: 	8049 	297 	6387 	2012 	: 	: 	: 	297 	1856 	2149 	2382 	1438 	574 	: 	: 	: 	: 	8696 	770 	7611 	2002 	: 	: 	: 	770 	2158 	2577 	2876 	1829 	173 	: 	: 	: 	: 	10383 	877 	5846 	1828 	: 	: 	: 	877 	1643 	2120 	2083 	1478 	350 	: 	: 	: 	: 	8551 	: 	: 	: 	: 	: 	: 	: 	: 	: 	: 	: 	: 	: 	: 	: 	: 	: 	: 	: 	: 	: 	: 	: 	: 	: 	: 	: 	: 	: 	: 	: 	: 	: 	: 	: 	: 	: 	: 	: 	: 	: 	: 	: 	: 	: 	: 	: 	: 	: 	: 	: 	: 	: 	: 	: 	: 	: 	: 	: 
PAS,PAS_CRD_ARR,SK_LZKZ_IE_EIDW	: 	: 	: 	: 	: 	: 	: 	: 	: 	: 	: 	: 	: 	: 	: 	: 	: 	: 	: 	: 	: 	: 	: 	: 	: 	: 	: 	: 	: 	: 	: 	: 	: 	: 	: 	: 	: 	: 	: 	: 	: 	: 	: 	: 	: 	: 	: 	: 	: 	: 	: 	: 	: 	: 	: 	: 	: 	: 	: 	: 	: 	: 	: 	: 	: 	: 	: 	: 	: 	: 	: 	: 	: 	: 	: 	: 	: 	: 	: 	: 	: 	: 	: 	: 	: 	: 	: 	: 	: 	: 	: 	: 	: 	: 	: 	: 	: 	: 	: 	: 	: 	: 	: 	: 	: 	: 	: 	: 	: 	: 	: 	: 	: 	: 	: 	: 	: 	: 	: 	: 	: 	: 	: 	: 	: 	: 	: 	: 	: 	: 	: 	: 	: 	: 	: 	: 	: 	: 	: 	: 	: 	: 	: 	: 	: 	870 	4559 	4438 	3801 	: 	: 	870 	1197 	1601 	1761 	1439 	1586 	1413 	1514 	1108 	1179 	13668 	: 	: 	: 	: 	: 	: 	: 	: 	: 	: 	: 	: 	: 	: 	: 	: 	: 	: 	: 	: 	: 	: 	: 	: 	: 	: 	: 	: 	: 	: 	: 	: 	: 	: 	: 	: 	: 	: 	: 	: 	: 	: 	: 	: 	: 	: 	: 	: 	: 	: 	: 	: 	: 	: 	: 	: 	: 	: 	: 	: 	: 	: 	: 	: 	: 	: 	: 	: 	: 	: 	: 	: 	: 	: 	: 	: 
PAS,PAS_CRD_ARR,SK_LZKZ_IT_LIME	: 	: 	: 	: 	: 	: 	: 	: 	: 	: 	: 	: 	: 	: 	: 	: 	: 	: 	: 	: 	: 	: 	: 	: 	: 	: 	3328 	3717 	914 	: 	884 	1205 	1239 	1104 	1331 	1282 	914 	: 	0 	: 	: 	: 	7959 	: 	: 	: 	: 	: 	: 	: 	: 	: 	: 	: 	: 	: 	: 	: 	: 	: 	: 	: 	: 	: 	: 	: 	: 	: 	: 	: 	: 	: 	: 	: 	: 	: 	: 	: 	: 	: 	: 	: 	: 	: 	: 	: 	: 	: 	: 	: 	: 	: 	: 	: 	: 	: 	: 	: 	: 	: 	: 	: 	: 	: 	: 	: 	: 	: 	: 	: 	: 	: 	: 	: 	: 	: 	: 	: 	: 	: 	: 	: 	: 	: 	: 	: 	: 	: 	: 	: 	: 	: 	: 	: 	: 	: 	: 	: 	: 	: 	: 	: 	: 	: 	: 	: 	: 	: 	: 	: 	: 	: 	: 	: 	: 	: 	: 	: 	: 	: 	: 	: 	: 	: 	: 	: 	: 	: 	: 	: 	: 	: 	: 	: 	: 	: 	: 	: 	: 	: 	: 	: 	: 	: 	: 	: 	: 	: 	: 	: 	: 	: 	: 	: 	: 	: 	: 	: 	: 	: 	: 	: 	: 	: 	: 	: 	: 	: 	: 	: 	: 	: 	: 	: 	: 	: 	: 	: 	: 	: 	: 	: 	: 	: 	: 	: 	: 	: 	: 	: 	: 	: 	: 	: 	: 	: 	: 	: 
PAS,PAS_CRD_ARR,SK_LZKZ_PL_EPWA	: 	: 	: 	: 	: 	: 	: 	: 	: 	2857 	2498 	2163 	68 	957 	950 	950 	863 	766 	869 	861 	769 	533 	63 	5 	: 	7586 	: 	: 	: 	: 	: 	: 	: 	: 	: 	: 	: 	: 	: 	: 	: 	: 	: 	: 	: 	: 	: 	: 	: 	: 	: 	: 	: 	: 	: 	: 	: 	: 	: 	: 	: 	: 	: 	: 	: 	: 	: 	: 	: 	: 	: 	: 	: 	: 	: 	: 	: 	: 	: 	: 	: 	: 	: 	: 	: 	: 	: 	: 	: 	: 	: 	: 	: 	: 	: 	: 	: 	: 	: 	: 	: 	: 	: 	: 	: 	: 	: 	: 	: 	: 	: 	: 	: 	: 	: 	: 	: 	: 	: 	: 	: 	: 	: 	: 	: 	: 	: 	: 	: 	: 	: 	: 	: 	: 	: 	: 	: 	: 	: 	: 	: 	: 	: 	: 	: 	: 	: 	: 	: 	: 	: 	: 	: 	: 	: 	: 	: 	: 	: 	: 	: 	: 	: 	: 	: 	: 	: 	: 	: 	: 	: 	: 	: 	: 	: 	: 	: 	: 	: 	: 	: 	: 	: 	: 	: 	: 	: 	: 	: 	: 	: 	: 	: 	: 	: 	: 	: 	: 	: 	: 	: 	: 	: 	: 	: 	: 	: 	: 	: 	: 	: 	: 	: 	: 	: 	: 	: 	: 	: 	: 	: 	: 	: 	: 	: 	: 	: 	: 	: 	: 	: 	: 	: 	: 	: 	: 	: 	: 
PAS,PAS_CRD_ARR,SK_LZKZ_SK_LZIB	3151 	3577 	943 	1119 	1099 	933 	1273 	1255 	1049 	3657 	3273 	4028 	3648 	1358 	1322 	977 	1195 	1036 	1042 	1682 	1295 	1051 	1325 	1298 	1025 	14606 	3674 	2312 	2983 	2346 	1234 	1323 	1117 	991 	619 	702 	1153 	851 	979 	637 	890 	819 	11315 	3210 	3027 	3416 	2612 	984 	922 	1304 	1227 	881 	919 	1379 	817 	1220 	898 	894 	820 	12265 	483 	1207 	3922 	3761 	27 	146 	310 	224 	625 	358 	1378 	1281 	1263 	1349 	1225 	1187 	9373 	2779 	4349 	4162 	3329 	614 	774 	1391 	1278 	1582 	1489 	1364 	1440 	1358 	1296 	1053 	980 	14619 	4073 	4072 	4484 	3862 	1200 	1441 	1432 	1585 	1256 	1231 	1549 	1611 	1324 	1446 	1269 	1147 	16491 	4664 	5191 	5087 	5381 	1387 	1628 	1649 	1830 	1734 	1627 	2024 	1635 	1428 	2024 	1759 	1598 	20323 	6445 	10528 	17410 	13872 	1967 	2048 	2430 	2097 	4014 	4417 	5657 	5575 	6178 	4663 	4447 	4762 	48255 	20867 	25180 	26813 	21633 	6852 	7154 	6861 	7985 	8393 	8802 	9363 	8807 	8643 	8293 	6988 	6352 	94493 	25801 	22773 	21886 	16222 	7944 	8383 	9474 	7142 	7777 	7854 	7465 	7769 	6652 	6605 	5052 	4565 	86682 	15190 	15506 	14808 	12059 	5328 	4853 	5009 	5058 	5308 	5140 	5165 	5037 	4606 	4811 	3843 	3405 	57563 	: 	: 	: 	: 	: 	: 	: 	: 	: 	: 	: 	: 	: 	: 	: 	: 	: 	: 	: 	: 	: 	: 	: 	: 	: 	: 	: 	: 	: 	: 	: 	: 	: 	: 	: 	: 	: 	: 	: 	: 	: 	: 
PAS,PAS_CRD_ARR,SK_LZKZ_TR_LTAI	: 	: 	: 	: 	: 	: 	: 	: 	: 	: 	8008 	327 	: 	: 	: 	: 	1965 	3004 	3039 	327 	: 	: 	: 	: 	: 	8335 	: 	20497 	3786 	184 	: 	: 	: 	5223 	7430 	7844 	3786 	: 	: 	184 	: 	: 	24467 	82 	18670 	3103 	: 	: 	: 	82 	5217 	6678 	6775 	3103 	: 	: 	: 	: 	: 	21855 	: 	16236 	2684 	: 	: 	: 	: 	4330 	5772 	6134 	2684 	: 	: 	: 	: 	: 	18920 	311 	14211 	2801 	: 	: 	: 	311 	4118 	5079 	5014 	2801 	: 	: 	: 	: 	: 	17323 	173 	14560 	2653 	: 	: 	: 	173 	3942 	5020 	5598 	2653 	: 	: 	: 	: 	: 	17386 	217 	10120 	2425 	: 	: 	: 	217 	2384 	3730 	4006 	2271 	154 	: 	: 	: 	: 	12762 	: 	: 	: 	: 	: 	: 	: 	: 	: 	: 	: 	: 	: 	: 	: 	: 	: 	: 	: 	: 	: 	: 	: 	: 	: 	: 	: 	: 	: 	: 	: 	: 	: 	: 	: 	: 	: 	: 	: 	: 	: 	: 	: 	: 	: 	: 	: 	: 	: 	: 	: 	: 	: 	: 	: 	: 	: 	: 	: 	: 	: 	: 	: 	: 	: 	: 	: 	: 	: 	: 	: 	: 	: 	: 	: 	: 	: 	: 	: 	: 	: 	: 	: 	: 	: 	: 	: 	: 	: 	: 	: 	: 	: 	: 	: 	: 	: 	: 	: 	: 	: 	: 	: 	: 	: 	: 	: 	: 	: 	: 
PAS,PAS_CRD_ARR,SK_LZKZ_UK_EGCN	5163 	4230 	2236 	1837 	1507 	1819 	1261 	1323 	1646 	4325 	6108 	4498 	4040 	1516 	1393 	1416 	1631 	2173 	2304 	1617 	1470 	1411 	1396 	1224 	1420 	18971 	4010 	4400 	1156 	: 	1470 	1295 	1245 	1384 	1499 	1517 	1156 	: 	: 	: 	: 	: 	9566 	: 	: 	: 	: 	: 	: 	: 	: 	: 	: 	: 	: 	: 	: 	: 	: 	: 	: 	: 	: 	: 	: 	: 	: 	: 	: 	: 	: 	: 	: 	: 	: 	: 	: 	: 	: 	: 	: 	: 	: 	: 	: 	: 	: 	: 	: 	: 	: 	: 	: 	: 	: 	: 	: 	: 	: 	: 	: 	: 	: 	: 	: 	: 	: 	: 	: 	: 	: 	: 	: 	: 	: 	: 	: 	: 	: 	: 	: 	: 	: 	: 	: 	: 	: 	: 	: 	: 	: 	: 	: 	: 	: 	: 	: 	: 	: 	: 	: 	: 	: 	: 	: 	: 	: 	: 	: 	: 	: 	: 	: 	: 	: 	: 	: 	: 	: 	: 	: 	: 	: 	: 	: 	: 	: 	: 	: 	: 	: 	: 	: 	: 	: 	: 	: 	: 	: 	: 	: 	: 	: 	: 	: 	: 	: 	: 	: 	: 	: 	: 	: 	: 	: 	: 	: 	: 	: 	: 	: 	: 	: 	: 	: 	: 	: 	: 	: 	: 	: 	: 	: 	: 	: 	: 	: 	: 	: 	: 	: 	: 	: 	: 	: 	: 	: 	: 	: 	: 	: 	: 	: 	: 	: 	: 	: 	: 
PAS,PAS_CRD_ARR,SK_LZKZ_UK_EGGD	: 	: 	: 	: 	: 	: 	: 	: 	: 	3800 	4263 	3598 	2508 	1403 	1057 	1340 	1239 	1472 	1552 	1073 	1360 	1165 	925 	605 	978 	14169 	: 	: 	: 	: 	: 	: 	: 	: 	: 	: 	: 	: 	: 	: 	: 	: 	: 	: 	: 	: 	: 	: 	: 	: 	: 	: 	: 	: 	: 	: 	: 	: 	: 	: 	: 	: 	: 	: 	: 	: 	: 	: 	: 	: 	: 	: 	: 	: 	: 	: 	: 	: 	: 	: 	: 	: 	: 	: 	: 	: 	: 	: 	: 	: 	: 	: 	: 	: 	: 	: 	: 	: 	: 	: 	: 	: 	: 	: 	: 	: 	: 	: 	: 	: 	: 	: 	: 	: 	: 	: 	: 	: 	: 	: 	: 	: 	: 	: 	: 	: 	: 	: 	: 	: 	: 	: 	: 	: 	: 	: 	: 	: 	: 	: 	: 	: 	: 	: 	: 	: 	: 	: 	: 	: 	: 	: 	: 	: 	: 	: 	: 	: 	: 	: 	: 	: 	: 	: 	: 	: 	: 	: 	: 	: 	: 	: 	: 	: 	: 	: 	: 	: 	: 	: 	: 	: 	: 	: 	: 	: 	: 	: 	: 	: 	: 	: 	: 	: 	: 	: 	: 	: 	: 	: 	: 	: 	: 	: 	: 	: 	: 	: 	: 	: 	: 	: 	: 	: 	: 	: 	: 	: 	: 	: 	: 	: 	: 	: 	: 	: 	: 	: 	: 	: 	: 	: 	: 	: 	: 	: 	: 	: 
PAS,PAS_CRD_ARR,SK_LZKZ_UK_EGGW	17017 	14046 	5217 	5659 	5647 	5711 	5045 	4309 	4692 	16421 	18915 	16870 	13936 	5818 	5115 	5488 	5276 	6687 	6952 	6027 	5791 	5052 	5306 	4382 	4248 	66142 	13812 	20053 	21378 	13016 	4713 	4301 	4798 	5341 	7348 	7364 	6618 	10112 	4648 	4844 	4055 	4117 	68259 	13486 	20048 	11921 	9386 	4491 	4366 	4629 	5285 	7157 	7606 	5127 	3568 	3226 	3196 	2914 	3276 	54841 	: 	: 	: 	: 	: 	: 	: 	: 	: 	: 	: 	: 	: 	: 	: 	: 	: 	: 	: 	: 	: 	: 	: 	: 	: 	: 	: 	: 	: 	: 	: 	: 	: 	: 	: 	: 	: 	: 	: 	: 	: 	: 	: 	: 	: 	: 	: 	: 	: 	: 	: 	: 	: 	: 	: 	: 	: 	: 	: 	: 	: 	: 	: 	: 	: 	: 	: 	: 	: 	3631 	4760 	4969 	: 	: 	: 	: 	1937 	1694 	1514 	1522 	1724 	1755 	1465 	1749 	13360 	5000 	7262 	4722 	4504 	1976 	1601 	1423 	1802 	2279 	3181 	1627 	1573 	1522 	1633 	1429 	1442 	21488 	: 	: 	: 	: 	: 	: 	: 	: 	: 	: 	: 	: 	: 	: 	: 	: 	: 	: 	: 	: 	: 	: 	: 	: 	: 	: 	: 	: 	: 	: 	: 	: 	: 	: 	: 	: 	: 	: 	: 	: 	: 	: 	: 	: 	: 	: 	: 	: 	: 	: 	: 	: 	: 	: 	: 	: 	: 	: 	: 	: 	: 	: 	: 	: 	: 	: 	: 	: 	: 	: 	: 	: 	: 	: 	: 	: 
PAS,PAS_CRD_DEP,SK_LZ99_AT_LO99	: 	: 	: 	: 	: 	: 	: 	: 	: 	: 	: 	: 	: 	: 	: 	: 	: 	: 	: 	: 	: 	: 	: 	: 	: 	: 	: 	: 	: 	: 	: 	: 	: 	: 	: 	: 	: 	: 	: 	: 	: 	: 	: 	: 	: 	: 	: 	: 	: 	: 	: 	: 	: 	: 	: 	: 	: 	: 	: 	: 	: 	: 	: 	: 	: 	: 	: 	: 	: 	: 	: 	: 	: 	: 	: 	: 	: 	: 	: 	: 	: 	: 	: 	: 	: 	: 	: 	: 	: 	: 	: 	: 	: 	: 	: 	: 	: 	: 	: 	: 	: 	: 	: 	: 	: 	: 	: 	: 	: 	: 	: 	: 	: 	: 	: 	: 	: 	: 	: 	: 	: 	: 	: 	: 	: 	: 	: 	: 	: 	: 	: 	: 	: 	: 	: 	: 	: 	: 	: 	: 	: 	: 	: 	: 	: 	: 	: 	: 	: 	: 	: 	: 	: 	: 	: 	: 	: 	: 	: 	: 	: 	: 	: 	: 	: 	: 	: 	: 	: 	: 	: 	: 	: 	: 	: 	: 	: 	: 	: 	: 	: 	: 	: 	: 	: 	: 	: 	: 	: 	: 	: 	: 	: 	: 	: 	: 	3406 	3623 	3713 	2690 	1093 	1100 	1213 	1322 	1072 	1229 	1494 	1109 	1110 	982 	776 	932 	13432 	2725 	2848 	2908 	2034 	837 	874 	1014 	1070 	848 	930 	1067 	930 	911 	10515 	: 	: 	: 	: 	: 	: 	: 	: 	: 	: 	: 
PAS,PAS_CRD_DEP,SK_LZ99_BE_EB99	: 	: 	: 	: 	: 	: 	: 	: 	: 	: 	: 	: 	: 	: 	: 	: 	: 	: 	: 	: 	: 	: 	: 	: 	: 	: 	: 	: 	: 	: 	: 	: 	: 	: 	: 	: 	: 	: 	: 	: 	: 	: 	: 	: 	: 	: 	: 	: 	: 	: 	: 	: 	: 	: 	: 	: 	: 	: 	: 	: 	: 	: 	: 	: 	: 	: 	: 	: 	: 	: 	: 	: 	: 	: 	: 	: 	: 	: 	: 	: 	: 	: 	: 	: 	: 	: 	: 	: 	: 	: 	: 	: 	: 	: 	: 	: 	: 	: 	: 	: 	: 	: 	: 	: 	: 	: 	: 	: 	: 	: 	: 	: 	: 	: 	: 	: 	: 	: 	: 	: 	: 	: 	: 	: 	: 	: 	: 	: 	: 	: 	: 	: 	: 	: 	: 	: 	: 	: 	: 	: 	: 	: 	: 	: 	: 	: 	: 	: 	: 	: 	: 	: 	: 	: 	: 	: 	: 	: 	: 	: 	: 	: 	: 	: 	: 	: 	: 	: 	: 	: 	: 	: 	: 	: 	: 	: 	: 	: 	: 	: 	: 	: 	: 	: 	: 	: 	: 	: 	: 	: 	: 	: 	: 	: 	: 	: 	4534 	3086 	4288 	2903 	1241 	1763 	1530 	1463 	661 	962 	1358 	1520 	1410 	995 	1094 	814 	14811 	: 	: 	: 	: 	: 	: 	: 	: 	: 	: 	: 	: 	: 	: 	: 	: 	: 	: 	: 	: 	: 	: 	: 	: 	: 
PAS,PAS_CRD_DEP,SK_LZ99_BG_LB99	: 	: 	: 	: 	: 	: 	: 	: 	: 	: 	: 	: 	: 	: 	: 	: 	: 	: 	: 	: 	: 	: 	: 	: 	: 	: 	: 	: 	: 	: 	: 	: 	: 	: 	: 	: 	: 	: 	: 	: 	: 	: 	: 	: 	: 	: 	: 	: 	: 	: 	: 	: 	: 	: 	: 	: 	: 	: 	: 	: 	: 	: 	: 	: 	: 	: 	: 	: 	: 	: 	: 	: 	: 	: 	: 	: 	: 	: 	: 	: 	: 	: 	: 	: 	: 	: 	: 	: 	: 	: 	: 	: 	: 	: 	: 	: 	: 	: 	: 	: 	: 	: 	: 	: 	: 	: 	: 	: 	: 	: 	: 	: 	: 	: 	: 	: 	: 	: 	: 	: 	: 	: 	: 	: 	: 	: 	: 	: 	: 	: 	: 	: 	: 	: 	: 	: 	: 	: 	: 	: 	: 	: 	: 	: 	: 	: 	: 	: 	: 	: 	: 	: 	: 	: 	: 	: 	: 	: 	: 	: 	: 	: 	: 	: 	: 	: 	: 	: 	: 	: 	: 	: 	: 	: 	: 	: 	: 	: 	: 	: 	: 	: 	: 	: 	: 	: 	: 	: 	: 	: 	: 	: 	: 	: 	: 	: 	665 	19521 	3135 	: 	665 	: 	: 	1408 	9324 	8789 	3135 	: 	: 	: 	: 	: 	23321 	: 	14501 	2752 	32 	: 	: 	: 	670 	6436 	7395 	2750 	2 	: 	17285 	24 	12334 	1660 	29 	14047 	: 	: 	: 	: 	: 	: 
PAS,PAS_CRD_DEP,SK_LZ99_CZ_LK99	: 	: 	: 	: 	: 	: 	: 	: 	: 	: 	: 	: 	: 	: 	: 	: 	: 	: 	: 	: 	: 	: 	: 	: 	: 	: 	: 	: 	: 	: 	: 	: 	: 	: 	: 	: 	: 	: 	: 	: 	: 	: 	: 	: 	: 	: 	: 	: 	: 	: 	: 	: 	: 	: 	: 	: 	: 	: 	: 	: 	: 	: 	: 	: 	: 	: 	: 	: 	: 	: 	: 	: 	: 	: 	: 	: 	: 	: 	: 	: 	: 	: 	: 	: 	: 	: 	: 	: 	: 	: 	: 	: 	: 	: 	: 	: 	: 	: 	: 	: 	: 	: 	: 	: 	: 	: 	: 	: 	: 	: 	: 	: 	: 	: 	: 	: 	: 	: 	: 	: 	: 	: 	: 	: 	: 	: 	: 	: 	: 	: 	: 	: 	: 	: 	: 	: 	: 	: 	: 	: 	: 	: 	: 	: 	: 	: 	: 	: 	: 	: 	: 	: 	: 	: 	: 	: 	: 	: 	: 	: 	: 	: 	: 	: 	: 	: 	: 	: 	: 	: 	: 	: 	: 	: 	: 	: 	: 	: 	: 	: 	: 	: 	: 	: 	: 	: 	: 	: 	: 	: 	: 	: 	: 	: 	: 	: 	21135 	27356 	25790 	22063 	5978 	6805 	8352 	9227 	8683 	9446 	10197 	7818 	7775 	7496 	6389 	8178 	96344 	22799 	26370 	24909 	19824 	6651 	7485 	8663 	9140 	8378 	8852 	9414 	7988 	7507 	93902 	20156 	23225 	20653 	16017 	80051 	19880 	23039 	21044 	16106 	80069 	: 
PAS,PAS_CRD_DEP,SK_LZ99_DE_ED99	: 	: 	: 	: 	: 	: 	: 	: 	: 	: 	: 	: 	: 	: 	: 	: 	: 	: 	: 	: 	: 	: 	: 	: 	: 	: 	: 	: 	: 	: 	: 	: 	: 	: 	: 	: 	: 	: 	: 	: 	: 	: 	: 	: 	: 	: 	: 	: 	: 	: 	: 	: 	: 	: 	: 	: 	: 	: 	: 	: 	: 	: 	: 	: 	: 	: 	: 	: 	: 	: 	: 	: 	: 	: 	: 	: 	: 	: 	: 	: 	: 	: 	: 	: 	: 	: 	: 	: 	: 	: 	: 	: 	: 	: 	: 	: 	: 	: 	: 	: 	: 	: 	: 	: 	: 	: 	: 	: 	: 	: 	: 	: 	: 	: 	: 	: 	: 	: 	: 	: 	: 	: 	: 	: 	: 	: 	: 	: 	: 	: 	: 	: 	: 	: 	: 	: 	: 	: 	: 	: 	: 	: 	: 	: 	: 	: 	: 	: 	: 	: 	: 	: 	: 	: 	: 	: 	: 	: 	: 	: 	: 	: 	: 	: 	: 	: 	: 	: 	: 	: 	: 	: 	: 	: 	: 	: 	: 	: 	: 	: 	: 	: 	: 	: 	: 	: 	: 	: 	: 	: 	: 	: 	: 	: 	: 	: 	17424 	10072 	11803 	11558 	6236 	7418 	3770 	3755 	2952 	3365 	4649 	3151 	4003 	4760 	3211 	3587 	50857 	8573 	7247 	5047 	2359 	3762 	2428 	2383 	2645 	2260 	2342 	2189 	1876 	982 	23226 	: 	: 	: 	: 	: 	: 	: 	: 	: 	: 	: 
PAS,PAS_CRD_DEP,SK_LZ99_EG_HE99	: 	: 	: 	: 	: 	: 	: 	: 	: 	: 	: 	: 	: 	: 	: 	: 	: 	: 	: 	: 	: 	: 	: 	: 	: 	: 	: 	: 	: 	: 	: 	: 	: 	: 	: 	: 	: 	: 	: 	: 	: 	: 	: 	: 	: 	: 	: 	: 	: 	: 	: 	: 	: 	: 	: 	: 	: 	: 	: 	: 	: 	: 	: 	: 	: 	: 	: 	: 	: 	: 	: 	: 	: 	: 	: 	: 	: 	: 	: 	: 	: 	: 	: 	: 	: 	: 	: 	: 	: 	: 	: 	: 	: 	: 	: 	: 	: 	: 	: 	: 	: 	: 	: 	: 	: 	: 	: 	: 	: 	: 	: 	: 	: 	: 	: 	: 	: 	: 	: 	: 	: 	: 	: 	: 	: 	: 	: 	: 	: 	: 	: 	: 	: 	: 	: 	: 	: 	: 	: 	: 	: 	: 	: 	: 	: 	: 	: 	: 	: 	: 	: 	: 	: 	: 	: 	: 	: 	: 	: 	: 	: 	: 	: 	: 	: 	: 	: 	: 	: 	: 	: 	: 	: 	: 	: 	: 	: 	: 	: 	: 	: 	: 	: 	: 	: 	: 	: 	: 	: 	: 	: 	: 	: 	: 	: 	: 	5239 	22696 	17978 	2485 	902 	1065 	3272 	5797 	7622 	9277 	8518 	7043 	2417 	1455 	575 	455 	48398 	10211 	31505 	19255 	2794 	1495 	1865 	6851 	9782 	10524 	11199 	10730 	6757 	1768 	63765 	7389 	13510 	4716 	1425 	27040 	4467 	8191 	4442 	153 	17253 	: 
PAS,PAS_CRD_DEP,SK_LZ99_EL_LG99	: 	: 	: 	: 	: 	: 	: 	: 	: 	: 	: 	: 	: 	: 	: 	: 	: 	: 	: 	: 	: 	: 	: 	: 	: 	: 	: 	: 	: 	: 	: 	: 	: 	: 	: 	: 	: 	: 	: 	: 	: 	: 	: 	: 	: 	: 	: 	: 	: 	: 	: 	: 	: 	: 	: 	: 	: 	: 	: 	: 	: 	: 	: 	: 	: 	: 	: 	: 	: 	: 	: 	: 	: 	: 	: 	: 	: 	: 	: 	: 	: 	: 	: 	: 	: 	: 	: 	: 	: 	: 	: 	: 	: 	: 	: 	: 	: 	: 	: 	: 	: 	: 	: 	: 	: 	: 	: 	: 	: 	: 	: 	: 	: 	: 	: 	: 	: 	: 	: 	: 	: 	: 	: 	: 	: 	: 	: 	: 	: 	: 	: 	: 	: 	: 	: 	: 	: 	: 	: 	: 	: 	: 	: 	: 	: 	: 	: 	: 	: 	: 	: 	: 	: 	: 	: 	: 	: 	: 	: 	: 	: 	: 	: 	: 	: 	: 	: 	: 	: 	: 	: 	: 	: 	: 	: 	: 	: 	: 	: 	: 	: 	: 	: 	: 	: 	: 	: 	: 	: 	: 	: 	: 	: 	: 	: 	: 	116 	44869 	11739 	119 	: 	: 	116 	9629 	17479 	17761 	11256 	483 	: 	: 	: 	119 	56843 	501 	38885 	11049 	174 	201 	162 	138 	7978 	15257 	15650 	10470 	579 	: 	50609 	344 	35952 	9850 	172 	46318 	730 	28135 	8236 	: 	37101 	: 
PAS,PAS_CRD_DEP,SK_LZ99_ES_LE99	: 	: 	: 	: 	: 	: 	: 	: 	: 	: 	: 	: 	: 	: 	: 	: 	: 	: 	: 	: 	: 	: 	: 	: 	: 	: 	: 	: 	: 	: 	: 	: 	: 	: 	: 	: 	: 	: 	: 	: 	: 	: 	: 	: 	: 	: 	: 	: 	: 	: 	: 	: 	: 	: 	: 	: 	: 	: 	: 	: 	: 	: 	: 	: 	: 	: 	: 	: 	: 	: 	: 	: 	: 	: 	: 	: 	: 	: 	: 	: 	: 	: 	: 	: 	: 	: 	: 	: 	: 	: 	: 	: 	: 	: 	: 	: 	: 	: 	: 	: 	: 	: 	: 	: 	: 	: 	: 	: 	: 	: 	: 	: 	: 	: 	: 	: 	: 	: 	: 	: 	: 	: 	: 	: 	: 	: 	: 	: 	: 	: 	: 	: 	: 	: 	: 	: 	: 	: 	: 	: 	: 	: 	: 	: 	: 	: 	: 	: 	: 	: 	: 	: 	: 	: 	: 	: 	: 	: 	: 	: 	: 	: 	: 	: 	: 	: 	: 	: 	: 	: 	: 	: 	: 	: 	: 	: 	: 	: 	: 	: 	: 	: 	: 	: 	: 	: 	: 	: 	: 	: 	: 	: 	: 	: 	: 	: 	3041 	12208 	5577 	2228 	704 	1134 	1203 	2901 	4753 	4554 	3490 	1112 	975 	912 	607 	709 	23054 	2026 	9940 	4198 	188 	555 	594 	877 	1953 	3841 	4146 	2625 	870 	703 	16352 	: 	: 	: 	: 	: 	: 	: 	: 	: 	: 	: 
PAS,PAS_CRD_DEP,SK_LZ99_FR_LF99	: 	: 	: 	: 	: 	: 	: 	: 	: 	: 	: 	: 	: 	: 	: 	: 	: 	: 	: 	: 	: 	: 	: 	: 	: 	: 	: 	: 	: 	: 	: 	: 	: 	: 	: 	: 	: 	: 	: 	: 	: 	: 	: 	: 	: 	: 	: 	: 	: 	: 	: 	: 	: 	: 	: 	: 	: 	: 	: 	: 	: 	: 	: 	: 	: 	: 	: 	: 	: 	: 	: 	: 	: 	: 	: 	: 	: 	: 	: 	: 	: 	: 	: 	: 	: 	: 	: 	: 	: 	: 	: 	: 	: 	: 	: 	: 	: 	: 	: 	: 	: 	: 	: 	: 	: 	: 	: 	: 	: 	: 	: 	: 	: 	: 	: 	: 	: 	: 	: 	: 	: 	: 	: 	: 	: 	: 	: 	: 	: 	: 	: 	: 	: 	: 	: 	: 	: 	: 	: 	: 	: 	: 	: 	: 	: 	: 	: 	: 	: 	: 	: 	: 	: 	: 	: 	: 	: 	: 	: 	: 	: 	: 	: 	: 	: 	: 	: 	: 	: 	: 	: 	: 	: 	: 	: 	: 	: 	: 	: 	: 	: 	: 	: 	: 	: 	: 	: 	: 	: 	: 	: 	: 	: 	: 	: 	: 	16229 	15813 	18010 	10520 	5247 	5573 	5409 	5404 	5172 	5237 	6407 	6553 	5050 	4210 	3406 	2904 	60572 	12661 	12789 	13979 	6239 	3334 	3983 	5344 	4635 	4163 	3991 	4909 	5921 	3149 	45668 	: 	: 	: 	: 	: 	: 	: 	: 	: 	: 	: 
PAS,PAS_CRD_DEP,SK_LZ99_HR_LD99	: 	: 	: 	: 	: 	: 	: 	: 	: 	: 	: 	: 	: 	: 	: 	: 	: 	: 	: 	: 	: 	: 	: 	: 	: 	: 	: 	: 	: 	: 	: 	: 	: 	: 	: 	: 	: 	: 	: 	: 	: 	: 	: 	: 	: 	: 	: 	: 	: 	: 	: 	: 	: 	: 	: 	: 	: 	: 	: 	: 	: 	: 	: 	: 	: 	: 	: 	: 	: 	: 	: 	: 	: 	: 	: 	: 	: 	: 	: 	: 	: 	: 	: 	: 	: 	: 	: 	: 	: 	: 	: 	: 	: 	: 	: 	: 	: 	: 	: 	: 	: 	: 	: 	: 	: 	: 	: 	: 	: 	: 	: 	: 	: 	: 	: 	: 	: 	: 	: 	: 	: 	: 	: 	: 	: 	: 	: 	: 	: 	: 	: 	: 	: 	: 	: 	: 	: 	: 	: 	: 	: 	: 	: 	: 	: 	: 	: 	: 	: 	: 	: 	: 	: 	: 	: 	: 	: 	: 	: 	: 	: 	: 	: 	: 	: 	: 	: 	: 	: 	: 	: 	: 	: 	: 	: 	: 	: 	: 	: 	: 	: 	: 	: 	: 	: 	: 	: 	: 	: 	: 	: 	: 	: 	: 	: 	: 	291 	10204 	3347 	2 	275 	16 	: 	1882 	4088 	4234 	2615 	732 	: 	: 	: 	2 	13844 	: 	: 	: 	: 	: 	: 	: 	: 	: 	: 	: 	: 	: 	: 	: 	: 	: 	: 	: 	: 	: 	: 	: 	: 	: 
PAS,PAS_CRD_DEP,SK_LZ99_IT_LI99	: 	: 	: 	: 	: 	: 	: 	: 	: 	: 	: 	: 	: 	: 	: 	: 	: 	: 	: 	: 	: 	: 	: 	: 	: 	: 	: 	: 	: 	: 	: 	: 	: 	: 	: 	: 	: 	: 	: 	: 	: 	: 	: 	: 	: 	: 	: 	: 	: 	: 	: 	: 	: 	: 	: 	: 	: 	: 	: 	: 	: 	: 	: 	: 	: 	: 	: 	: 	: 	: 	: 	: 	: 	: 	: 	: 	: 	: 	: 	: 	: 	: 	: 	: 	: 	: 	: 	: 	: 	: 	: 	: 	: 	: 	: 	: 	: 	: 	: 	: 	: 	: 	: 	: 	: 	: 	: 	: 	: 	: 	: 	: 	: 	: 	: 	: 	: 	: 	: 	: 	: 	: 	: 	: 	: 	: 	: 	: 	: 	: 	: 	: 	: 	: 	: 	: 	: 	: 	: 	: 	: 	: 	: 	: 	: 	: 	: 	: 	: 	: 	: 	: 	: 	: 	: 	: 	: 	: 	: 	: 	: 	: 	: 	: 	: 	: 	: 	: 	: 	: 	: 	: 	: 	: 	: 	: 	: 	: 	: 	: 	: 	: 	: 	: 	: 	: 	: 	: 	: 	: 	: 	: 	: 	: 	: 	: 	20534 	13470 	14661 	9976 	6972 	7324 	6238 	4118 	4543 	4809 	5074 	4840 	4747 	3922 	2933 	3121 	58641 	7377 	6731 	6914 	2611 	2436 	2393 	2548 	2608 	2360 	1763 	2171 	2568 	2175 	23633 	: 	: 	: 	: 	: 	: 	: 	: 	: 	: 	: 
PAS,PAS_CRD_DEP,SK_LZ99_NL_EH99	: 	: 	: 	: 	: 	: 	: 	: 	: 	: 	: 	: 	: 	: 	: 	: 	: 	: 	: 	: 	: 	: 	: 	: 	: 	: 	: 	: 	: 	: 	: 	: 	: 	: 	: 	: 	: 	: 	: 	: 	: 	: 	: 	: 	: 	: 	: 	: 	: 	: 	: 	: 	: 	: 	: 	: 	: 	: 	: 	: 	: 	: 	: 	: 	: 	: 	: 	: 	: 	: 	: 	: 	: 	: 	: 	: 	: 	: 	: 	: 	: 	: 	: 	: 	: 	: 	: 	: 	: 	: 	: 	: 	: 	: 	: 	: 	: 	: 	: 	: 	: 	: 	: 	: 	: 	: 	: 	: 	: 	: 	: 	: 	: 	: 	: 	: 	: 	: 	: 	: 	: 	: 	: 	: 	: 	: 	: 	: 	: 	: 	: 	: 	: 	: 	: 	: 	: 	: 	: 	: 	: 	: 	: 	: 	: 	: 	: 	: 	: 	: 	: 	: 	: 	: 	: 	: 	: 	: 	: 	: 	: 	: 	: 	: 	: 	: 	: 	: 	: 	: 	: 	: 	: 	: 	: 	: 	: 	: 	: 	: 	: 	: 	: 	: 	: 	: 	: 	: 	: 	: 	: 	: 	: 	: 	: 	: 	5266 	6981 	8054 	4868 	1404 	1616 	2246 	2015 	2500 	2466 	2905 	2717 	2432 	1868 	1414 	1586 	25169 	4525 	4344 	4346 	276 	1424 	1534 	1567 	1554 	1578 	1212 	1281 	1633 	1432 	13491 	: 	: 	: 	: 	: 	: 	: 	: 	: 	: 	: 
PAS,PAS_CRD_DEP,SK_LZ99_RU_UU99	: 	: 	: 	: 	: 	: 	: 	: 	: 	: 	: 	: 	: 	: 	: 	: 	: 	: 	: 	: 	: 	: 	: 	: 	: 	: 	: 	: 	: 	: 	: 	: 	: 	: 	: 	: 	: 	: 	: 	: 	: 	: 	: 	: 	: 	: 	: 	: 	: 	: 	: 	: 	: 	: 	: 	: 	: 	: 	: 	: 	: 	: 	: 	: 	: 	: 	: 	: 	: 	: 	: 	: 	: 	: 	: 	: 	: 	: 	: 	: 	: 	: 	: 	: 	: 	: 	: 	: 	: 	: 	: 	: 	: 	: 	: 	: 	: 	: 	: 	: 	: 	: 	: 	: 	: 	: 	: 	: 	: 	: 	: 	: 	: 	: 	: 	: 	: 	: 	: 	: 	: 	: 	: 	: 	: 	: 	: 	: 	: 	: 	: 	: 	: 	: 	: 	: 	: 	: 	: 	: 	: 	: 	: 	: 	: 	: 	: 	: 	: 	: 	: 	: 	: 	: 	: 	: 	: 	: 	: 	: 	: 	: 	: 	: 	: 	: 	: 	: 	: 	: 	: 	: 	: 	: 	: 	: 	: 	: 	: 	: 	: 	: 	: 	: 	: 	: 	: 	: 	: 	: 	: 	: 	: 	: 	: 	: 	3245 	3305 	3429 	2399 	791 	1035 	1419 	1068 	1269 	968 	1091 	1233 	1105 	642 	704 	1053 	12378 	2610 	3449 	3344 	2969 	675 	975 	960 	1021 	1295 	1133 	923 	1329 	1092 	12372 	2986 	3194 	2592 	2618 	11390 	2641 	3517 	2970 	2917 	12045 	: 
PAS,PAS_CRD_DEP,SK_LZ99_SK_LZ99	: 	: 	: 	: 	: 	: 	: 	: 	: 	: 	: 	: 	: 	: 	: 	: 	: 	: 	: 	: 	: 	: 	: 	: 	: 	: 	: 	: 	: 	: 	: 	: 	: 	: 	: 	: 	: 	: 	: 	: 	: 	: 	: 	: 	: 	: 	: 	: 	: 	: 	: 	: 	: 	: 	: 	: 	: 	: 	: 	: 	: 	: 	: 	: 	: 	: 	: 	: 	: 	: 	: 	: 	: 	: 	: 	: 	: 	: 	: 	: 	: 	: 	: 	: 	: 	: 	: 	: 	: 	: 	: 	: 	: 	: 	: 	: 	: 	: 	: 	: 	: 	: 	: 	: 	: 	: 	: 	: 	: 	: 	: 	: 	: 	: 	: 	: 	: 	: 	: 	: 	: 	: 	: 	: 	: 	: 	: 	: 	: 	: 	: 	: 	: 	: 	: 	: 	: 	: 	: 	: 	: 	: 	: 	: 	: 	: 	: 	: 	: 	: 	: 	: 	: 	: 	: 	: 	: 	: 	: 	: 	: 	: 	: 	: 	: 	: 	: 	: 	: 	: 	: 	: 	: 	: 	: 	: 	: 	: 	: 	: 	: 	: 	: 	: 	: 	: 	: 	: 	: 	: 	: 	: 	: 	: 	: 	: 	19979 	16454 	17531 	9474 	7145 	6281 	6553 	5987 	5196 	5271 	6031 	5357 	6143 	4055 	3017 	2402 	63438 	8944 	8866 	9529 	8322 	2631 	3131 	3182 	3381 	2772 	2713 	3355 	3069 	3105 	35661 	9499 	8049 	8156 	6136 	31840 	9319 	7099 	10312 	5272 	32002 	: 
PAS,PAS_CRD_DEP,SK_LZ99_TN_DT99	: 	: 	: 	: 	: 	: 	: 	: 	: 	: 	: 	: 	: 	: 	: 	: 	: 	: 	: 	: 	: 	: 	: 	: 	: 	: 	: 	: 	: 	: 	: 	: 	: 	: 	: 	: 	: 	: 	: 	: 	: 	: 	: 	: 	: 	: 	: 	: 	: 	: 	: 	: 	: 	: 	: 	: 	: 	: 	: 	: 	: 	: 	: 	: 	: 	: 	: 	: 	: 	: 	: 	: 	: 	: 	: 	: 	: 	: 	: 	: 	: 	: 	: 	: 	: 	: 	: 	: 	: 	: 	: 	: 	: 	: 	: 	: 	: 	: 	: 	: 	: 	: 	: 	: 	: 	: 	: 	: 	: 	: 	: 	: 	: 	: 	: 	: 	: 	: 	: 	: 	: 	: 	: 	: 	: 	: 	: 	: 	: 	: 	: 	: 	: 	: 	: 	: 	: 	: 	: 	: 	: 	: 	: 	: 	: 	: 	: 	: 	: 	: 	: 	: 	: 	: 	: 	: 	: 	: 	: 	: 	: 	: 	: 	: 	: 	: 	: 	: 	: 	: 	: 	: 	: 	: 	: 	: 	: 	: 	: 	: 	: 	: 	: 	: 	: 	: 	: 	: 	: 	: 	: 	: 	: 	: 	: 	: 	197 	26895 	8961 	82 	: 	: 	197 	6395 	9660 	10840 	7391 	1570 	: 	: 	: 	82 	36135 	804 	21443 	7493 	: 	: 	: 	804 	5054 	7976 	8413 	5986 	1507 	: 	29740 	575 	13940 	5298 	: 	19813 	423 	9441 	3939 	151 	13954 	: 
PAS,PAS_CRD_DEP,SK_LZ99_TR_LT99	: 	: 	: 	: 	: 	: 	: 	: 	: 	: 	: 	: 	: 	: 	: 	: 	: 	: 	: 	: 	: 	: 	: 	: 	: 	: 	: 	: 	: 	: 	: 	: 	: 	: 	: 	: 	: 	: 	: 	: 	: 	: 	: 	: 	: 	: 	: 	: 	: 	: 	: 	: 	: 	: 	: 	: 	: 	: 	: 	: 	: 	: 	: 	: 	: 	: 	: 	: 	: 	: 	: 	: 	: 	: 	: 	: 	: 	: 	: 	: 	: 	: 	: 	: 	: 	: 	: 	: 	: 	: 	: 	: 	: 	: 	: 	: 	: 	: 	: 	: 	: 	: 	: 	: 	: 	: 	: 	: 	: 	: 	: 	: 	: 	: 	: 	: 	: 	: 	: 	: 	: 	: 	: 	: 	: 	: 	: 	: 	: 	: 	: 	: 	: 	: 	: 	: 	: 	: 	: 	: 	: 	: 	: 	: 	: 	: 	: 	: 	: 	: 	: 	: 	: 	: 	: 	: 	: 	: 	: 	: 	: 	: 	: 	: 	: 	: 	: 	: 	: 	: 	: 	: 	: 	: 	: 	: 	: 	: 	: 	: 	: 	: 	: 	: 	: 	: 	: 	: 	: 	: 	: 	: 	: 	: 	: 	: 	135 	12730 	4834 	0 	: 	: 	135 	2794 	4585 	5351 	4827 	7 	0 	: 	0 	: 	17699 	0 	13476 	3564 	: 	: 	: 	0 	2636 	5062 	5778 	3560 	0 	4 	17040 	48 	8592 	2239 	: 	10879 	70 	17184 	4778 	: 	22032 	: 
PAS,PAS_CRD_DEP,SK_LZ99_UK_EG99	: 	: 	: 	: 	: 	: 	: 	: 	: 	: 	: 	: 	: 	: 	: 	: 	: 	: 	: 	: 	: 	: 	: 	: 	: 	: 	: 	: 	: 	: 	: 	: 	: 	: 	: 	: 	: 	: 	: 	: 	: 	: 	: 	: 	: 	: 	: 	: 	: 	: 	: 	: 	: 	: 	: 	: 	: 	: 	: 	: 	: 	: 	: 	: 	: 	: 	: 	: 	: 	: 	: 	: 	: 	: 	: 	: 	: 	: 	: 	: 	: 	: 	: 	: 	: 	: 	: 	: 	: 	: 	: 	: 	: 	: 	: 	: 	: 	: 	: 	: 	: 	: 	: 	: 	: 	: 	: 	: 	: 	: 	: 	: 	: 	: 	: 	: 	: 	: 	: 	: 	: 	: 	: 	: 	: 	: 	: 	: 	: 	: 	: 	: 	: 	: 	: 	: 	: 	: 	: 	: 	: 	: 	: 	: 	: 	: 	: 	: 	: 	: 	: 	: 	: 	: 	: 	: 	: 	: 	: 	: 	: 	: 	: 	: 	: 	: 	: 	: 	: 	: 	: 	: 	: 	: 	: 	: 	: 	: 	: 	: 	: 	: 	: 	: 	: 	: 	: 	: 	: 	: 	: 	: 	: 	: 	: 	: 	42110 	34208 	29409 	21551 	13552 	16870 	11688 	10970 	11554 	11684 	11003 	9475 	8931 	7988 	6555 	7008 	127278 	11949 	15261 	14211 	6967 	4432 	3243 	4274 	4564 	5489 	5208 	5341 	5779 	3091 	48388 	5777 	5405 	7 	3 	11192 	: 	: 	: 	: 	: 	: 
PAS,PAS_CRD_DEP,SK_LZIB_AE_OMDB	5047 	6639 	1759 	1089 	1786 	2172 	2070 	2346 	2223 	5787 	5959 	4220 	4930 	2284 	1771 	1732 	1963 	1988 	2008 	1115 	1732 	1373 	1642 	1698 	1590 	20896 	3832 	4549 	3455 	3199 	1516 	1167 	1149 	1342 	2009 	1198 	859 	1199 	1397 	1424 	1034 	741 	15035 	: 	: 	: 	: 	: 	: 	: 	: 	: 	: 	: 	: 	: 	: 	: 	: 	: 	: 	: 	: 	: 	: 	: 	: 	: 	: 	: 	: 	: 	: 	: 	: 	: 	: 	: 	: 	: 	: 	: 	: 	: 	: 	: 	: 	: 	: 	: 	: 	: 	: 	: 	: 	: 	: 	: 	: 	: 	: 	: 	: 	: 	: 	: 	: 	: 	: 	: 	: 	: 	: 	: 	: 	: 	: 	: 	: 	: 	: 	: 	: 	: 	: 	: 	: 	: 	: 	: 	: 	: 	: 	: 	: 	: 	: 	: 	: 	: 	: 	: 	: 	: 	: 	: 	: 	: 	: 	: 	: 	: 	: 	: 	: 	: 	: 	: 	: 	: 	: 	: 	: 	: 	: 	: 	: 	: 	: 	: 	: 	: 	: 	: 	: 	: 	: 	: 	: 	: 	: 	: 	: 	: 	: 	: 	: 	: 	: 	: 	: 	: 	: 	: 	: 	: 	: 	: 	: 	: 	: 	: 	: 	: 	: 	: 	: 	: 	: 	: 	: 	: 	: 	: 	: 	: 	: 	: 	: 	: 	: 	: 	: 	: 	: 	: 	: 	: 	: 	: 	: 	: 	: 	: 	: 	: 	: 	: 
PAS,PAS_CRD_DEP,SK_LZIB_BE_EBBR	: 	: 	: 	: 	: 	: 	: 	: 	: 	5842 	13457 	11134 	7 	: 	1378 	4464 	4466 	4717 	4274 	3954 	4342 	2838 	0 	7 	0 	30440 	: 	: 	: 	: 	: 	: 	: 	: 	: 	: 	: 	: 	: 	: 	: 	: 	: 	: 	: 	: 	: 	: 	: 	: 	: 	: 	: 	: 	: 	: 	: 	: 	: 	: 	: 	: 	: 	: 	: 	: 	: 	: 	: 	: 	: 	: 	: 	: 	: 	: 	: 	: 	: 	: 	: 	: 	: 	: 	: 	: 	: 	: 	: 	: 	: 	: 	: 	: 	: 	: 	: 	: 	: 	: 	: 	: 	: 	: 	: 	: 	: 	: 	: 	: 	: 	: 	: 	: 	: 	: 	: 	: 	: 	: 	: 	: 	: 	: 	: 	: 	: 	: 	: 	: 	: 	: 	: 	: 	: 	: 	: 	: 	: 	: 	: 	: 	: 	: 	: 	: 	: 	: 	: 	: 	: 	: 	: 	: 	: 	: 	: 	: 	: 	: 	: 	: 	: 	: 	: 	: 	: 	: 	: 	: 	: 	: 	: 	: 	: 	: 	: 	: 	: 	4084 	3241 	5183 	4849 	965 	1454 	1665 	1365 	814 	1062 	1738 	1844 	1601 	1589 	1563 	1697 	17357 	: 	: 	: 	: 	: 	: 	: 	: 	: 	: 	: 	: 	: 	: 	: 	: 	: 	: 	: 	: 	: 	: 	: 	: 	: 	: 	: 	: 	: 	: 	: 	: 	: 	: 	: 	: 	: 	: 	: 	: 	: 	: 
PAS,PAS_CRD_DEP,SK_LZIB_BE_EBCI	9162 	6593 	3186 	2975 	3187 	3000 	2461 	1989 	2143 	3626 	: 	950 	9639 	2075 	1551 	: 	: 	: 	: 	: 	: 	950 	2692 	3533 	3414 	14215 	8583 	6345 	5931 	8180 	2668 	3393 	2522 	2106 	2060 	2179 	1980 	1877 	2074 	2824 	2621 	2735 	29039 	8001 	6816 	6597 	6822 	2504 	2960 	2537 	2236 	2318 	2262 	2221 	2205 	2171 	2461 	2149 	2212 	28236 	7938 	9023 	8702 	7003 	2305 	2744 	2889 	3100 	2968 	2955 	2769 	2996 	2937 	2435 	2206 	2362 	32666 	7948 	7960 	8321 	7401 	2438 	2497 	3013 	3083 	2431 	2446 	2723 	2777 	2821 	2284 	2414 	2703 	31630 	8090 	8786 	8497 	8507 	2549 	2669 	2872 	2749 	3061 	2976 	2929 	3015 	2553 	3237 	2578 	2692 	33880 	8274 	8294 	7337 	6824 	2374 	3137 	2763 	2536 	2995 	2763 	2638 	2739 	1960 	2358 	2081 	2385 	30729 	6374 	5622 	5209 	50 	2211 	2189 	1974 	1905 	1947 	1770 	1806 	1584 	1819 	50 	: 	: 	17255 	: 	: 	: 	: 	: 	: 	: 	: 	: 	: 	: 	: 	: 	: 	: 	: 	: 	: 	: 	: 	: 	: 	: 	: 	: 	: 	: 	: 	: 	: 	: 	: 	: 	: 	: 	: 	: 	: 	: 	: 	: 	: 	: 	: 	: 	: 	: 	: 	: 	: 	: 	: 	: 	: 	: 	: 	: 	: 	: 	: 	: 	: 	: 	: 	: 	: 	: 	: 	: 	: 	: 	: 	: 	: 	: 	: 	: 	: 	: 	: 	: 	: 	: 	: 	: 	: 	: 	: 	: 	: 	: 	: 	: 
PAS,PAS_CRD_DEP,SK_LZIB_BG_LBBG	2841 	: 	9495 	2841 	: 	: 	: 	: 	: 	: 	19861 	2663 	: 	: 	: 	: 	667 	8983 	10211 	2663 	: 	: 	: 	: 	: 	22524 	: 	18028 	3173 	: 	: 	: 	: 	503 	8091 	9434 	3173 	: 	: 	: 	: 	: 	21201 	: 	17923 	2840 	: 	: 	: 	: 	434 	8189 	9300 	2840 	: 	: 	: 	: 	: 	20763 	: 	19184 	3727 	: 	: 	: 	: 	546 	8962 	9676 	3727 	: 	: 	: 	: 	: 	22911 	: 	19733 	3432 	: 	: 	: 	: 	512 	9337 	9884 	3432 	: 	: 	: 	: 	: 	23165 	: 	20013 	3386 	: 	: 	: 	: 	479 	9008 	10526 	3386 	: 	: 	: 	: 	: 	23399 	: 	15065 	2287 	: 	: 	: 	: 	212 	7037 	7816 	2287 	: 	: 	: 	: 	: 	17352 	: 	14024 	2959 	: 	: 	: 	: 	376 	6557 	7091 	2959 	: 	: 	: 	: 	: 	16983 	: 	19298 	4126 	: 	: 	: 	: 	1243 	8144 	9911 	4126 	: 	: 	: 	: 	: 	23424 	: 	17341 	3198 	: 	: 	: 	: 	1124 	7651 	8566 	3198 	: 	: 	: 	: 	: 	20539 	: 	14870 	2378 	: 	: 	: 	: 	840 	7113 	6917 	2378 	: 	: 	: 	: 	: 	17248 	: 	: 	: 	: 	: 	: 	: 	: 	: 	: 	: 	: 	: 	: 	: 	: 	: 	: 	: 	: 	: 	: 	: 	: 	: 	: 	: 	: 	: 	: 	: 	: 	: 	: 	: 	: 	: 	: 	: 	: 	: 	: 
PAS,PAS_CRD_DEP,SK_LZIB_BG_LBSF	: 	: 	: 	: 	: 	: 	: 	: 	: 	: 	: 	: 	: 	: 	: 	: 	: 	: 	: 	: 	: 	: 	: 	: 	: 	: 	: 	: 	: 	: 	: 	: 	: 	: 	: 	: 	: 	: 	: 	: 	: 	: 	: 	: 	: 	: 	: 	: 	: 	: 	: 	: 	: 	: 	: 	: 	: 	: 	: 	: 	: 	: 	: 	: 	: 	: 	: 	: 	: 	: 	: 	: 	: 	: 	: 	: 	: 	: 	: 	: 	: 	: 	: 	: 	: 	: 	: 	: 	: 	: 	: 	: 	: 	: 	: 	: 	: 	: 	: 	: 	: 	: 	: 	: 	: 	: 	: 	: 	: 	: 	: 	: 	: 	: 	: 	: 	: 	: 	: 	: 	: 	: 	: 	: 	: 	: 	: 	: 	: 	: 	: 	: 	: 	: 	: 	: 	: 	: 	: 	: 	: 	: 	: 	: 	: 	: 	: 	: 	: 	: 	: 	: 	: 	: 	: 	: 	: 	: 	: 	: 	: 	: 	: 	: 	: 	: 	: 	: 	: 	: 	: 	: 	: 	: 	: 	: 	: 	: 	: 	4281 	5063 	4111 	2834 	1299 	1474 	1508 	1498 	1693 	1872 	1565 	1356 	1190 	1163 	892 	779 	16289 	: 	: 	: 	: 	: 	: 	: 	: 	: 	: 	: 	: 	: 	: 	: 	: 	: 	: 	: 	: 	: 	: 	: 	: 	: 	: 	: 	: 	: 	: 	: 	: 	: 	: 	: 	: 	: 	: 	: 	: 	: 	: 
PAS,PAS_CRD_DEP,SK_LZIB_CZ_LKPR	: 	: 	: 	: 	: 	: 	: 	: 	: 	: 	: 	: 	: 	: 	: 	: 	: 	: 	: 	: 	: 	: 	: 	: 	: 	: 	: 	: 	: 	: 	: 	: 	: 	: 	: 	: 	: 	: 	: 	: 	: 	: 	: 	: 	: 	: 	: 	: 	: 	: 	: 	: 	: 	: 	: 	: 	: 	: 	: 	: 	: 	: 	: 	: 	: 	: 	: 	: 	: 	: 	: 	: 	: 	: 	: 	: 	: 	: 	: 	: 	: 	: 	: 	: 	: 	: 	: 	: 	: 	: 	: 	: 	: 	: 	182 	1610 	4806 	4273 	75 	48 	59 	86 	53 	1471 	1501 	1955 	1350 	1546 	1395 	1332 	10871 	6508 	8175 	8103 	7718 	1589 	1641 	3278 	3044 	2381 	2750 	2778 	3040 	2285 	2956 	2424 	2338 	30504 	9289 	10179 	9515 	8051 	2351 	3189 	3749 	4013 	2939 	3227 	3503 	3009 	3003 	2997 	2516 	2538 	37034 	8924 	10008 	11818 	16136 	2420 	3101 	3403 	3595 	2963 	3450 	4353 	3718 	3747 	5528 	5385 	5223 	46886 	18833 	12029 	12648 	10926 	6301 	7641 	4891 	4472 	3847 	3710 	4915 	4072 	3661 	3891 	3525 	3510 	54436 	11422 	13575 	12327 	8899 	3464 	3855 	4103 	4419 	4528 	4628 	5559 	3614 	3154 	3134 	2605 	3160 	46223 	: 	: 	: 	: 	: 	: 	: 	: 	: 	: 	: 	: 	: 	: 	: 	: 	: 	: 	: 	: 	: 	: 	: 	: 	: 	: 	: 	: 	: 	: 	: 	: 	: 	: 	: 	: 	: 	: 	: 	: 	: 	36761 
PAS,PAS_CRD_DEP,SK_LZIB_DE_EDDB	8575 	7207 	3000 	2842 	2812 	2921 	2434 	2312 	2461 	9525 	14757 	13795 	13419 	2433 	2032 	5060 	4943 	5196 	4618 	4586 	4890 	4319 	4633 	4577 	4209 	51496 	: 	: 	: 	: 	: 	: 	: 	: 	: 	: 	: 	: 	: 	: 	: 	: 	: 	: 	: 	: 	: 	: 	: 	: 	: 	: 	: 	: 	: 	: 	: 	: 	: 	: 	: 	: 	: 	: 	: 	: 	: 	: 	: 	: 	: 	: 	: 	: 	: 	: 	: 	: 	: 	: 	: 	: 	: 	: 	: 	: 	: 	: 	: 	: 	: 	: 	: 	: 	: 	: 	: 	: 	: 	: 	: 	: 	: 	: 	: 	: 	: 	: 	: 	: 	: 	: 	: 	: 	: 	: 	: 	: 	: 	: 	: 	: 	: 	: 	: 	: 	: 	: 	: 	: 	: 	: 	: 	: 	: 	: 	: 	: 	: 	: 	: 	: 	: 	: 	: 	: 	: 	: 	: 	: 	: 	: 	: 	: 	: 	: 	: 	: 	: 	: 	: 	: 	: 	: 	: 	: 	: 	: 	: 	: 	: 	: 	: 	: 	: 	: 	: 	: 	: 	: 	: 	: 	: 	: 	: 	: 	: 	: 	: 	: 	: 	: 	: 	: 	: 	: 	: 	: 	: 	: 	: 	: 	: 	: 	: 	: 	: 	: 	: 	: 	: 	: 	: 	: 	: 	: 	: 	: 	: 	: 	: 	: 	: 	: 	: 	: 	: 	: 	: 	: 	: 	: 	: 	: 	: 	: 	: 	: 
PAS,PAS_CRD_DEP,SK_LZIB_DE_EDDK	: 	: 	: 	: 	: 	: 	: 	: 	: 	: 	: 	: 	: 	: 	: 	: 	: 	: 	: 	: 	: 	: 	: 	: 	: 	: 	: 	: 	: 	: 	: 	: 	: 	: 	: 	: 	: 	: 	: 	: 	: 	: 	: 	: 	: 	: 	: 	: 	: 	: 	: 	: 	: 	: 	: 	: 	: 	: 	: 	: 	: 	: 	: 	: 	: 	: 	: 	: 	: 	: 	: 	: 	: 	: 	: 	: 	: 	: 	: 	: 	: 	: 	: 	: 	: 	: 	: 	: 	: 	: 	: 	: 	: 	: 	: 	: 	: 	: 	: 	: 	: 	: 	: 	: 	: 	: 	: 	: 	: 	: 	: 	: 	: 	: 	: 	: 	: 	: 	: 	: 	: 	: 	: 	: 	: 	: 	: 	: 	: 	: 	: 	: 	: 	: 	: 	: 	: 	: 	: 	: 	: 	: 	: 	: 	: 	: 	: 	: 	: 	: 	: 	: 	: 	: 	: 	: 	: 	: 	: 	: 	: 	: 	: 	: 	: 	: 	: 	: 	: 	: 	: 	: 	: 	: 	: 	: 	: 	: 	: 	2608 	3190 	3064 	2412 	690 	771 	1147 	1000 	1124 	1066 	1042 	1113 	909 	967 	743 	702 	11274 	: 	: 	: 	: 	: 	: 	: 	: 	: 	: 	: 	: 	: 	: 	: 	: 	: 	: 	: 	: 	: 	: 	: 	: 	: 	: 	: 	: 	: 	: 	: 	: 	: 	: 	: 	: 	: 	: 	: 	: 	: 	: 
PAS,PAS_CRD_DEP,SK_LZIB_DE_EDDM	: 	: 	: 	: 	: 	: 	: 	: 	: 	: 	: 	: 	: 	: 	: 	: 	: 	: 	: 	: 	: 	: 	: 	: 	: 	: 	: 	: 	: 	: 	: 	: 	: 	: 	: 	: 	: 	: 	: 	: 	: 	: 	: 	: 	: 	: 	: 	: 	: 	: 	: 	: 	: 	: 	: 	: 	: 	: 	: 	: 	: 	: 	: 	: 	: 	: 	: 	: 	: 	: 	: 	: 	: 	: 	: 	: 	: 	: 	: 	: 	: 	: 	: 	: 	: 	: 	: 	: 	: 	: 	: 	: 	: 	: 	: 	: 	: 	: 	: 	: 	: 	: 	: 	: 	: 	: 	: 	: 	: 	: 	: 	: 	: 	: 	: 	: 	: 	: 	: 	: 	: 	: 	: 	: 	: 	: 	: 	: 	: 	: 	: 	: 	: 	: 	: 	: 	: 	: 	: 	: 	: 	: 	: 	: 	: 	4939 	5791 	6891 	6138 	1072 	1724 	2143 	2040 	1878 	1873 	2369 	2171 	2351 	1990 	1983 	2165 	23759 	7064 	7308 	7754 	6561 	1856 	2390 	2818 	2924 	2006 	2378 	2858 	2665 	2231 	2550 	2068 	1943 	28687 	7342 	7011 	7644 	6180 	1985 	2471 	2886 	2501 	2092 	2418 	2741 	2665 	2238 	2366 	1949 	1865 	28177 	: 	: 	: 	: 	: 	: 	: 	: 	: 	: 	: 	: 	: 	: 	: 	: 	: 	: 	: 	: 	: 	: 	: 	: 	: 	: 	: 	: 	: 	: 	: 	: 	: 	: 	: 	: 	: 	: 	: 	: 	: 	: 
PAS,PAS_CRD_DEP,SK_LZIB_DE_EDFH	: 	: 	: 	: 	: 	: 	: 	: 	: 	: 	: 	: 	: 	: 	: 	: 	: 	: 	: 	: 	: 	: 	: 	: 	: 	: 	: 	: 	: 	: 	: 	: 	: 	: 	: 	: 	: 	: 	: 	: 	: 	: 	: 	: 	: 	: 	: 	: 	: 	: 	: 	: 	: 	: 	: 	: 	: 	: 	: 	: 	: 	: 	: 	: 	: 	: 	: 	: 	: 	: 	: 	: 	: 	: 	: 	: 	: 	: 	: 	: 	: 	: 	: 	: 	: 	: 	: 	: 	: 	: 	: 	: 	: 	: 	: 	: 	: 	: 	: 	: 	: 	: 	: 	: 	: 	: 	: 	: 	: 	: 	: 	: 	: 	: 	: 	: 	: 	: 	: 	: 	: 	: 	: 	: 	: 	: 	: 	: 	4336 	5764 	5350 	6055 	1223 	1271 	1842 	1745 	2049 	1970 	1915 	1697 	1738 	2121 	2007 	1927 	21505 	7839 	12839 	11253 	8650 	1968 	2056 	3815 	3784 	4539 	4516 	4090 	3925 	3238 	3129 	2886 	2635 	40581 	9354 	12582 	12749 	10659 	2726 	2473 	4155 	3869 	4413 	4300 	4293 	4059 	4397 	3747 	3326 	3586 	45344 	11660 	12928 	12290 	9042 	3642 	3492 	4526 	4038 	4636 	4254 	4386 	3850 	4054 	3051 	2687 	3304 	45920 	: 	: 	: 	: 	: 	: 	: 	: 	: 	: 	: 	: 	: 	: 	: 	: 	: 	: 	: 	: 	: 	: 	: 	: 	: 	: 	: 	: 	: 	: 	: 	: 	: 	: 	: 	: 	: 	: 	: 	: 	: 	: 
PAS,PAS_CRD_DEP,SK_LZIB_DK_EKCH	: 	: 	: 	: 	: 	: 	: 	: 	: 	: 	: 	: 	: 	: 	: 	: 	: 	: 	: 	: 	: 	: 	: 	: 	: 	: 	: 	: 	: 	: 	: 	: 	: 	: 	: 	: 	: 	: 	: 	: 	: 	: 	: 	: 	: 	: 	: 	: 	: 	: 	: 	: 	: 	: 	: 	: 	: 	: 	: 	: 	: 	: 	: 	: 	: 	: 	: 	: 	: 	: 	: 	: 	: 	: 	: 	: 	: 	: 	: 	: 	: 	: 	: 	: 	: 	: 	: 	: 	: 	: 	: 	: 	: 	: 	: 	: 	: 	: 	: 	: 	: 	: 	: 	: 	: 	: 	: 	: 	: 	: 	: 	: 	: 	: 	: 	: 	: 	: 	: 	: 	: 	: 	: 	: 	: 	: 	: 	: 	: 	: 	: 	: 	: 	: 	: 	: 	: 	: 	: 	: 	: 	: 	: 	: 	: 	: 	: 	: 	: 	: 	: 	: 	: 	: 	: 	: 	: 	: 	: 	: 	: 	: 	: 	: 	: 	: 	: 	: 	: 	: 	: 	: 	: 	: 	: 	: 	: 	: 	: 	2591 	2856 	2446 	2343 	741 	875 	975 	765 	1032 	1059 	881 	732 	833 	879 	757 	707 	10236 	: 	: 	: 	: 	: 	: 	: 	: 	: 	: 	: 	: 	: 	: 	: 	: 	: 	: 	: 	: 	: 	: 	: 	: 	: 	: 	: 	: 	: 	: 	: 	: 	: 	: 	: 	: 	: 	: 	: 	: 	: 	: 
PAS,PAS_CRD_DEP,SK_LZIB_EG_HEGN	6242 	1597 	5138 	3226 	2351 	665 	742 	545 	310 	2499 	10599 	1229 	: 	640 	581 	1278 	3167 	3609 	3823 	1229 	: 	: 	: 	: 	: 	14327 	1392 	10207 	5632 	502 	: 	: 	1392 	2437 	3666 	4104 	2862 	1588 	1182 	315 	: 	187 	17733 	2425 	9797 	4485 	: 	293 	397 	1735 	2507 	3485 	3805 	2908 	1222 	355 	: 	: 	: 	16707 	706 	5537 	6438 	184 	: 	268 	438 	398 	1416 	3723 	3873 	1769 	796 	184 	: 	: 	12865 	1989 	11081 	7191 	349 	: 	504 	1485 	3052 	3639 	4390 	3753 	2233 	1205 	332 	: 	17 	20610 	4110 	16545 	7937 	878 	289 	804 	3017 	4589 	5898 	6058 	4509 	2097 	1331 	525 	4 	349 	29470 	5645 	20225 	10642 	2176 	940 	1432 	3273 	5738 	7038 	7449 	5954 	3418 	1270 	945 	600 	631 	38688 	4997 	17569 	11048 	2029 	749 	1068 	3180 	4945 	6209 	6415 	5741 	3470 	1837 	1228 	493 	308 	35643 	5592 	22743 	14658 	4292 	803 	1279 	3510 	6481 	7691 	8571 	7410 	4465 	2783 	2094 	1447 	751 	47285 	6017 	19544 	11982 	2133 	998 	1447 	3572 	5549 	6718 	7277 	5905 	3807 	2270 	1154 	519 	460 	39676 	3613 	11927 	8819 	2119 	758 	779 	2076 	3421 	4331 	4175 	3835 	3105 	1879 	1219 	504 	396 	26478 	: 	: 	: 	: 	: 	: 	: 	: 	: 	: 	: 	: 	: 	: 	: 	: 	: 	: 	: 	: 	: 	: 	: 	: 	: 	: 	: 	: 	: 	: 	: 	: 	: 	: 	: 	: 	: 	: 	: 	: 	: 	: 
PAS,PAS_CRD_DEP,SK_LZIB_EL_LGAV	4666 	4429 	1657 	1438 	1616 	1612 	1435 	1428 	1566 	5645 	6850 	6645 	6574 	2029 	1502 	2114 	2222 	2267 	2361 	2324 	2245 	2076 	2263 	2022 	2289 	25714 	6348 	7358 	6700 	168 	2369 	1845 	2134 	1846 	2719 	2793 	2551 	2063 	2086 	: 	: 	168 	20574 	: 	: 	: 	: 	: 	: 	: 	: 	: 	: 	: 	: 	: 	: 	: 	: 	: 	: 	: 	: 	: 	: 	: 	: 	: 	: 	: 	: 	: 	: 	: 	: 	: 	: 	: 	: 	: 	: 	: 	: 	: 	: 	: 	: 	: 	: 	: 	: 	: 	: 	: 	: 	: 	: 	: 	: 	: 	: 	: 	: 	: 	: 	: 	: 	: 	: 	: 	: 	: 	: 	: 	: 	: 	: 	: 	: 	: 	: 	: 	: 	: 	: 	: 	: 	: 	: 	: 	: 	: 	: 	: 	: 	: 	: 	: 	: 	: 	: 	: 	: 	: 	: 	: 	: 	: 	: 	: 	: 	: 	: 	: 	: 	: 	: 	: 	: 	: 	: 	: 	: 	: 	: 	: 	: 	: 	: 	: 	: 	: 	: 	: 	: 	: 	: 	: 	: 	: 	: 	: 	: 	: 	: 	: 	: 	: 	: 	: 	: 	: 	: 	: 	: 	: 	: 	: 	: 	: 	: 	: 	: 	: 	: 	: 	: 	: 	: 	: 	: 	: 	: 	: 	: 	: 	: 	: 	: 	: 	: 	: 	: 	: 	: 	: 	: 	: 	: 	: 	: 	: 	: 	: 	: 	: 	: 	: 
PAS,PAS_CRD_DEP,SK_LZIB_EL_LGIR	: 	: 	: 	: 	: 	: 	: 	: 	: 	4 	16247 	3515 	: 	: 	: 	4 	3245 	6221 	6781 	3515 	: 	: 	: 	: 	: 	19766 	: 	12143 	2804 	: 	: 	: 	: 	2646 	4909 	4588 	2628 	176 	: 	: 	: 	: 	14947 	367 	9376 	2045 	177 	280 	: 	87 	2040 	3692 	3644 	2045 	: 	: 	177 	: 	: 	11965 	: 	7812 	2145 	: 	: 	: 	: 	1417 	3205 	3190 	2145 	: 	: 	: 	: 	: 	9957 	: 	: 	: 	: 	: 	: 	: 	: 	: 	: 	: 	: 	: 	: 	: 	: 	: 	: 	7891 	2230 	: 	: 	: 	: 	1740 	2904 	3247 	2230 	: 	: 	: 	: 	: 	10121 	: 	7832 	2237 	3 	: 	: 	: 	1578 	2808 	3446 	2237 	: 	: 	3 	: 	: 	10072 	: 	: 	: 	: 	: 	: 	: 	: 	: 	: 	: 	: 	: 	: 	: 	: 	: 	140 	10958 	3257 	: 	: 	96 	44 	2440 	4217 	4301 	3201 	52 	4 	: 	: 	: 	14355 	: 	7858 	2539 	: 	: 	: 	: 	1354 	3297 	3207 	2426 	113 	: 	: 	: 	: 	10397 	178 	11034 	3072 	: 	149 	: 	29 	2029 	4242 	4763 	2818 	254 	: 	: 	: 	: 	14284 	: 	: 	: 	: 	: 	: 	: 	: 	: 	: 	: 	: 	: 	: 	: 	: 	: 	: 	: 	: 	: 	: 	: 	: 	: 	: 	: 	: 	: 	: 	: 	: 	: 	: 	: 	: 	: 	: 	: 	: 	: 	: 
PAS,PAS_CRD_DEP,SK_LZIB_EL_LGKR	: 	: 	: 	: 	: 	: 	: 	: 	: 	473 	8995 	2833 	: 	: 	: 	473 	2092 	3526 	3377 	2024 	637 	172 	: 	: 	: 	12301 	: 	: 	: 	: 	: 	: 	: 	: 	: 	: 	: 	: 	: 	: 	: 	: 	: 	: 	: 	: 	: 	: 	: 	: 	: 	: 	: 	: 	: 	: 	: 	: 	: 	: 	: 	: 	: 	: 	: 	: 	: 	: 	: 	: 	: 	: 	: 	: 	: 	: 	: 	: 	: 	: 	: 	: 	: 	: 	: 	: 	: 	: 	: 	: 	: 	: 	: 	: 	: 	: 	: 	: 	: 	: 	: 	: 	: 	: 	: 	: 	: 	: 	: 	: 	: 	: 	: 	: 	: 	: 	: 	: 	: 	: 	: 	: 	: 	: 	: 	: 	: 	: 	: 	: 	: 	: 	: 	: 	: 	: 	: 	: 	: 	: 	: 	: 	: 	: 	: 	: 	: 	: 	: 	: 	: 	: 	: 	: 	: 	: 	: 	: 	: 	: 	: 	: 	: 	: 	: 	: 	: 	: 	: 	: 	: 	: 	: 	: 	: 	: 	: 	: 	: 	: 	: 	: 	: 	: 	: 	: 	: 	: 	: 	: 	: 	: 	: 	: 	: 	: 	: 	: 	: 	: 	: 	: 	: 	: 	: 	: 	: 	: 	: 	: 	: 	: 	: 	: 	: 	: 	: 	: 	: 	: 	: 	: 	: 	: 	: 	: 	: 	: 	: 	: 	: 	: 	: 	: 	: 	: 	: 	: 
PAS,PAS_CRD_DEP,SK_LZIB_EL_LGRP	: 	: 	: 	: 	: 	: 	: 	: 	: 	: 	14255 	3068 	: 	: 	: 	: 	3188 	5529 	5538 	3068 	: 	: 	: 	: 	: 	17323 	: 	14137 	3900 	: 	: 	: 	: 	2921 	5562 	5654 	3900 	: 	: 	: 	: 	: 	18037 	12 	12857 	3265 	: 	: 	: 	12 	3034 	4698 	5125 	3265 	: 	: 	: 	: 	: 	16134 	: 	9450 	2759 	: 	: 	: 	: 	2074 	3524 	3852 	2759 	: 	: 	: 	: 	: 	12209 	14 	10136 	2219 	: 	: 	: 	14 	2377 	3625 	4134 	2219 	: 	: 	: 	: 	: 	12369 	: 	11390 	3705 	: 	: 	: 	: 	2432 	4136 	4822 	3577 	128 	: 	: 	: 	: 	15095 	: 	10481 	2691 	: 	: 	: 	: 	2423 	4137 	3921 	2691 	: 	: 	: 	: 	: 	13172 	: 	11293 	3472 	: 	: 	: 	: 	2419 	4408 	4466 	3472 	: 	: 	: 	: 	: 	14765 	: 	12233 	3794 	: 	: 	: 	: 	2810 	4516 	4907 	3613 	181 	: 	: 	: 	: 	16027 	24 	14490 	4507 	: 	: 	: 	24 	3189 	5326 	5975 	4507 	: 	: 	: 	: 	: 	19021 	217 	16559 	4848 	: 	: 	: 	217 	3782 	6051 	6726 	4745 	103 	: 	: 	: 	: 	21624 	: 	: 	: 	: 	: 	: 	: 	: 	: 	: 	: 	: 	: 	: 	: 	: 	: 	: 	: 	: 	: 	: 	: 	: 	: 	: 	: 	: 	: 	: 	: 	: 	: 	: 	: 	: 	: 	: 	: 	: 	: 	: 
PAS,PAS_CRD_DEP,SK_LZIB_ES_GCLP	: 	: 	: 	: 	: 	: 	: 	: 	: 	: 	: 	: 	: 	: 	: 	: 	: 	: 	: 	: 	: 	: 	: 	: 	: 	: 	: 	: 	: 	: 	: 	: 	: 	: 	: 	: 	: 	: 	: 	: 	: 	: 	: 	: 	: 	: 	: 	: 	: 	: 	: 	: 	: 	: 	: 	: 	: 	: 	: 	: 	: 	: 	: 	: 	: 	: 	: 	: 	: 	: 	: 	: 	: 	: 	: 	: 	: 	: 	: 	: 	: 	: 	: 	: 	: 	: 	: 	: 	: 	: 	: 	: 	: 	: 	4317 	6074 	4496 	1931 	1458 	1287 	1572 	1863 	2042 	2169 	1573 	1465 	1458 	1277 	654 	: 	16818 	: 	: 	: 	: 	: 	: 	: 	: 	: 	: 	: 	: 	: 	: 	: 	: 	: 	: 	: 	: 	: 	: 	: 	: 	: 	: 	: 	: 	: 	: 	: 	: 	: 	: 	: 	: 	: 	: 	: 	: 	: 	: 	: 	: 	: 	: 	: 	: 	: 	: 	: 	: 	: 	: 	: 	: 	: 	: 	: 	: 	: 	: 	: 	: 	: 	: 	: 	: 	: 	: 	: 	: 	: 	: 	: 	: 	: 	: 	: 	: 	: 	: 	: 	: 	: 	: 	: 	: 	: 	: 	: 	: 	: 	: 	: 	: 	: 	: 	: 	: 	: 	: 	: 	: 	: 	: 	: 	: 	: 	: 	: 	: 	: 	: 	: 	: 	: 	: 	: 	: 	: 	: 	: 	: 	: 	: 	: 
PAS,PAS_CRD_DEP,SK_LZIB_ES_LEAL	: 	: 	: 	: 	: 	: 	: 	: 	: 	: 	: 	: 	: 	: 	: 	: 	: 	: 	: 	: 	: 	: 	: 	: 	: 	: 	: 	: 	: 	: 	: 	: 	: 	: 	: 	: 	: 	: 	: 	: 	: 	: 	: 	: 	: 	: 	: 	: 	: 	: 	: 	: 	: 	: 	: 	: 	: 	: 	: 	: 	: 	: 	: 	: 	: 	: 	: 	: 	: 	: 	: 	: 	: 	: 	: 	: 	: 	: 	: 	: 	: 	: 	: 	: 	: 	: 	: 	: 	: 	: 	: 	: 	: 	: 	1857 	6851 	6320 	4048 	: 	: 	1857 	2179 	2319 	2353 	2258 	2188 	1874 	1771 	1187 	1090 	19076 	3342 	4761 	4286 	3584 	866 	1201 	1275 	1550 	1580 	1631 	1441 	1497 	1348 	1359 	1073 	1152 	15973 	3479 	5196 	1262 	: 	976 	1200 	1303 	1358 	2274 	1564 	1262 	: 	: 	: 	: 	: 	9937 	: 	: 	: 	: 	: 	: 	: 	: 	: 	: 	: 	: 	: 	: 	: 	: 	: 	: 	: 	: 	: 	: 	: 	: 	: 	: 	: 	: 	: 	: 	: 	: 	: 	: 	: 	: 	: 	: 	: 	: 	: 	: 	: 	: 	: 	: 	: 	: 	: 	: 	: 	: 	: 	: 	: 	: 	: 	: 	: 	: 	: 	: 	: 	: 	: 	: 	: 	: 	: 	: 	: 	: 	: 	: 	: 	: 	: 	: 	: 	: 	: 	: 	: 	: 	: 	: 	: 	: 	: 	: 	: 	: 	: 
PAS,PAS_CRD_DEP,SK_LZIB_ES_LEBL	: 	: 	: 	: 	: 	: 	: 	: 	: 	: 	: 	: 	: 	: 	: 	: 	: 	: 	: 	: 	: 	: 	: 	: 	: 	: 	: 	: 	: 	: 	: 	: 	: 	: 	: 	: 	: 	: 	: 	: 	: 	: 	: 	: 	: 	: 	: 	: 	: 	: 	: 	: 	: 	: 	: 	: 	: 	: 	: 	: 	: 	: 	: 	: 	: 	: 	: 	: 	: 	: 	: 	: 	: 	: 	: 	: 	: 	: 	: 	: 	: 	: 	: 	: 	: 	: 	: 	: 	: 	: 	: 	: 	: 	: 	: 	: 	: 	: 	: 	: 	: 	: 	: 	: 	: 	: 	: 	: 	: 	: 	: 	: 	: 	: 	: 	: 	: 	: 	: 	: 	: 	: 	: 	: 	: 	: 	: 	: 	: 	: 	: 	: 	: 	: 	: 	: 	: 	: 	: 	: 	: 	: 	: 	: 	: 	: 	: 	: 	: 	: 	: 	: 	: 	: 	: 	: 	: 	: 	: 	: 	: 	: 	1534 	5957 	4742 	2932 	101 	84 	1349 	1985 	1952 	2020 	2050 	1518 	1174 	1135 	895 	902 	15165 	2874 	7046 	4987 	2468 	800 	709 	1365 	2232 	2420 	2394 	2193 	1430 	1364 	868 	738 	862 	17375 	: 	: 	: 	: 	: 	: 	: 	: 	: 	: 	: 	: 	: 	: 	: 	: 	: 	: 	: 	: 	: 	: 	: 	: 	: 	: 	: 	: 	: 	: 	: 	: 	: 	: 	: 	: 	: 	: 	: 	: 	: 	: 
PAS,PAS_CRD_DEP,SK_LZIB_ES_LEGE	4756 	4603 	2560 	1647 	1649 	1460 	1612 	1433 	1558 	4436 	6446 	4488 	4194 	1548 	1336 	1552 	1578 	3234 	1634 	1401 	1545 	1542 	1157 	1510 	1527 	19564 	4203 	6224 	4586 	4132 	1171 	1455 	1577 	1456 	3118 	1650 	1599 	1568 	1419 	1539 	1344 	1249 	19145 	4237 	6145 	4333 	: 	1470 	1270 	1497 	1380 	2466 	2299 	1546 	1341 	1446 	: 	: 	: 	14715 	1612 	4586 	4139 	804 	: 	142 	1470 	1578 	1411 	1597 	1525 	1481 	1133 	804 	: 	: 	11141 	1420 	4904 	4255 	262 	: 	: 	1420 	1769 	1558 	1577 	1383 	1362 	1510 	262 	: 	: 	10841 	1301 	4532 	4487 	2090 	: 	: 	1301 	1503 	1414 	1615 	1593 	1549 	1345 	2090 	: 	0 	12410 	1811 	6761 	5702 	4959 	0 	: 	1811 	2042 	2428 	2291 	2256 	1887 	1559 	1948 	1513 	1498 	19233 	4408 	4505 	4435 	87 	1516 	1414 	1478 	1438 	1534 	1533 	1351 	1555 	1529 	87 	: 	: 	13435 	1944 	9238 	7800 	6301 	: 	: 	1944 	2694 	3255 	3289 	3066 	2476 	2258 	2451 	2182 	1668 	25283 	: 	: 	: 	: 	: 	: 	: 	: 	: 	: 	: 	: 	: 	: 	: 	: 	: 	: 	: 	: 	: 	: 	: 	: 	: 	: 	: 	: 	: 	: 	: 	: 	: 	: 	: 	: 	: 	: 	: 	: 	: 	: 	: 	: 	: 	: 	: 	: 	: 	: 	: 	: 	: 	: 	: 	: 	: 	: 	: 	: 	: 	: 	: 	: 	: 	: 	: 	: 	: 	: 	: 	: 	: 	: 	: 	: 
PAS,PAS_CRD_DEP,SK_LZIB_ES_LEMD	4851 	5079 	1553 	1625 	1603 	1623 	1574 	1795 	1710 	5585 	7013 	6772 	6661 	1941 	1409 	2235 	2272 	2536 	2205 	2255 	2275 	2242 	2143 	2247 	2271 	26031 	6921 	6973 	6438 	174 	2407 	2264 	2250 	2258 	2280 	2435 	2059 	2157 	2222 	174 	: 	: 	20506 	: 	: 	: 	: 	: 	: 	: 	: 	: 	: 	: 	: 	: 	: 	: 	: 	: 	: 	: 	: 	: 	: 	: 	: 	: 	: 	: 	: 	: 	: 	: 	: 	: 	: 	: 	: 	: 	: 	: 	: 	: 	: 	: 	: 	: 	: 	: 	: 	: 	: 	: 	: 	: 	: 	: 	: 	: 	: 	: 	: 	: 	: 	: 	: 	: 	: 	: 	: 	: 	: 	: 	: 	: 	: 	: 	: 	: 	: 	: 	: 	: 	: 	: 	: 	: 	: 	: 	: 	: 	: 	: 	: 	: 	: 	: 	: 	: 	: 	: 	: 	: 	: 	: 	: 	: 	: 	: 	: 	: 	: 	: 	: 	: 	: 	: 	: 	: 	: 	: 	: 	: 	: 	: 	: 	: 	: 	: 	: 	: 	: 	: 	: 	: 	: 	: 	: 	: 	: 	: 	: 	: 	: 	: 	: 	: 	: 	: 	: 	: 	: 	: 	: 	: 	: 	: 	: 	: 	: 	: 	: 	: 	: 	: 	: 	: 	: 	: 	: 	: 	: 	: 	: 	: 	: 	: 	: 	: 	: 	: 	: 	: 	: 	: 	: 	: 	: 	: 	: 	: 	: 	: 	: 	: 	: 	: 
PAS,PAS_CRD_DEP,SK_LZIB_ES_LEMG	: 	: 	: 	: 	: 	: 	: 	: 	: 	1392 	6714 	5099 	726 	: 	: 	1392 	1944 	2383 	2387 	1954 	1560 	1585 	724 	2 	: 	13931 	1694 	6724 	4912 	183 	: 	162 	1532 	1811 	2341 	2572 	1963 	1575 	1374 	179 	4 	: 	13513 	1628 	6840 	4887 	2 	: 	123 	1505 	1810 	2512 	2518 	1945 	1388 	1554 	2 	: 	: 	13357 	1674 	6600 	4796 	372 	: 	147 	1527 	2004 	2090 	2506 	2008 	1574 	1214 	372 	: 	: 	13442 	1408 	10110 	7410 	434 	: 	: 	1408 	3124 	3619 	3367 	3386 	2033 	1991 	434 	: 	: 	19362 	1284 	5759 	4842 	3971 	: 	: 	1284 	1422 	2139 	2198 	1930 	1553 	1359 	1517 	1209 	1245 	15856 	: 	: 	: 	: 	: 	: 	: 	: 	: 	: 	: 	: 	: 	: 	: 	: 	: 	: 	: 	: 	: 	: 	: 	: 	: 	: 	: 	: 	: 	: 	: 	: 	: 	: 	: 	: 	: 	: 	: 	: 	: 	: 	: 	: 	: 	: 	: 	: 	: 	: 	: 	: 	: 	: 	: 	: 	: 	: 	: 	: 	: 	: 	: 	: 	: 	: 	: 	: 	: 	: 	: 	: 	: 	: 	: 	: 	: 	: 	: 	: 	: 	: 	: 	: 	: 	: 	: 	: 	: 	: 	: 	: 	: 	: 	: 	: 	: 	: 	: 	: 	: 	: 	: 	: 	: 	: 	: 	: 	: 	: 	: 	: 	: 	: 	: 	: 	: 	: 	: 	: 	: 	: 	: 	: 	: 	: 	: 
PAS,PAS_CRD_DEP,SK_LZIB_ES_LEPA	: 	: 	: 	: 	: 	: 	: 	: 	: 	1419 	10601 	5880 	: 	: 	: 	1419 	2581 	3909 	4111 	2810 	1531 	1539 	: 	: 	: 	17900 	1419 	8752 	5577 	186 	: 	99 	1320 	2181 	3265 	3306 	2591 	1604 	1382 	186 	: 	: 	15934 	768 	8752 	4445 	: 	: 	62 	706 	2267 	3049 	3436 	2241 	1536 	668 	: 	: 	: 	13965 	1499 	11858 	5813 	357 	: 	158 	1341 	2857 	4387 	4614 	3034 	1313 	1466 	353 	4 	: 	19527 	946 	11123 	5732 	325 	: 	: 	946 	2521 	4795 	3807 	3210 	1284 	1238 	325 	: 	: 	18126 	2068 	15368 	9782 	241 	: 	: 	2068 	3613 	5709 	6046 	4815 	2503 	2464 	241 	: 	: 	27459 	1988 	12643 	5795 	: 	: 	: 	1988 	2979 	4431 	5233 	3857 	1938 	: 	: 	: 	: 	20426 	: 	: 	: 	: 	: 	: 	: 	: 	: 	: 	: 	: 	: 	: 	: 	: 	: 	: 	: 	: 	: 	: 	: 	: 	: 	: 	: 	: 	: 	: 	: 	: 	: 	: 	: 	: 	: 	: 	: 	: 	: 	: 	: 	: 	: 	: 	: 	: 	: 	: 	: 	: 	: 	: 	: 	: 	: 	: 	: 	: 	: 	: 	: 	: 	: 	: 	: 	: 	: 	: 	: 	: 	: 	: 	: 	: 	: 	: 	: 	: 	: 	: 	: 	: 	: 	: 	: 	: 	: 	: 	: 	: 	: 	: 	: 	: 	: 	: 	: 	: 	: 	: 	: 	: 	: 	: 	: 	: 	: 	: 
PAS,PAS_CRD_DEP,SK_LZIB_FR_LFMN	: 	: 	: 	: 	: 	: 	: 	: 	: 	: 	: 	: 	: 	: 	: 	: 	: 	: 	: 	: 	: 	: 	: 	: 	: 	: 	: 	: 	: 	: 	: 	: 	: 	: 	: 	: 	: 	: 	: 	: 	: 	: 	: 	: 	: 	: 	: 	: 	: 	: 	: 	: 	: 	: 	: 	: 	: 	: 	: 	: 	: 	: 	: 	: 	: 	: 	: 	: 	: 	: 	: 	: 	: 	: 	: 	: 	: 	: 	: 	: 	: 	: 	: 	: 	: 	: 	: 	: 	: 	: 	: 	: 	: 	: 	: 	: 	: 	: 	: 	: 	: 	: 	: 	: 	: 	: 	: 	: 	: 	: 	: 	: 	: 	: 	: 	: 	: 	: 	: 	: 	: 	: 	: 	: 	: 	: 	: 	: 	: 	: 	: 	: 	: 	: 	: 	: 	: 	: 	: 	: 	: 	: 	: 	: 	: 	: 	: 	: 	: 	: 	: 	: 	: 	: 	: 	: 	: 	: 	: 	: 	: 	: 	: 	: 	: 	: 	: 	: 	: 	: 	: 	: 	: 	: 	: 	: 	: 	: 	: 	1199 	4872 	4663 	2652 	: 	: 	1199 	1560 	1555 	1757 	1652 	1602 	1409 	1156 	687 	809 	13386 	: 	: 	: 	: 	: 	: 	: 	: 	: 	: 	: 	: 	: 	: 	: 	: 	: 	: 	: 	: 	: 	: 	: 	: 	: 	: 	: 	: 	: 	: 	: 	: 	: 	: 	: 	: 	: 	: 	: 	: 	: 	: 
PAS,PAS_CRD_DEP,SK_LZIB_FR_LFOB	: 	: 	: 	: 	: 	: 	: 	: 	: 	2455 	6049 	5295 	: 	: 	499 	1956 	1904 	2281 	1864 	1483 	1856 	1956 	: 	: 	: 	13799 	2451 	6650 	6363 	162 	: 	157 	2294 	2251 	2301 	2098 	2175 	2237 	1951 	162 	: 	: 	15626 	1109 	6643 	5898 	1 	: 	: 	1109 	2051 	2442 	2150 	1657 	2188 	2053 	1 	: 	: 	13651 	1697 	6508 	6141 	143 	: 	: 	1697 	2166 	2252 	2090 	2032 	2321 	1788 	143 	: 	: 	14489 	2096 	8112 	8107 	4653 	: 	: 	2096 	2270 	3031 	2811 	2689 	2699 	2719 	1507 	1514 	1632 	22968 	5740 	8180 	8362 	5152 	1685 	1583 	2472 	2469 	2950 	2761 	2762 	2864 	2736 	2025 	1579 	1548 	27434 	6048 	7851 	7481 	7095 	1829 	1824 	2395 	2413 	2899 	2539 	2727 	2855 	1899 	2732 	1995 	2368 	28475 	: 	: 	: 	: 	: 	: 	: 	: 	: 	: 	: 	: 	: 	: 	: 	: 	: 	: 	: 	: 	: 	: 	: 	: 	: 	: 	: 	: 	: 	: 	: 	: 	: 	: 	: 	: 	: 	: 	: 	: 	: 	: 	: 	: 	: 	: 	: 	: 	: 	: 	: 	: 	: 	: 	: 	: 	: 	: 	: 	: 	: 	: 	: 	: 	: 	: 	: 	: 	: 	: 	: 	: 	: 	: 	: 	: 	: 	: 	: 	: 	: 	: 	: 	: 	: 	: 	: 	: 	: 	: 	: 	: 	: 	: 	: 	: 	: 	: 	: 	: 	: 	: 	: 	: 	: 	: 	: 	: 	: 	: 
PAS,PAS_CRD_DEP,SK_LZIB_FR_LFPO	: 	: 	: 	: 	: 	: 	: 	: 	: 	: 	: 	: 	: 	: 	: 	: 	: 	: 	: 	: 	: 	: 	: 	: 	: 	: 	: 	: 	: 	: 	: 	: 	: 	: 	: 	: 	: 	: 	: 	: 	: 	: 	: 	: 	: 	: 	: 	: 	: 	: 	: 	: 	: 	: 	: 	: 	: 	: 	: 	: 	: 	: 	: 	: 	: 	: 	: 	: 	: 	: 	: 	: 	: 	: 	: 	: 	: 	: 	: 	: 	: 	: 	: 	: 	: 	: 	: 	: 	: 	: 	: 	: 	: 	: 	: 	: 	: 	: 	: 	: 	: 	: 	: 	: 	: 	: 	: 	: 	: 	: 	: 	: 	: 	: 	: 	: 	: 	: 	: 	: 	: 	: 	: 	: 	: 	: 	: 	: 	: 	6838 	13580 	10862 	: 	: 	: 	: 	3993 	2845 	3307 	5174 	5099 	3919 	3444 	3499 	31280 	13520 	10519 	16781 	13951 	4195 	4593 	4732 	3930 	3189 	3400 	4263 	6566 	5952 	5548 	4105 	4298 	54771 	13306 	9253 	13409 	12060 	4028 	4697 	4581 	3264 	3000 	2989 	3806 	4990 	4613 	5112 	3817 	3131 	48028 	12311 	10161 	14361 	11549 	3463 	4149 	4699 	4192 	2995 	2974 	4406 	5424 	4531 	4448 	3615 	3486 	48382 	: 	: 	: 	: 	: 	: 	: 	: 	: 	: 	: 	: 	: 	: 	: 	: 	: 	: 	: 	: 	: 	: 	: 	: 	: 	: 	: 	: 	: 	: 	: 	: 	: 	: 	: 	: 	: 	: 	: 	: 	: 	: 
PAS,PAS_CRD_DEP,SK_LZIB_FR_LFSB	: 	: 	: 	: 	: 	: 	: 	: 	: 	: 	: 	: 	: 	: 	: 	: 	: 	: 	: 	: 	: 	: 	: 	: 	: 	: 	: 	: 	: 	: 	: 	: 	: 	: 	: 	: 	: 	: 	: 	: 	: 	: 	: 	: 	: 	: 	: 	: 	: 	: 	: 	: 	: 	: 	: 	: 	: 	: 	: 	: 	: 	: 	: 	: 	: 	: 	: 	: 	: 	: 	: 	: 	: 	: 	: 	: 	: 	: 	: 	: 	: 	: 	: 	: 	: 	: 	: 	: 	: 	: 	: 	: 	: 	: 	: 	: 	: 	: 	: 	: 	: 	: 	: 	: 	: 	: 	: 	: 	: 	: 	: 	: 	: 	: 	: 	: 	: 	: 	: 	: 	: 	: 	: 	: 	: 	: 	: 	: 	: 	: 	: 	: 	: 	: 	: 	: 	: 	: 	: 	: 	: 	: 	: 	: 	: 	: 	: 	: 	: 	: 	: 	: 	: 	: 	: 	: 	: 	: 	: 	: 	: 	: 	1345 	5528 	4302 	4330 	: 	: 	1345 	1609 	2029 	1890 	1467 	1387 	1448 	1593 	1431 	1306 	15505 	4268 	4916 	4626 	3541 	1204 	1331 	1733 	1560 	1660 	1696 	1630 	1475 	1521 	1370 	978 	1193 	17351 	: 	: 	: 	: 	: 	: 	: 	: 	: 	: 	: 	: 	: 	: 	: 	: 	: 	: 	: 	: 	: 	: 	: 	: 	: 	: 	: 	: 	: 	: 	: 	: 	: 	: 	: 	: 	: 	: 	: 	: 	: 	: 
PAS,PAS_CRD_DEP,SK_LZIB_IE_EICK	: 	: 	: 	: 	: 	: 	: 	: 	: 	: 	: 	: 	: 	: 	: 	: 	: 	: 	: 	: 	: 	: 	: 	: 	: 	: 	: 	: 	: 	: 	: 	: 	: 	: 	: 	: 	: 	: 	: 	: 	: 	: 	: 	: 	: 	: 	: 	: 	: 	: 	: 	: 	: 	: 	: 	: 	: 	: 	: 	: 	: 	: 	: 	: 	: 	: 	: 	: 	: 	: 	: 	: 	: 	: 	: 	: 	: 	: 	: 	: 	: 	: 	: 	: 	: 	: 	: 	: 	: 	: 	: 	: 	: 	: 	: 	: 	: 	: 	: 	: 	: 	: 	: 	: 	: 	: 	: 	: 	: 	: 	: 	: 	: 	: 	: 	: 	: 	: 	: 	: 	: 	: 	: 	: 	: 	: 	: 	: 	: 	: 	: 	: 	: 	: 	: 	: 	: 	: 	: 	: 	: 	: 	: 	: 	: 	767 	4758 	4332 	4318 	: 	: 	767 	1432 	1681 	1645 	1437 	1502 	1393 	1518 	1297 	1503 	14175 	: 	: 	: 	: 	: 	: 	: 	: 	: 	: 	: 	: 	: 	: 	: 	: 	: 	: 	: 	: 	: 	: 	: 	: 	: 	: 	: 	: 	: 	: 	: 	: 	: 	: 	: 	: 	: 	: 	: 	: 	: 	: 	: 	: 	: 	: 	: 	: 	: 	: 	: 	: 	: 	: 	: 	: 	: 	: 	: 	: 	: 	: 	: 	: 	: 	: 	: 	: 	: 	: 	: 	: 	: 	: 	: 	: 
PAS,PAS_CRD_DEP,SK_LZIB_IE_EIDW	15612 	15898 	5521 	5178 	5270 	5164 	5527 	4902 	5469 	17200 	17115 	16066 	15983 	5231 	6429 	5540 	5991 	5728 	5396 	5112 	5576 	5378 	5536 	5069 	5378 	66364 	15538 	16748 	15592 	15442 	4754 	5308 	5476 	5376 	5900 	5472 	5095 	5224 	5273 	5415 	4831 	5196 	63320 	14157 	13587 	11206 	10800 	4647 	4893 	4617 	4611 	4496 	4480 	4008 	3665 	3533 	3764 	3178 	3858 	49750 	11380 	14254 	12576 	10407 	3316 	3555 	4509 	4681 	4803 	4770 	4226 	3947 	4403 	3893 	2979 	3535 	48617 	9422 	12149 	11699 	9488 	3350 	2931 	3141 	3328 	4681 	4140 	3404 	4092 	4203 	3209 	2792 	3487 	42758 	9087 	12359 	11454 	10874 	3083 	2853 	3151 	4108 	4203 	4048 	3939 	3915 	3600 	3612 	3333 	3929 	43774 	11317 	13516 	10486 	8444 	3266 	3666 	4385 	3952 	4906 	4658 	4202 	3439 	2845 	3109 	2603 	2732 	43763 	9444 	10255 	8962 	6592 	2744 	3021 	3679 	3762 	3245 	3248 	2980 	3072 	2910 	2357 	2019 	2216 	35253 	13152 	24931 	19484 	18756 	2772 	4336 	6044 	7300 	9081 	8550 	7047 	6401 	6036 	6639 	5698 	6419 	76323 	16595 	15218 	14519 	13028 	4809 	6136 	5650 	5394 	4875 	4949 	4741 	5353 	4425 	4633 	3827 	4568 	59360 	11204 	12398 	11144 	4398 	3387 	3831 	3986 	3964 	4483 	3951 	3802 	3812 	3530 	1467 	1253 	1678 	39144 	: 	: 	: 	: 	: 	: 	: 	: 	: 	: 	: 	: 	: 	: 	: 	: 	: 	: 	: 	: 	: 	: 	: 	: 	: 	: 	: 	: 	: 	: 	: 	: 	: 	: 	: 	: 	: 	: 	: 	: 	: 	: 
PAS,PAS_CRD_DEP,SK_LZIB_IN_VIAR	: 	: 	: 	: 	: 	: 	: 	: 	: 	: 	: 	: 	: 	: 	: 	: 	: 	: 	: 	: 	: 	: 	: 	: 	: 	: 	: 	: 	: 	: 	: 	: 	: 	: 	: 	: 	: 	: 	: 	: 	: 	: 	: 	: 	: 	: 	: 	: 	: 	: 	: 	: 	: 	: 	: 	: 	: 	: 	: 	: 	: 	: 	: 	: 	: 	: 	: 	: 	: 	: 	: 	: 	: 	: 	: 	: 	: 	: 	: 	: 	: 	: 	: 	: 	: 	: 	: 	: 	: 	: 	: 	: 	: 	: 	: 	: 	: 	: 	: 	: 	: 	: 	: 	: 	: 	: 	: 	: 	: 	: 	: 	: 	: 	: 	: 	: 	: 	: 	: 	: 	: 	: 	: 	: 	: 	: 	: 	: 	: 	: 	: 	: 	: 	: 	: 	: 	: 	: 	: 	: 	: 	: 	: 	: 	: 	2063 	: 	1211 	6147 	921 	559 	583 	: 	: 	: 	119 	222 	870 	1973 	2080 	2094 	9421 	: 	: 	: 	: 	: 	: 	: 	: 	: 	: 	: 	: 	: 	: 	: 	: 	: 	: 	: 	: 	: 	: 	: 	: 	: 	: 	: 	: 	: 	: 	: 	: 	: 	: 	: 	: 	: 	: 	: 	: 	: 	: 	: 	: 	: 	: 	: 	: 	: 	: 	: 	: 	: 	: 	: 	: 	: 	: 	: 	: 	: 	: 	: 	: 	: 	: 	: 	: 	: 	: 	: 	: 	: 	: 	: 	: 
PAS,PAS_CRD_DEP,SK_LZIB_IT_LICT	: 	: 	: 	: 	: 	: 	: 	: 	: 	1309 	4577 	4511 	: 	: 	: 	1309 	1554 	1426 	1597 	1609 	1560 	1342 	: 	: 	: 	10397 	: 	: 	: 	: 	: 	: 	: 	: 	: 	: 	: 	: 	: 	: 	: 	: 	: 	1475 	4561 	4129 	: 	: 	106 	1369 	1359 	1614 	1588 	1498 	1265 	1366 	: 	: 	: 	10165 	: 	: 	: 	: 	: 	: 	: 	: 	: 	: 	: 	: 	: 	: 	: 	: 	: 	: 	: 	: 	: 	: 	: 	: 	: 	: 	: 	: 	: 	: 	: 	: 	: 	: 	: 	: 	: 	: 	: 	: 	: 	: 	: 	: 	: 	: 	: 	: 	: 	: 	: 	: 	: 	: 	: 	: 	: 	: 	: 	: 	: 	: 	: 	: 	: 	: 	: 	: 	: 	: 	: 	: 	: 	: 	: 	: 	: 	: 	: 	: 	: 	: 	: 	: 	: 	: 	: 	: 	: 	: 	: 	: 	: 	: 	: 	: 	: 	: 	: 	: 	: 	: 	: 	: 	: 	: 	: 	: 	: 	: 	: 	: 	: 	: 	: 	: 	: 	: 	: 	: 	: 	: 	: 	: 	: 	: 	: 	: 	: 	: 	: 	: 	: 	: 	: 	: 	: 	: 	: 	: 	: 	: 	: 	: 	: 	: 	: 	: 	: 	: 	: 	: 	: 	: 	: 	: 	: 	: 	: 	: 	: 	: 	: 	: 	: 	: 	: 	: 	: 	: 	: 	: 	: 	: 	: 	: 	: 	: 
PAS,PAS_CRD_DEP,SK_LZIB_IT_LIEA	: 	: 	: 	: 	: 	: 	: 	: 	: 	1427 	4630 	4610 	4412 	: 	: 	1427 	1393 	1618 	1619 	1451 	1606 	1553 	1517 	1293 	1602 	15079 	3877 	4259 	4038 	3964 	1726 	1057 	1094 	1598 	1411 	1250 	1404 	1381 	1253 	1432 	1205 	1327 	16138 	4434 	5349 	4221 	3172 	1543 	1316 	1575 	2335 	1435 	1579 	1560 	1394 	1267 	1279 	843 	1050 	17176 	3642 	4610 	3965 	310 	1271 	1038 	1333 	1451 	1575 	1584 	1328 	1351 	1286 	310 	: 	: 	12527 	: 	: 	: 	: 	: 	: 	: 	: 	: 	: 	: 	: 	: 	: 	: 	: 	: 	: 	: 	: 	: 	: 	: 	: 	: 	: 	: 	: 	: 	: 	: 	: 	: 	: 	: 	: 	: 	: 	: 	: 	: 	: 	: 	: 	: 	: 	: 	: 	: 	: 	: 	: 	: 	: 	: 	: 	: 	: 	: 	: 	: 	: 	: 	: 	: 	: 	: 	: 	: 	: 	: 	: 	: 	: 	: 	: 	: 	: 	: 	: 	: 	: 	: 	: 	: 	: 	: 	: 	: 	: 	: 	: 	: 	: 	: 	: 	: 	: 	: 	: 	: 	: 	: 	: 	: 	: 	: 	: 	: 	: 	: 	: 	: 	: 	: 	: 	: 	: 	: 	: 	: 	: 	: 	: 	: 	: 	: 	: 	: 	: 	: 	: 	: 	: 	: 	: 	: 	: 	: 	: 	: 	: 	: 	: 	: 	: 	: 	: 	: 	: 	: 	: 	: 	: 	: 	: 	: 	: 	: 	: 	: 
PAS,PAS_CRD_DEP,SK_LZIB_IT_LIME	9229 	9027 	3146 	3025 	3234 	2970 	3013 	2787 	3227 	9382 	9205 	8841 	9050 	3128 	3123 	3131 	2966 	3159 	3080 	2730 	3145 	2966 	2894 	2764 	3392 	36478 	9290 	9251 	9199 	8643 	3248 	3033 	3009 	2993 	3133 	3125 	3114 	3140 	2945 	3112 	2641 	2890 	36383 	8714 	8742 	6477 	8384 	2916 	2841 	2957 	2939 	2856 	2947 	2511 	1180 	2786 	3088 	2510 	2786 	32317 	9917 	10290 	10230 	8446 	3136 	3268 	3513 	3263 	3675 	3352 	3286 	3430 	3514 	2931 	2373 	3142 	38883 	9758 	10621 	8872 	9558 	2893 	2984 	3881 	3621 	3608 	3392 	3137 	3153 	2582 	3398 	2697 	3463 	38809 	9875 	10572 	10524 	12833 	3432 	3185 	3258 	3387 	3539 	3646 	3498 	3461 	3565 	4373 	3941 	4519 	43804 	12204 	9867 	9160 	12595 	4361 	4313 	3530 	3104 	3265 	3498 	3174 	3136 	2850 	4501 	3967 	4127 	43826 	12648 	13797 	13011 	17486 	4012 	4279 	4357 	4668 	4461 	4668 	4245 	4211 	4555 	6008 	5566 	5912 	56942 	15982 	12949 	13916 	14795 	5545 	5747 	4690 	4207 	4387 	4355 	4338 	4602 	4976 	4948 	4863 	4984 	57642 	11984 	13596 	14185 	19178 	3638 	3868 	4478 	4288 	4616 	4692 	4556 	4737 	4892 	7013 	5933 	6232 	58943 	19675 	20234 	20696 	19109 	6494 	6545 	6636 	6426 	7296 	6512 	6484 	6838 	7374 	7289 	5797 	6023 	79714 	: 	: 	: 	: 	: 	: 	: 	: 	: 	: 	: 	: 	: 	: 	: 	: 	: 	: 	: 	: 	: 	: 	: 	: 	: 	: 	: 	: 	: 	: 	: 	: 	: 	: 	: 	: 	: 	: 	: 	: 	: 	: 
PAS,PAS_CRD_DEP,SK_LZIB_IT_LIPE	: 	: 	: 	: 	: 	: 	: 	: 	: 	: 	: 	: 	: 	: 	: 	: 	: 	: 	: 	: 	: 	: 	: 	: 	: 	: 	: 	: 	: 	: 	: 	: 	: 	: 	: 	: 	: 	: 	: 	: 	: 	: 	: 	: 	: 	: 	: 	: 	: 	: 	: 	: 	: 	: 	: 	: 	: 	: 	: 	: 	: 	: 	: 	: 	: 	: 	: 	: 	: 	: 	: 	: 	: 	: 	: 	: 	: 	: 	: 	: 	: 	: 	: 	: 	: 	: 	: 	: 	: 	: 	: 	: 	: 	: 	: 	: 	: 	: 	: 	: 	: 	: 	: 	: 	: 	: 	: 	: 	: 	: 	: 	1694 	5535 	4828 	4774 	9 	: 	1685 	1811 	1946 	1778 	1739 	1643 	1446 	1722 	1434 	1618 	16831 	: 	: 	: 	: 	: 	: 	: 	: 	: 	: 	: 	: 	: 	: 	: 	: 	: 	: 	: 	: 	: 	: 	: 	: 	: 	: 	: 	: 	: 	: 	: 	: 	: 	: 	: 	: 	: 	: 	: 	: 	: 	: 	: 	: 	: 	: 	: 	: 	: 	: 	: 	: 	: 	: 	: 	: 	: 	: 	: 	: 	: 	: 	: 	: 	: 	: 	: 	: 	: 	: 	: 	: 	: 	: 	: 	: 	: 	: 	: 	: 	: 	: 	: 	: 	: 	: 	: 	: 	: 	: 	: 	: 	: 	: 	: 	: 	: 	: 	: 	: 	: 	: 	: 	: 	: 	: 	: 	: 	: 	: 
PAS,PAS_CRD_DEP,SK_LZIB_IT_LIRA	7003 	6727 	2303 	2318 	2519 	2166 	2464 	2056 	2207 	5240 	6944 	6588 	6606 	1994 	2237 	1009 	2238 	2506 	2200 	2111 	2279 	2198 	2300 	1952 	2354 	25378 	6911 	9177 	8608 	6443 	2292 	1733 	2886 	3130 	3136 	2911 	2824 	2989 	2795 	2339 	1784 	2320 	31139 	6717 	8739 	8428 	3520 	1943 	2090 	2684 	2852 	3100 	2787 	2926 	2808 	2694 	1448 	980 	1092 	27404 	4911 	6772 	6660 	3449 	1291 	1373 	2247 	2272 	2293 	2207 	2230 	2398 	2032 	1307 	1126 	1016 	21792 	4127 	6089 	6505 	5178 	1001 	1016 	2110 	1597 	2323 	2169 	2164 	2154 	2187 	2023 	1420 	1735 	21899 	5703 	6624 	6459 	5542 	1916 	1832 	1955 	2098 	2191 	2335 	2156 	2123 	2180 	2167 	1667 	1708 	24328 	5685 	6142 	5581 	4799 	1774 	1868 	2043 	2053 	2096 	1993 	2065 	2010 	1506 	2039 	1356 	1404 	22207 	: 	: 	: 	: 	: 	: 	: 	: 	: 	: 	: 	: 	: 	: 	: 	: 	: 	: 	: 	: 	: 	: 	: 	: 	: 	: 	: 	: 	: 	: 	: 	: 	: 	: 	: 	: 	: 	: 	: 	: 	: 	: 	: 	: 	: 	: 	: 	: 	: 	: 	: 	: 	: 	: 	: 	: 	: 	: 	: 	: 	: 	: 	: 	: 	: 	: 	: 	: 	: 	: 	: 	: 	: 	: 	: 	: 	: 	: 	: 	: 	: 	: 	: 	: 	: 	: 	: 	: 	: 	: 	: 	: 	: 	: 	: 	: 	: 	: 	: 	: 	: 	: 	: 	: 	: 	: 	: 	: 	: 	: 
PAS,PAS_CRD_DEP,SK_LZIB_IT_LIRF	: 	: 	: 	: 	: 	: 	: 	: 	: 	: 	: 	: 	: 	: 	: 	: 	: 	: 	: 	: 	: 	: 	: 	: 	: 	: 	: 	: 	: 	: 	: 	: 	: 	: 	: 	: 	: 	: 	: 	: 	: 	: 	: 	: 	: 	: 	: 	: 	: 	: 	: 	: 	: 	: 	: 	: 	: 	: 	: 	: 	: 	: 	: 	: 	: 	: 	: 	: 	: 	: 	: 	: 	: 	: 	: 	: 	: 	: 	: 	: 	: 	: 	: 	: 	: 	: 	: 	: 	: 	: 	: 	: 	: 	: 	: 	: 	: 	: 	: 	: 	: 	: 	: 	: 	: 	: 	: 	: 	: 	: 	: 	: 	: 	: 	: 	: 	: 	: 	: 	: 	: 	: 	: 	: 	: 	: 	: 	: 	6063 	4357 	8167 	7074 	1818 	2066 	2179 	968 	1732 	1657 	1829 	3155 	3183 	2765 	2170 	2139 	25661 	8473 	6221 	9291 	8866 	2710 	2750 	3013 	2326 	2098 	1797 	2330 	3575 	3386 	3557 	2771 	2538 	32851 	8338 	6687 	8203 	6818 	2566 	2903 	2869 	2321 	2230 	2136 	2435 	2857 	2911 	3116 	1670 	2032 	30046 	6694 	6674 	7130 	5278 	1956 	2173 	2565 	2329 	2141 	2204 	2289 	2479 	2362 	2203 	1509 	1566 	25776 	: 	: 	: 	: 	: 	: 	: 	: 	: 	: 	: 	: 	: 	: 	: 	: 	: 	: 	: 	: 	: 	: 	: 	: 	: 	: 	: 	: 	: 	: 	: 	: 	: 	: 	: 	: 	: 	: 	: 	: 	: 	: 
PAS,PAS_CRD_DEP,SK_LZIB_IT_LIRP	: 	: 	: 	: 	: 	: 	: 	: 	: 	: 	: 	: 	: 	: 	: 	: 	: 	: 	: 	: 	: 	: 	: 	: 	: 	: 	: 	: 	: 	: 	: 	: 	: 	: 	: 	: 	: 	: 	: 	: 	: 	: 	: 	: 	: 	: 	: 	: 	: 	: 	: 	: 	: 	: 	: 	: 	: 	: 	: 	: 	: 	: 	: 	: 	: 	: 	: 	: 	: 	: 	: 	: 	: 	: 	: 	: 	: 	: 	: 	: 	: 	: 	: 	: 	: 	: 	: 	: 	: 	: 	: 	: 	: 	: 	: 	: 	: 	: 	: 	: 	: 	: 	: 	: 	: 	: 	: 	: 	: 	: 	: 	958 	3823 	3317 	2652 	3 	: 	955 	1180 	1335 	1308 	1115 	1112 	1090 	977 	761 	914 	10750 	: 	: 	: 	: 	: 	: 	: 	: 	: 	: 	: 	: 	: 	: 	: 	: 	: 	: 	: 	: 	: 	: 	: 	: 	: 	: 	: 	: 	: 	: 	: 	: 	: 	: 	: 	: 	: 	: 	: 	: 	: 	: 	: 	: 	: 	: 	: 	: 	: 	: 	: 	: 	: 	: 	: 	: 	: 	: 	: 	: 	: 	: 	: 	: 	: 	: 	: 	: 	: 	: 	: 	: 	: 	: 	: 	: 	: 	: 	: 	: 	: 	: 	: 	: 	: 	: 	: 	: 	: 	: 	: 	: 	: 	: 	: 	: 	: 	: 	: 	: 	: 	: 	: 	: 	: 	: 	: 	: 	: 	: 
PAS,PAS_CRD_DEP,SK_LZIB_MK_LWSK	4085 	3958 	2354 	1445 	1383 	1257 	1533 	1043 	1382 	3804 	4266 	3851 	102 	1292 	1169 	1343 	1429 	1376 	1461 	1253 	1340 	1258 	102 	0 	0 	12023 	: 	: 	: 	: 	: 	: 	: 	: 	: 	: 	: 	: 	: 	: 	: 	: 	: 	: 	: 	: 	: 	: 	: 	: 	: 	: 	: 	: 	: 	: 	: 	: 	: 	: 	: 	: 	: 	: 	: 	: 	: 	: 	: 	: 	: 	: 	: 	: 	: 	: 	: 	: 	: 	: 	: 	: 	: 	: 	: 	: 	: 	: 	: 	: 	: 	: 	: 	: 	: 	: 	: 	: 	: 	: 	: 	: 	: 	: 	: 	: 	: 	: 	: 	: 	: 	: 	: 	: 	: 	: 	: 	: 	: 	: 	: 	: 	: 	: 	: 	: 	: 	: 	: 	: 	: 	: 	: 	: 	: 	: 	: 	: 	: 	: 	: 	: 	: 	: 	: 	: 	: 	: 	: 	: 	: 	: 	: 	: 	: 	: 	: 	: 	: 	: 	: 	: 	: 	: 	: 	: 	: 	: 	: 	: 	: 	: 	: 	: 	: 	: 	: 	: 	: 	: 	: 	: 	: 	: 	: 	: 	: 	: 	: 	: 	: 	: 	: 	: 	: 	: 	: 	: 	: 	: 	: 	: 	: 	: 	: 	: 	: 	: 	: 	: 	: 	: 	: 	: 	: 	: 	: 	: 	: 	: 	: 	: 	: 	: 	: 	: 	: 	: 	: 	: 	: 	: 	: 	: 	: 	: 	: 	: 
PAS,PAS_CRD_DEP,SK_LZIB_NL_EHAM	: 	: 	: 	: 	: 	: 	: 	: 	: 	: 	: 	: 	: 	: 	: 	: 	: 	: 	: 	: 	: 	: 	: 	: 	: 	: 	: 	: 	: 	: 	: 	: 	: 	: 	: 	: 	: 	: 	: 	: 	: 	: 	: 	: 	: 	: 	: 	: 	: 	: 	: 	: 	: 	: 	: 	: 	: 	: 	: 	: 	: 	: 	: 	: 	: 	: 	: 	: 	: 	: 	: 	: 	: 	: 	: 	: 	: 	: 	: 	: 	: 	: 	: 	: 	: 	: 	: 	: 	: 	: 	: 	: 	: 	: 	: 	: 	: 	: 	: 	: 	: 	: 	: 	: 	: 	: 	: 	: 	: 	: 	: 	: 	: 	: 	: 	: 	: 	: 	: 	: 	: 	: 	: 	: 	: 	: 	: 	: 	: 	: 	: 	: 	: 	: 	: 	: 	: 	: 	: 	: 	: 	: 	: 	: 	: 	: 	: 	: 	: 	: 	: 	: 	: 	: 	: 	: 	: 	: 	: 	: 	: 	: 	2546 	6775 	8650 	8249 	: 	: 	2546 	2221 	2407 	2147 	2453 	3136 	3061 	3290 	2677 	2282 	26220 	6450 	7735 	9133 	6624 	1807 	2027 	2616 	2486 	2771 	2478 	2846 	3093 	3194 	2588 	2043 	1993 	29942 	: 	: 	: 	: 	: 	: 	: 	: 	: 	: 	: 	: 	: 	: 	: 	: 	: 	: 	: 	: 	: 	: 	: 	: 	: 	: 	: 	: 	: 	: 	: 	: 	: 	: 	: 	: 	: 	: 	: 	: 	: 	: 
PAS,PAS_CRD_DEP,SK_LZIB_RO_LRBS	: 	: 	: 	: 	: 	: 	: 	: 	: 	: 	: 	: 	: 	: 	: 	: 	: 	: 	: 	: 	: 	: 	: 	: 	: 	: 	: 	: 	: 	: 	: 	: 	: 	: 	: 	: 	: 	: 	: 	: 	: 	: 	: 	: 	: 	: 	: 	: 	: 	: 	: 	: 	: 	: 	: 	: 	: 	: 	: 	: 	: 	: 	: 	: 	: 	: 	: 	: 	: 	: 	: 	: 	: 	: 	: 	: 	: 	: 	: 	: 	: 	: 	: 	: 	: 	: 	: 	: 	: 	: 	: 	: 	: 	: 	: 	: 	: 	: 	: 	: 	: 	: 	: 	: 	: 	: 	: 	: 	: 	: 	: 	: 	: 	: 	: 	: 	: 	: 	: 	: 	: 	: 	: 	: 	: 	: 	: 	: 	: 	: 	: 	: 	: 	: 	: 	: 	: 	: 	: 	: 	: 	: 	: 	: 	: 	: 	: 	: 	: 	: 	: 	: 	: 	: 	: 	: 	: 	: 	: 	: 	: 	: 	: 	: 	: 	: 	: 	: 	: 	: 	: 	: 	: 	: 	: 	: 	: 	: 	: 	4016 	5200 	4030 	2465 	1188 	1166 	1662 	1641 	1683 	1876 	1341 	1299 	1390 	964 	840 	661 	15711 	: 	: 	: 	: 	: 	: 	: 	: 	: 	: 	: 	: 	: 	: 	: 	: 	: 	: 	: 	: 	: 	: 	: 	: 	: 	: 	: 	: 	: 	: 	: 	: 	: 	: 	: 	: 	: 	: 	: 	: 	: 	: 
PAS,PAS_CRD_DEP,SK_LZIB_RU_UUEE	: 	: 	: 	: 	: 	: 	: 	: 	: 	: 	: 	: 	: 	: 	: 	: 	: 	: 	: 	: 	: 	: 	: 	: 	: 	: 	: 	: 	: 	: 	: 	: 	: 	: 	: 	: 	: 	: 	: 	: 	: 	: 	: 	: 	: 	: 	: 	: 	: 	: 	: 	: 	: 	: 	: 	: 	: 	: 	: 	: 	: 	: 	: 	: 	: 	: 	: 	: 	: 	: 	: 	: 	: 	: 	: 	: 	: 	: 	: 	: 	: 	: 	: 	: 	: 	: 	: 	: 	: 	: 	: 	: 	: 	: 	: 	: 	: 	: 	: 	: 	: 	: 	: 	: 	: 	: 	: 	: 	: 	: 	: 	: 	: 	: 	: 	: 	: 	: 	: 	: 	: 	: 	: 	: 	: 	: 	: 	: 	: 	: 	: 	: 	: 	: 	: 	: 	: 	: 	: 	: 	: 	: 	: 	: 	: 	: 	: 	: 	: 	: 	: 	: 	: 	: 	: 	: 	: 	: 	: 	: 	: 	: 	: 	: 	: 	: 	: 	: 	: 	: 	: 	: 	: 	: 	: 	: 	: 	: 	: 	2571 	3184 	2738 	2620 	592 	859 	1120 	1070 	1162 	952 	996 	872 	870 	791 	870 	959 	11113 	: 	: 	: 	: 	: 	: 	: 	: 	: 	: 	: 	: 	: 	: 	: 	: 	: 	: 	: 	: 	: 	: 	: 	: 	: 	: 	: 	: 	: 	: 	: 	: 	: 	: 	: 	: 	: 	: 	: 	: 	: 	11680 
PAS,PAS_CRD_DEP,SK_LZIB_RU_UUWW	9781 	10314 	3129 	3211 	3300 	3270 	3745 	2731 	3838 	10884 	6703 	9818 	9132 	3696 	3647 	3541 	2501 	1882 	2320 	2238 	4453 	3127 	2791 	2771 	3570 	36537 	: 	: 	: 	: 	: 	: 	: 	: 	: 	: 	: 	: 	: 	: 	: 	: 	: 	: 	: 	: 	: 	: 	: 	: 	: 	: 	: 	: 	: 	: 	: 	: 	: 	: 	: 	: 	: 	: 	: 	: 	: 	: 	: 	: 	: 	: 	: 	: 	: 	: 	: 	1983 	3502 	2795 	2450 	493 	608 	882 	1183 	1159 	1160 	740 	1052 	1003 	773 	712 	965 	10730 	: 	: 	: 	: 	: 	: 	: 	: 	: 	: 	: 	: 	: 	: 	: 	: 	: 	: 	: 	: 	: 	: 	: 	: 	: 	: 	: 	: 	: 	: 	: 	: 	: 	: 	: 	: 	: 	: 	: 	: 	: 	: 	: 	: 	: 	: 	: 	: 	: 	: 	: 	: 	: 	: 	: 	: 	: 	: 	: 	: 	: 	: 	: 	: 	: 	: 	: 	: 	: 	: 	: 	: 	: 	: 	: 	: 	: 	: 	: 	: 	: 	: 	: 	: 	: 	: 	: 	: 	: 	: 	: 	: 	: 	: 	: 	: 	: 	: 	: 	: 	: 	: 	: 	: 	: 	: 	: 	: 	: 	: 	: 	: 	: 	: 	: 	: 	: 	: 	: 	: 	: 	: 	: 	: 	: 	: 	: 	: 	: 	: 	: 	: 	: 	: 	: 	: 	: 	: 	: 	: 	: 	: 	: 	: 
PAS,PAS_CRD_DEP,SK_LZIB_SE_ESKN	: 	: 	: 	: 	: 	: 	: 	: 	: 	: 	: 	: 	: 	: 	: 	: 	: 	: 	: 	: 	: 	: 	: 	: 	: 	: 	: 	: 	: 	: 	: 	: 	: 	: 	: 	: 	: 	: 	: 	: 	: 	: 	: 	: 	: 	: 	: 	: 	: 	: 	: 	: 	: 	: 	: 	: 	: 	: 	: 	: 	: 	: 	: 	: 	: 	: 	: 	: 	: 	: 	: 	: 	: 	: 	: 	: 	: 	: 	: 	: 	: 	: 	: 	: 	: 	: 	: 	: 	: 	: 	: 	: 	: 	: 	: 	: 	: 	: 	: 	: 	: 	: 	: 	: 	: 	: 	: 	: 	: 	: 	: 	3631 	6132 	4955 	4014 	749 	1156 	1726 	1671 	2093 	2368 	1812 	1716 	1427 	1626 	1062 	1326 	18732 	4392 	6211 	5688 	4362 	1432 	1186 	1774 	1752 	2169 	2290 	1891 	1881 	1916 	1498 	1434 	1430 	20653 	5938 	10539 	9337 	6327 	1355 	1569 	3014 	3547 	3354 	3638 	2943 	3499 	2895 	2588 	1867 	1872 	32141 	: 	: 	: 	: 	: 	: 	: 	: 	: 	: 	: 	: 	: 	: 	: 	: 	: 	: 	: 	: 	: 	: 	: 	: 	: 	: 	: 	: 	: 	: 	: 	: 	: 	: 	: 	: 	: 	: 	: 	: 	: 	: 	: 	: 	: 	: 	: 	: 	: 	: 	: 	: 	: 	: 	: 	: 	: 	: 	: 	: 	: 	: 	: 	: 	: 	: 	: 	: 	: 	: 	: 	: 	: 	: 	: 	: 
PAS,PAS_CRD_DEP,SK_LZIB_SK_LZKZ	: 	: 	: 	: 	: 	: 	: 	: 	: 	: 	: 	: 	: 	: 	: 	: 	: 	: 	: 	: 	: 	: 	: 	: 	: 	: 	: 	: 	: 	: 	: 	: 	: 	: 	: 	: 	: 	: 	: 	: 	: 	: 	: 	: 	: 	: 	: 	: 	: 	: 	: 	: 	: 	: 	: 	: 	: 	: 	: 	: 	: 	: 	: 	: 	: 	: 	: 	: 	: 	: 	: 	: 	: 	: 	: 	: 	: 	2770 	4124 	4045 	3350 	613 	773 	1384 	1281 	1438 	1405 	1250 	1437 	1358 	1294 	1075 	981 	14289 	4014 	3830 	4473 	3887 	1193 	1394 	1427 	1347 	1249 	1234 	1541 	1608 	1324 	1448 	1295 	1144 	16204 	4662 	5094 	4809 	5339 	1383 	1627 	1652 	1778 	1651 	1665 	1895 	1550 	1364 	1996 	1782 	1561 	19904 	6413 	10447 	17344 	13945 	1955 	2031 	2427 	2209 	3915 	4323 	5592 	5582 	6170 	4667 	4522 	4756 	48149 	20866 	25319 	26953 	21671 	6854 	7151 	6861 	7920 	8450 	8949 	9474 	8861 	8618 	8343 	6978 	6350 	94809 	25632 	22204 	21907 	16159 	7936 	8311 	9385 	7101 	7481 	7622 	7456 	7848 	6603 	6574 	5034 	4551 	85902 	15241 	15198 	14857 	11882 	5321 	4918 	5002 	5012 	5106 	5080 	5242 	5021 	4594 	4641 	3839 	3402 	57178 	: 	: 	: 	: 	: 	: 	: 	: 	: 	: 	: 	: 	: 	: 	: 	: 	: 	: 	: 	: 	: 	: 	: 	: 	: 	: 	: 	: 	: 	: 	: 	: 	: 	: 	: 	: 	: 	: 	: 	: 	: 	: 
PAS,PAS_CRD_DEP,SK_LZIB_TN_DTMB	: 	: 	: 	: 	: 	: 	: 	: 	: 	: 	: 	: 	: 	: 	: 	: 	: 	: 	: 	: 	: 	: 	: 	: 	: 	: 	: 	: 	: 	: 	: 	: 	: 	: 	: 	: 	: 	: 	: 	: 	: 	: 	: 	: 	12298 	3251 	: 	: 	: 	: 	2230 	4800 	5268 	3100 	151 	: 	: 	: 	: 	15549 	: 	12207 	3717 	: 	: 	: 	: 	2113 	4914 	5180 	3558 	159 	: 	: 	: 	: 	15924 	: 	12310 	3924 	: 	: 	: 	: 	1634 	5102 	5574 	3761 	163 	: 	: 	: 	: 	16234 	2 	9296 	1383 	: 	: 	: 	2 	1964 	3827 	3505 	1383 	: 	: 	: 	: 	: 	10681 	4 	11201 	3034 	: 	: 	: 	4 	2561 	3965 	4675 	2750 	284 	: 	: 	: 	: 	14239 	6 	10718 	4127 	: 	: 	: 	6 	2390 	3589 	4739 	3600 	527 	: 	: 	: 	: 	14851 	122 	15349 	5173 	: 	: 	: 	122 	3203 	5603 	6543 	4213 	960 	: 	: 	: 	: 	20644 	719 	12628 	4653 	: 	: 	: 	719 	3051 	4529 	5048 	3651 	996 	6 	: 	: 	: 	18000 	429 	10728 	3787 	: 	: 	: 	429 	2985 	3828 	3915 	3047 	740 	: 	: 	: 	: 	14944 	: 	: 	: 	: 	: 	: 	: 	: 	: 	: 	: 	: 	: 	: 	: 	: 	: 	: 	: 	: 	: 	: 	: 	: 	: 	: 	: 	: 	: 	: 	: 	: 	: 	: 	: 	: 	: 	: 	: 	: 	: 	10449 
PAS,PAS_CRD_DEP,SK_LZIB_TR_LTAI	7236 	4 	13484 	6936 	300 	: 	: 	: 	4 	189 	19686 	3626 	3 	: 	189 	: 	4106 	6796 	8784 	3441 	185 	: 	: 	: 	3 	23504 	503 	51275 	15859 	317 	: 	175 	328 	9963 	19673 	21639 	14903 	956 	: 	317 	: 	: 	67954 	551 	43752 	13119 	: 	183 	177 	191 	9619 	16777 	17356 	11798 	1321 	: 	: 	: 	: 	57422 	977 	46508 	14945 	413 	: 	180 	797 	10125 	17525 	18858 	14144 	801 	: 	246 	167 	: 	62843 	866 	38077 	12791 	: 	: 	99 	767 	9194 	13916 	14967 	11737 	1054 	: 	: 	: 	: 	51734 	1823 	44341 	15777 	723 	: 	172 	1651 	10394 	16345 	17602 	13445 	1450 	882 	723 	: 	: 	62664 	2202 	28603 	12437 	: 	: 	576 	1626 	6477 	11030 	11096 	10634 	1638 	165 	: 	: 	: 	43242 	845 	25355 	9687 	: 	: 	: 	845 	5761 	9965 	9629 	8235 	1117 	335 	: 	: 	: 	35887 	: 	19654 	7066 	6 	: 	: 	: 	3821 	7639 	8194 	7066 	: 	: 	: 	: 	6 	26726 	369 	15422 	5017 	: 	: 	258 	111 	3172 	6135 	6115 	5017 	: 	: 	: 	: 	: 	20808 	438 	8343 	2287 	: 	275 	: 	163 	1328 	3492 	3523 	2287 	: 	: 	: 	: 	: 	11068 	: 	: 	: 	: 	: 	: 	: 	: 	: 	: 	: 	: 	: 	: 	: 	: 	: 	: 	: 	: 	: 	: 	: 	: 	: 	: 	: 	: 	: 	: 	: 	: 	: 	: 	: 	: 	: 	: 	: 	: 	: 	10032 
PAS,PAS_CRD_DEP,SK_LZIB_UK_EGBB	6977 	6876 	2293 	2334 	2326 	2317 	2285 	2103 	2488 	6876 	7254 	6959 	7554 	2216 	2344 	2316 	2356 	2726 	2172 	2327 	2297 	2335 	2235 	2563 	2756 	28643 	6581 	7014 	6798 	6694 	2217 	1865 	2499 	2363 	2358 	2293 	2288 	2229 	2281 	2203 	2074 	2417 	27087 	5580 	6464 	6681 	4466 	1820 	2168 	1592 	1624 	2353 	2487 	2121 	2443 	2117 	1477 	1325 	1664 	23191 	5513 	7009 	6755 	4043 	1532 	1542 	2439 	2149 	2562 	2298 	2287 	2160 	2308 	1333 	1362 	1348 	23320 	4956 	6820 	6442 	6149 	1663 	1211 	2082 	2281 	2288 	2251 	2280 	2128 	2034 	2183 	1932 	2034 	24367 	6339 	6930 	6669 	6584 	2020 	2117 	2202 	2286 	2304 	2340 	2312 	2226 	2131 	2284 	1937 	2363 	26522 	6503 	7204 	6050 	5993 	1990 	2313 	2200 	2229 	2506 	2469 	2295 	2125 	1630 	2115 	1905 	1973 	25750 	6265 	6504 	6125 	1587 	1967 	1948 	2350 	2255 	2236 	2013 	1974 	1831 	2320 	470 	193 	924 	20481 	5982 	11590 	7268 	8806 	1906 	2252 	1824 	3626 	4106 	3858 	2318 	1890 	3060 	3447 	2681 	2678 	33646 	: 	: 	: 	: 	: 	: 	: 	: 	: 	: 	: 	: 	: 	: 	: 	: 	: 	: 	: 	: 	: 	: 	: 	: 	: 	: 	: 	: 	: 	: 	: 	: 	: 	: 	: 	: 	: 	: 	: 	: 	: 	: 	: 	: 	: 	: 	: 	: 	: 	: 	: 	: 	: 	: 	: 	: 	: 	: 	: 	: 	: 	: 	: 	: 	: 	: 	: 	: 	: 	: 	: 	: 	: 	: 	: 	: 
PAS,PAS_CRD_DEP,SK_LZIB_UK_EGCC	6957 	7119 	2306 	2316 	2314 	2327 	2309 	2115 	2695 	6847 	7124 	6942 	: 	2250 	2292 	2305 	2330 	2360 	2434 	2318 	2307 	2317 	: 	: 	: 	20913 	: 	: 	: 	: 	: 	: 	: 	: 	: 	: 	: 	: 	: 	: 	: 	: 	: 	: 	: 	: 	: 	: 	: 	: 	: 	: 	: 	: 	: 	: 	: 	: 	: 	: 	: 	: 	: 	: 	: 	: 	: 	: 	: 	: 	: 	: 	: 	: 	: 	: 	: 	: 	: 	: 	: 	: 	: 	: 	: 	: 	: 	: 	: 	: 	: 	: 	: 	: 	: 	: 	: 	: 	: 	: 	: 	: 	: 	: 	: 	: 	: 	: 	: 	: 	: 	: 	: 	: 	: 	: 	: 	: 	: 	: 	: 	: 	: 	: 	: 	: 	: 	: 	199 	5281 	8159 	7986 	187 	12 	: 	: 	2484 	2797 	2413 	2784 	2962 	2642 	2361 	2983 	21625 	7429 	11303 	11577 	11175 	2317 	2320 	2792 	3415 	4022 	3866 	3998 	3839 	3740 	3830 	3528 	3817 	41484 	8506 	7327 	6320 	4853 	2723 	3059 	2724 	2381 	2535 	2411 	2491 	1982 	1847 	1608 	1380 	1865 	27006 	4329 	6353 	5818 	3976 	1118 	1246 	1965 	2152 	2013 	2188 	2067 	1929 	1822 	1434 	1111 	1431 	20476 	: 	: 	: 	: 	: 	: 	: 	: 	: 	: 	: 	: 	: 	: 	: 	: 	: 	: 	: 	: 	: 	: 	: 	: 	: 	: 	: 	: 	: 	: 	: 	: 	: 	: 	: 	: 	: 	: 	: 	: 	: 	: 
PAS,PAS_CRD_DEP,SK_LZIB_UK_EGGD	: 	: 	: 	: 	: 	: 	: 	: 	: 	: 	: 	: 	: 	: 	: 	: 	: 	: 	: 	: 	: 	: 	: 	: 	: 	: 	: 	: 	: 	: 	: 	: 	: 	: 	: 	: 	: 	: 	: 	: 	: 	: 	: 	: 	: 	: 	: 	: 	: 	: 	: 	: 	: 	: 	: 	: 	: 	: 	: 	: 	1688 	4613 	4135 	371 	: 	166 	1522 	1595 	1627 	1391 	1513 	1330 	1292 	371 	: 	: 	10807 	1453 	4566 	4023 	3647 	: 	324 	1129 	1500 	1532 	1534 	1367 	1277 	1379 	1102 	1259 	1286 	13689 	: 	: 	: 	: 	: 	: 	: 	: 	: 	: 	: 	: 	: 	: 	: 	: 	: 	4549 	4530 	3786 	4001 	1568 	1345 	1636 	1344 	1573 	1613 	1342 	1310 	1134 	1260 	1296 	1445 	16866 	3700 	4464 	3829 	3285 	1179 	1219 	1302 	1365 	1551 	1548 	1459 	1266 	1104 	1106 	928 	1251 	15278 	3602 	4007 	4652 	4761 	806 	1163 	1633 	1285 	1252 	1470 	1372 	1461 	1819 	1548 	1424 	1789 	17022 	: 	: 	: 	: 	: 	: 	: 	: 	: 	: 	: 	: 	: 	: 	: 	: 	: 	: 	: 	: 	: 	: 	: 	: 	: 	: 	: 	: 	: 	: 	: 	: 	: 	: 	: 	: 	: 	: 	: 	: 	: 	: 	: 	: 	: 	: 	: 	: 	: 	: 	: 	: 	: 	: 	: 	: 	: 	: 	: 	: 	: 	: 	: 	: 	: 	: 	: 	: 	: 	: 	: 	: 	: 	: 	: 	: 
PAS,PAS_CRD_DEP,SK_LZIB_UK_EGGP	: 	: 	: 	: 	: 	: 	: 	: 	: 	: 	: 	: 	: 	: 	: 	: 	: 	: 	: 	: 	: 	: 	: 	: 	: 	: 	6893 	6997 	6880 	6770 	2360 	2041 	2492 	2340 	2344 	2313 	2305 	2251 	2324 	2233 	2092 	2445 	27540 	6425 	5732 	5173 	4434 	1913 	2195 	2317 	1628 	1639 	2465 	1409 	1563 	2201 	1459 	1322 	1653 	21764 	5605 	6883 	6838 	5081 	1608 	1531 	2466 	2188 	2536 	2159 	2294 	2226 	2318 	2009 	1402 	1670 	24407 	5168 	6884 	6430 	5914 	1550 	1385 	2233 	2298 	2328 	2258 	2261 	2151 	2018 	2159 	1842 	1913 	24396 	5486 	4652 	4409 	4353 	1905 	2004 	1577 	1418 	1612 	1622 	1436 	1511 	1462 	1423 	1312 	1618 	18900 	5078 	6869 	5521 	5195 	1385 	1484 	2209 	2266 	2223 	2380 	2192 	1761 	1568 	1956 	1658 	1581 	22663 	: 	: 	: 	: 	: 	: 	: 	: 	: 	: 	: 	: 	: 	: 	: 	: 	: 	: 	: 	: 	: 	: 	: 	: 	: 	: 	: 	: 	: 	: 	: 	: 	: 	: 	: 	: 	: 	: 	: 	: 	: 	: 	: 	: 	: 	: 	: 	: 	: 	: 	: 	: 	: 	: 	: 	: 	: 	: 	: 	: 	: 	: 	: 	: 	: 	: 	: 	: 	: 	: 	: 	: 	: 	: 	: 	: 	: 	: 	: 	: 	: 	: 	: 	: 	: 	: 	: 	: 	: 	: 	: 	: 	: 	: 	: 	: 	: 	: 	: 	: 	: 	: 	: 	: 	: 	: 	: 	: 	: 	: 
PAS,PAS_CRD_DEP,SK_LZIB_UK_EGGW	: 	: 	: 	: 	: 	: 	: 	: 	: 	3298 	9165 	8536 	8381 	: 	174 	3124 	2992 	3276 	2897 	2876 	2745 	2915 	2441 	2754 	3186 	29380 	8189 	10107 	10628 	7757 	2394 	2820 	2975 	3081 	3271 	3755 	3331 	3666 	3631 	2625 	2481 	2651 	36681 	8546 	9977 	8869 	7688 	2006 	2701 	3839 	3772 	3214 	2991 	3167 	2915 	2787 	2828 	2322 	2538 	35080 	8283 	9541 	9162 	6553 	2577 	2740 	2966 	3237 	3076 	3228 	2995 	3127 	3040 	2136 	1925 	2492 	33539 	7838 	10946 	10592 	7024 	2201 	2423 	3214 	3702 	3670 	3574 	3688 	3258 	3646 	2684 	1993 	2347 	36400 	9105 	15803 	13846 	12909 	2258 	2024 	4823 	5106 	5355 	5342 	4941 	4718 	4187 	4325 	4014 	4570 	51663 	12807 	15413 	12642 	514 	3584 	4337 	4886 	5013 	5287 	5113 	5063 	4166 	3413 	514 	: 	: 	41376 	16 	5987 	10072 	11679 	6 	: 	10 	2 	2824 	3161 	2706 	3456 	3910 	3957 	3214 	4508 	27754 	15128 	23259 	19246 	16511 	4053 	5362 	5713 	7216 	8089 	7954 	6590 	6707 	5949 	5986 	5053 	5472 	74144 	: 	: 	: 	: 	: 	: 	: 	: 	: 	: 	: 	: 	: 	: 	: 	: 	: 	142 	10161 	11645 	10931 	7 	: 	135 	3836 	3446 	2879 	4187 	3606 	3852 	3793 	3383 	3755 	32879 	: 	: 	: 	: 	: 	: 	: 	: 	: 	: 	: 	: 	: 	: 	: 	: 	: 	: 	: 	: 	: 	: 	: 	: 	: 	: 	: 	: 	: 	: 	: 	: 	: 	: 	: 	: 	: 	: 	: 	: 	: 	: 
PAS,PAS_CRD_DEP,SK_LZIB_UK_EGNM	4502 	4367 	1575 	1595 	1542 	1365 	1504 	1324 	1539 	: 	: 	: 	: 	: 	: 	: 	: 	: 	: 	: 	: 	: 	: 	: 	: 	: 	: 	: 	: 	: 	: 	: 	: 	: 	: 	: 	: 	: 	: 	: 	: 	: 	: 	: 	: 	: 	: 	: 	: 	: 	: 	: 	: 	: 	: 	: 	: 	: 	: 	: 	: 	: 	: 	: 	: 	: 	: 	: 	: 	: 	: 	: 	: 	: 	: 	: 	: 	: 	: 	: 	: 	: 	: 	: 	: 	: 	: 	: 	: 	: 	: 	: 	: 	: 	: 	: 	: 	: 	: 	: 	: 	: 	: 	: 	: 	: 	: 	: 	: 	: 	: 	: 	: 	: 	: 	: 	: 	: 	: 	: 	: 	: 	: 	: 	: 	: 	: 	: 	: 	: 	: 	: 	: 	: 	: 	: 	: 	: 	: 	: 	: 	: 	: 	: 	: 	: 	: 	: 	: 	: 	: 	: 	: 	: 	: 	: 	: 	: 	: 	: 	: 	: 	: 	: 	: 	: 	: 	: 	: 	: 	: 	: 	: 	: 	: 	: 	: 	: 	: 	: 	: 	: 	: 	: 	: 	: 	: 	: 	: 	: 	: 	: 	: 	: 	: 	: 	: 	: 	: 	: 	: 	: 	: 	: 	: 	: 	: 	: 	: 	: 	: 	: 	: 	: 	: 	: 	: 	: 	: 	: 	: 	: 	: 	: 	: 	: 	: 	: 	: 	: 	: 	: 	: 	: 	: 	: 	: 	: 
PAS,PAS_CRD_DEP,SK_LZIB_UK_EGNX	: 	: 	: 	: 	: 	: 	: 	: 	: 	: 	: 	: 	: 	: 	: 	: 	: 	: 	: 	: 	: 	: 	: 	: 	: 	: 	: 	: 	: 	: 	: 	: 	: 	: 	: 	: 	: 	: 	: 	: 	: 	: 	: 	: 	: 	: 	: 	: 	: 	: 	: 	: 	: 	: 	: 	: 	: 	: 	: 	: 	: 	: 	: 	: 	: 	: 	: 	: 	: 	: 	: 	: 	: 	: 	: 	: 	: 	: 	: 	: 	: 	: 	: 	: 	: 	: 	: 	: 	: 	: 	: 	: 	: 	: 	: 	: 	: 	: 	: 	: 	: 	: 	: 	: 	: 	: 	: 	: 	: 	: 	: 	: 	: 	: 	: 	: 	: 	: 	: 	: 	: 	: 	: 	: 	: 	: 	: 	: 	: 	868 	3971 	6975 	: 	: 	: 	: 	: 	868 	1277 	1293 	1401 	2232 	2273 	2470 	11814 	6719 	8280 	7677 	6953 	1764 	2300 	2655 	2703 	2937 	2640 	2912 	2319 	2446 	2413 	2273 	2267 	29629 	7332 	8863 	7841 	2247 	1929 	2428 	2975 	2852 	3026 	2985 	2815 	2455 	2571 	2053 	194 	: 	26283 	: 	: 	: 	: 	: 	: 	: 	: 	: 	: 	: 	: 	: 	: 	: 	: 	: 	: 	: 	: 	: 	: 	: 	: 	: 	: 	: 	: 	: 	: 	: 	: 	: 	: 	: 	: 	: 	: 	: 	: 	: 	: 	: 	: 	: 	: 	: 	: 	: 	: 	: 	: 	: 	: 	: 	: 	: 	: 	: 
PAS,PAS_CRD_DEP,SK_LZIB_UK_EGPH	4659 	4589 	2340 	1622 	1422 	1615 	1598 	1408 	1583 	4346 	5612 	4601 	636 	1342 	1407 	1597 	1455 	1657 	2500 	1613 	1569 	1419 	636 	: 	: 	15195 	1081 	5794 	4625 	170 	: 	: 	1081 	1617 	1640 	2537 	1438 	1603 	1584 	170 	: 	: 	11670 	1246 	5644 	4536 	: 	: 	: 	1246 	1622 	1676 	2346 	1441 	1587 	1508 	: 	: 	: 	11426 	2666 	6941 	6361 	320 	: 	310 	2356 	2091 	2545 	2305 	2238 	2051 	2072 	320 	: 	: 	16288 	2033 	4761 	5622 	4243 	: 	: 	2033 	2209 	926 	1626 	2300 	1938 	1384 	1334 	1458 	1451 	16659 	4765 	6959 	6146 	4534 	954 	1512 	2299 	2227 	2377 	2355 	2291 	1885 	1970 	1869 	1251 	1414 	22404 	4795 	8972 	7197 	4126 	900 	1218 	2677 	2895 	2893 	3184 	2791 	2439 	1967 	1506 	1236 	1384 	25090 	4628 	8752 	6816 	4596 	938 	1369 	2321 	2651 	3064 	3037 	2589 	2266 	1961 	1505 	1437 	1654 	24792 	: 	: 	: 	: 	: 	: 	: 	: 	: 	: 	: 	: 	: 	: 	: 	: 	: 	: 	: 	: 	: 	: 	: 	: 	: 	: 	: 	: 	: 	: 	: 	: 	: 	: 	: 	: 	: 	: 	: 	: 	: 	: 	: 	: 	: 	: 	: 	: 	: 	: 	: 	: 	: 	: 	: 	: 	: 	: 	: 	: 	: 	: 	: 	: 	: 	: 	: 	: 	: 	: 	: 	: 	: 	: 	: 	: 	: 	: 	: 	: 	: 	: 	: 	: 	: 	: 	: 	: 	: 	: 	: 	: 	: 
PAS,PAS_CRD_DEP,SK_LZIB_UK_EGSS	23393 	23490 	6940 	7674 	7896 	7823 	7899 	7266 	8325 	25881 	31004 	31824 	29404 	7236 	7877 	10768 	10776 	9716 	10512 	10693 	10587 	10544 	9523 	9662 	10219 	118113 	29752 	28721 	28193 	28603 	8604 	10168 	10980 	10802 	8415 	9504 	9363 	9414 	9416 	9770 	9061 	9772 	115269 	28680 	25950 	26662 	21670 	8686 	9865 	10129 	9327 	7881 	8742 	8878 	9209 	8575 	7164 	6678 	7828 	102962 	25266 	27031 	28293 	23057 	7019 	7755 	10492 	10563 	8144 	8324 	9756 	9431 	9106 	7988 	6857 	8212 	103647 	26582 	33382 	27111 	23548 	7092 	8034 	11456 	11574 	11103 	10705 	10264 	9073 	7774 	7736 	7370 	8442 	110623 	24880 	32196 	29524 	24823 	6914 	7680 	10286 	10386 	10892 	10918 	10393 	10003 	9128 	8676 	7178 	8969 	111423 	25772 	31521 	27715 	34390 	7313 	8428 	10031 	10150 	10590 	10781 	10371 	10051 	7293 	12153 	10448 	11789 	119398 	34569 	32811 	29341 	26921 	10083 	11983 	12503 	11423 	10753 	10635 	9915 	9823 	9603 	9172 	8184 	9565 	123642 	25898 	30962 	29096 	26450 	7240 	8971 	9687 	9819 	10602 	10541 	10090 	9785 	9221 	8736 	8317 	9397 	112406 	31540 	51225 	49261 	40574 	6864 	8890 	15786 	16375 	17289 	17561 	16901 	16383 	15977 	14054 	12319 	14201 	172600 	41507 	47001 	44324 	37373 	11943 	14064 	15500 	14794 	15719 	16488 	15889 	14343 	14092 	13389 	10820 	13164 	170205 	: 	: 	: 	: 	: 	: 	: 	: 	: 	: 	: 	: 	: 	: 	: 	: 	: 	: 	: 	: 	: 	: 	: 	: 	: 	: 	: 	: 	: 	: 	: 	: 	: 	: 	: 	: 	: 	: 	: 	: 	: 	: 
PAS,PAS_CRD_DEP,SK_LZKZ_AT_LOWW	7085 	5588 	2240 	2467 	2480 	2138 	2290 	1517 	1781 	6731 	7374 	7476 	5580 	1722 	2302 	2707 	2690 	2346 	2338 	2628 	2512 	2336 	1909 	1840 	1831 	27161 	6591 	8178 	8516 	6280 	1710 	2199 	2682 	2832 	2673 	2673 	3143 	2691 	2682 	2491 	2006 	1783 	29565 	6337 	7832 	7247 	5511 	1717 	2154 	2466 	2677 	2548 	2607 	2788 	2322 	2137 	1883 	1774 	1854 	26927 	6814 	7601 	7292 	5867 	1841 	2318 	2655 	2716 	2436 	2449 	2620 	2283 	2389 	2045 	1883 	1939 	27574 	6156 	7724 	6598 	6001 	1623 	2196 	2337 	2586 	2475 	2663 	2362 	2157 	2079 	2270 	1854 	1877 	26479 	4036 	5588 	5781 	4476 	8 	2129 	1899 	1990 	1709 	1889 	1758 	2312 	1711 	1617 	1324 	1535 	19881 	4212 	4269 	3457 	2682 	1129 	1502 	1581 	1615 	1410 	1244 	1351 	1242 	864 	925 	887 	870 	14620 	3156 	3000 	2833 	2592 	848 	1041 	1267 	1198 	863 	939 	1014 	975 	844 	912 	805 	875 	11581 	3351 	4267 	4526 	3685 	806 	1106 	1439 	1459 	1232 	1576 	1641 	1445 	1440 	1183 	1255 	1247 	15829 	4201 	4645 	4409 	3712 	1160 	1497 	1544 	1682 	1398 	1565 	1706 	1415 	1288 	1415 	1096 	1201 	16967 	3828 	4071 	3793 	3474 	1027 	1264 	1537 	1530 	1212 	1329 	1423 	1306 	1064 	1258 	1003 	1213 	15166 	: 	: 	: 	: 	: 	: 	: 	: 	: 	: 	: 	: 	: 	: 	: 	: 	: 	: 	: 	: 	: 	: 	: 	: 	: 	: 	: 	: 	: 	: 	: 	: 	: 	: 	: 	: 	: 	: 	: 	: 	: 	5051 
PAS,PAS_CRD_DEP,SK_LZKZ_BG_LBBG	: 	: 	: 	: 	: 	: 	: 	: 	: 	: 	12807 	1528 	: 	: 	: 	: 	194 	5894 	6719 	1528 	: 	: 	: 	: 	: 	14335 	: 	11020 	1166 	: 	: 	: 	: 	98 	4828 	6094 	1166 	: 	: 	: 	: 	: 	12186 	: 	11166 	1338 	: 	: 	: 	: 	13 	5160 	5993 	1338 	: 	: 	: 	: 	: 	12504 	: 	10316 	1141 	: 	: 	: 	: 	3 	4665 	5648 	1141 	: 	: 	: 	: 	: 	11457 	: 	10362 	1394 	: 	: 	: 	: 	25 	4895 	5442 	1394 	: 	: 	: 	: 	: 	11756 	: 	8232 	1162 	: 	: 	: 	: 	181 	3688 	4363 	1162 	: 	: 	: 	: 	: 	9394 	: 	: 	: 	: 	: 	: 	: 	: 	: 	: 	: 	: 	: 	: 	: 	: 	: 	: 	: 	: 	: 	: 	: 	: 	: 	: 	: 	: 	: 	: 	: 	: 	: 	: 	: 	: 	: 	: 	: 	: 	: 	: 	: 	: 	: 	: 	: 	: 	: 	: 	: 	: 	: 	: 	: 	: 	: 	: 	: 	: 	: 	: 	: 	: 	: 	: 	: 	: 	: 	: 	: 	: 	: 	: 	: 	: 	: 	: 	: 	: 	: 	: 	: 	: 	: 	: 	: 	: 	: 	: 	: 	: 	: 	: 	: 	: 	: 	: 	: 	: 	: 	: 	: 	: 	: 	: 	: 	: 	: 	: 	: 	: 	: 	: 	: 	: 	: 	: 	: 	: 	: 	: 	: 	: 	: 	: 	: 
PAS,PAS_CRD_DEP,SK_LZKZ_CZ_LKPR	5102 	2892 	1698 	1786 	1805 	1511 	957 	911 	1024 	4553 	5585 	4620 	3343 	1305 	1533 	1715 	2087 	1906 	1592 	1547 	1439 	1634 	1438 	900 	1005 	18101 	4532 	5151 	4819 	4605 	1238 	1393 	1901 	1918 	1597 	1636 	1682 	1461 	1676 	1724 	1379 	1502 	19107 	5122 	5877 	6630 	5200 	1460 	1703 	1959 	2059 	1867 	1951 	2135 	2492 	2003 	1932 	1530 	1738 	22829 	6892 	6819 	6781 	5937 	2189 	2178 	2525 	2519 	2119 	2181 	2252 	2225 	2304 	2208 	1793 	1936 	26429 	7434 	6498 	7919 	7633 	2124 	2554 	2756 	2594 	1970 	1934 	2678 	2627 	2614 	2523 	2462 	2648 	29484 	9096 	10352 	11973 	10426 	2626 	2951 	3519 	3583 	3345 	3424 	4104 	4336 	3533 	3410 	3465 	3551 	41847 	12059 	13253 	12506 	11647 	3353 	4026 	4680 	4691 	4226 	4336 	4541 	4399 	3566 	4097 	3573 	3977 	49465 	13073 	14609 	13838 	11033 	3634 	4485 	4954 	5038 	4863 	4708 	5128 	4440 	4270 	3769 	3431 	3833 	52553 	15520 	24848 	24076 	19715 	3889 	4403 	7228 	8300 	7927 	8621 	8739 	8448 	6889 	6554 	6237 	6924 	84159 	18741 	15086 	14069 	13473 	5520 	7567 	5654 	5282 	5007 	4797 	5276 	4528 	4265 	4504 	4076 	4893 	61369 	13747 	15649 	13944 	11852 	3994 	4458 	5295 	5130 	5512 	5007 	5496 	4324 	4124 	3997 	3246 	4609 	55192 	: 	: 	: 	: 	: 	: 	: 	: 	: 	: 	: 	: 	: 	: 	: 	: 	: 	: 	: 	: 	: 	: 	: 	: 	: 	: 	: 	: 	: 	: 	: 	: 	: 	: 	: 	: 	: 	: 	: 	: 	: 	36567 
PAS,PAS_CRD_DEP,SK_LZKZ_EG_HEGN	: 	: 	: 	: 	: 	: 	: 	: 	: 	: 	: 	: 	: 	: 	: 	: 	: 	: 	: 	: 	: 	: 	: 	: 	: 	: 	: 	: 	: 	: 	: 	: 	: 	: 	: 	: 	: 	: 	: 	: 	: 	: 	: 	: 	: 	: 	: 	: 	: 	: 	: 	: 	: 	: 	: 	: 	: 	: 	: 	: 	: 	: 	: 	: 	: 	: 	: 	: 	: 	: 	: 	: 	: 	: 	: 	: 	: 	: 	: 	: 	: 	: 	: 	: 	: 	: 	: 	: 	: 	: 	: 	: 	: 	: 	: 	: 	: 	: 	: 	: 	: 	: 	: 	: 	: 	: 	: 	: 	: 	: 	: 	252 	5281 	2344 	: 	: 	: 	252 	1375 	1639 	2267 	1913 	431 	: 	: 	: 	: 	7877 	75 	5877 	1983 	: 	: 	: 	75 	1469 	1984 	2424 	1983 	: 	: 	: 	: 	: 	7935 	331 	7233 	2970 	: 	: 	: 	331 	1891 	2498 	2844 	2374 	596 	: 	: 	: 	: 	10534 	495 	5689 	2492 	: 	: 	: 	495 	1531 	2036 	2122 	1803 	689 	: 	: 	: 	: 	8676 	: 	: 	: 	: 	: 	: 	: 	: 	: 	: 	: 	: 	: 	: 	: 	: 	: 	: 	: 	: 	: 	: 	: 	: 	: 	: 	: 	: 	: 	: 	: 	: 	: 	: 	: 	: 	: 	: 	: 	: 	: 	: 	: 	: 	: 	: 	: 	: 	: 	: 	: 	: 	: 	: 	: 	: 	: 	: 	: 
PAS,PAS_CRD_DEP,SK_LZKZ_IE_EIDW	: 	: 	: 	: 	: 	: 	: 	: 	: 	: 	: 	: 	: 	: 	: 	: 	: 	: 	: 	: 	: 	: 	: 	: 	: 	: 	: 	: 	: 	: 	: 	: 	: 	: 	: 	: 	: 	: 	: 	: 	: 	: 	: 	: 	: 	: 	: 	: 	: 	: 	: 	: 	: 	: 	: 	: 	: 	: 	: 	: 	: 	: 	: 	: 	: 	: 	: 	: 	: 	: 	: 	: 	: 	: 	: 	: 	: 	: 	: 	: 	: 	: 	: 	: 	: 	: 	: 	: 	: 	: 	: 	: 	: 	: 	: 	: 	: 	: 	: 	: 	: 	: 	: 	: 	: 	: 	: 	: 	: 	: 	: 	: 	: 	: 	: 	: 	: 	: 	: 	: 	: 	: 	: 	: 	: 	: 	: 	: 	: 	: 	: 	: 	: 	: 	: 	: 	: 	: 	: 	: 	: 	: 	: 	: 	: 	930 	4570 	4296 	4200 	: 	: 	930 	1300 	1633 	1637 	1402 	1467 	1427 	1430 	1288 	1482 	13996 	: 	: 	: 	: 	: 	: 	: 	: 	: 	: 	: 	: 	: 	: 	: 	: 	: 	: 	: 	: 	: 	: 	: 	: 	: 	: 	: 	: 	: 	: 	: 	: 	: 	: 	: 	: 	: 	: 	: 	: 	: 	: 	: 	: 	: 	: 	: 	: 	: 	: 	: 	: 	: 	: 	: 	: 	: 	: 	: 	: 	: 	: 	: 	: 	: 	: 	: 	: 	: 	: 	: 	: 	: 	: 	: 	: 
PAS,PAS_CRD_DEP,SK_LZKZ_IT_LIME	: 	: 	: 	: 	: 	: 	: 	: 	: 	: 	: 	: 	: 	: 	: 	: 	: 	: 	: 	: 	: 	: 	: 	: 	: 	: 	3150 	3766 	1023 	: 	814 	1079 	1257 	1165 	1358 	1243 	1023 	: 	: 	: 	: 	: 	7939 	: 	: 	: 	: 	: 	: 	: 	: 	: 	: 	: 	: 	: 	: 	: 	: 	: 	: 	: 	: 	: 	: 	: 	: 	: 	: 	: 	: 	: 	: 	: 	: 	: 	: 	: 	: 	: 	: 	: 	: 	: 	: 	: 	: 	: 	: 	: 	: 	: 	: 	: 	: 	: 	: 	: 	: 	: 	: 	: 	: 	: 	: 	: 	: 	: 	: 	: 	: 	: 	: 	: 	: 	: 	: 	: 	: 	: 	: 	: 	: 	: 	: 	: 	: 	: 	: 	: 	: 	: 	: 	: 	: 	: 	: 	: 	: 	: 	: 	: 	: 	: 	: 	: 	: 	: 	: 	: 	: 	: 	: 	: 	: 	: 	: 	: 	: 	: 	: 	: 	: 	: 	: 	: 	: 	: 	: 	: 	: 	: 	: 	: 	: 	: 	: 	: 	: 	: 	: 	: 	: 	: 	: 	: 	: 	: 	: 	: 	: 	: 	: 	: 	: 	: 	: 	: 	: 	: 	: 	: 	: 	: 	: 	: 	: 	: 	: 	: 	: 	: 	: 	: 	: 	: 	: 	: 	: 	: 	: 	: 	: 	: 	: 	: 	: 	: 	: 	: 	: 	: 	: 	: 	: 	: 	: 	: 
PAS,PAS_CRD_DEP,SK_LZKZ_PL_EPWA	: 	: 	: 	: 	: 	: 	: 	: 	: 	2608 	2592 	2154 	62 	744 	888 	976 	828 	836 	928 	859 	737 	558 	62 	: 	: 	7416 	: 	: 	: 	: 	: 	: 	: 	: 	: 	: 	: 	: 	: 	: 	: 	: 	: 	: 	: 	: 	: 	: 	: 	: 	: 	: 	: 	: 	: 	: 	: 	: 	: 	: 	: 	: 	: 	: 	: 	: 	: 	: 	: 	: 	: 	: 	: 	: 	: 	: 	: 	: 	: 	: 	: 	: 	: 	: 	: 	: 	: 	: 	: 	: 	: 	: 	: 	: 	: 	: 	: 	: 	: 	: 	: 	: 	: 	: 	: 	: 	: 	: 	: 	: 	: 	: 	: 	: 	: 	: 	: 	: 	: 	: 	: 	: 	: 	: 	: 	: 	: 	: 	: 	: 	: 	: 	: 	: 	: 	: 	: 	: 	: 	: 	: 	: 	: 	: 	: 	: 	: 	: 	: 	: 	: 	: 	: 	: 	: 	: 	: 	: 	: 	: 	: 	: 	: 	: 	: 	: 	: 	: 	: 	: 	: 	: 	: 	: 	: 	: 	: 	: 	: 	: 	: 	: 	: 	: 	: 	: 	: 	: 	: 	: 	: 	: 	: 	: 	: 	: 	: 	: 	: 	: 	: 	: 	: 	: 	: 	: 	: 	: 	: 	: 	: 	: 	: 	: 	: 	: 	: 	: 	: 	: 	: 	: 	: 	: 	: 	: 	: 	: 	: 	: 	: 	: 	: 	: 	: 	: 	: 	: 
PAS,PAS_CRD_DEP,SK_LZKZ_SK_LZIB	3222 	4014 	999 	1151 	1121 	950 	1470 	1318 	1226 	3703 	2725 	3997 	4107 	1290 	1461 	952 	1080 	800 	845 	1673 	1276 	1048 	1350 	1482 	1275 	14532 	3801 	2468 	2891 	2433 	1214 	1411 	1176 	1058 	597 	813 	1065 	844 	982 	637 	897 	899 	11593 	3229 	3998 	3682 	2615 	925 	1045 	1259 	1434 	1256 	1308 	1708 	783 	1191 	916 	862 	837 	13524 	497 	839 	4185 	3678 	13 	163 	321 	139 	445 	255 	1431 	1337 	1417 	1273 	1262 	1143 	9199 	2798 	4114 	4223 	3319 	560 	834 	1404 	1283 	1362 	1469 	1438 	1465 	1320 	1327 	1062 	930 	14454 	4018 	4300 	4936 	3690 	1177 	1431 	1410 	1441 	1462 	1397 	1685 	1933 	1318 	1370 	1178 	1142 	16944 	4412 	5040 	5144 	5199 	1237 	1554 	1621 	1648 	1976 	1416 	1886 	1699 	1559 	1909 	1617 	1673 	19795 	6334 	10644 	18166 	15231 	1687 	2029 	2618 	2273 	4019 	4352 	5996 	5869 	6301 	4805 	4800 	5626 	50375 	20428 	24645 	27972 	24323 	6158 	7622 	6648 	8112 	8558 	7975 	9942 	8969 	9061 	8553 	7546 	8224 	97368 	25508 	22221 	23092 	17803 	6715 	8910 	9883 	7438 	7434 	7349 	7955 	8339 	6798 	6904 	5375 	5524 	88624 	14721 	15330 	15590 	13088 	4225 	5172 	5324 	5144 	5257 	4929 	5566 	5222 	4802 	4883 	3936 	4269 	58729 	: 	: 	: 	: 	: 	: 	: 	: 	: 	: 	: 	: 	: 	: 	: 	: 	: 	: 	: 	: 	: 	: 	: 	: 	: 	: 	: 	: 	: 	: 	: 	: 	: 	: 	: 	: 	: 	: 	: 	: 	: 	: 
PAS,PAS_CRD_DEP,SK_LZKZ_TR_LTAI	: 	: 	: 	: 	: 	: 	: 	: 	: 	: 	7437 	1046 	: 	: 	: 	: 	1123 	3072 	3242 	1046 	: 	: 	: 	: 	: 	8483 	: 	18232 	5869 	184 	: 	: 	: 	3332 	7123 	7777 	5869 	: 	: 	184 	: 	: 	24285 	: 	16598 	5109 	: 	: 	: 	: 	3576 	6336 	6686 	5109 	: 	: 	: 	: 	: 	21707 	: 	14497 	4277 	: 	: 	: 	: 	3002 	5317 	6178 	4277 	: 	: 	: 	: 	: 	18774 	: 	13083 	4281 	: 	: 	: 	: 	3221 	4827 	5035 	4281 	: 	: 	: 	: 	: 	17364 	4 	13275 	4117 	: 	: 	: 	4 	2795 	4883 	5597 	4001 	116 	: 	: 	: 	: 	17396 	58 	8853 	3760 	: 	: 	: 	58 	1640 	3368 	3845 	3481 	279 	: 	: 	: 	: 	12671 	: 	: 	: 	: 	: 	: 	: 	: 	: 	: 	: 	: 	: 	: 	: 	: 	: 	: 	: 	: 	: 	: 	: 	: 	: 	: 	: 	: 	: 	: 	: 	: 	: 	: 	: 	: 	: 	: 	: 	: 	: 	: 	: 	: 	: 	: 	: 	: 	: 	: 	: 	: 	: 	: 	: 	: 	: 	: 	: 	: 	: 	: 	: 	: 	: 	: 	: 	: 	: 	: 	: 	: 	: 	: 	: 	: 	: 	: 	: 	: 	: 	: 	: 	: 	: 	: 	: 	: 	: 	: 	: 	: 	: 	: 	: 	: 	: 	: 	: 	: 	: 	: 	: 	: 	: 	: 	: 	: 	: 	: 
PAS,PAS_CRD_DEP,SK_LZKZ_UK_EGCN	5084 	4246 	2078 	1768 	1491 	1825 	1244 	1314 	1688 	4404 	6175 	4658 	3983 	1476 	1474 	1454 	1883 	2228 	2064 	1712 	1485 	1461 	1543 	1245 	1195 	19220 	4182 	4458 	1131 	: 	1405 	1471 	1306 	1537 	1584 	1337 	1131 	: 	: 	: 	: 	: 	9771 	: 	: 	: 	: 	: 	: 	: 	: 	: 	: 	: 	: 	: 	: 	: 	: 	: 	: 	: 	: 	: 	: 	: 	: 	: 	: 	: 	: 	: 	: 	: 	: 	: 	: 	: 	: 	: 	: 	: 	: 	: 	: 	: 	: 	: 	: 	: 	: 	: 	: 	: 	: 	: 	: 	: 	: 	: 	: 	: 	: 	: 	: 	: 	: 	: 	: 	: 	: 	: 	: 	: 	: 	: 	: 	: 	: 	: 	: 	: 	: 	: 	: 	: 	: 	: 	: 	: 	: 	: 	: 	: 	: 	: 	: 	: 	: 	: 	: 	: 	: 	: 	: 	: 	: 	: 	: 	: 	: 	: 	: 	: 	: 	: 	: 	: 	: 	: 	: 	: 	: 	: 	: 	: 	: 	: 	: 	: 	: 	: 	: 	: 	: 	: 	: 	: 	: 	: 	: 	: 	: 	: 	: 	: 	: 	: 	: 	: 	: 	: 	: 	: 	: 	: 	: 	: 	: 	: 	: 	: 	: 	: 	: 	: 	: 	: 	: 	: 	: 	: 	: 	: 	: 	: 	: 	: 	: 	: 	: 	: 	: 	: 	: 	: 	: 	: 	: 	: 	: 	: 	: 	: 	: 	: 	: 	: 
PAS,PAS_CRD_DEP,SK_LZKZ_UK_EGGD	: 	: 	: 	: 	: 	: 	: 	: 	: 	3782 	4362 	3755 	2703 	1182 	1140 	1460 	1525 	1507 	1330 	1169 	1320 	1266 	782 	608 	1313 	14602 	: 	: 	: 	: 	: 	: 	: 	: 	: 	: 	: 	: 	: 	: 	: 	: 	: 	: 	: 	: 	: 	: 	: 	: 	: 	: 	: 	: 	: 	: 	: 	: 	: 	: 	: 	: 	: 	: 	: 	: 	: 	: 	: 	: 	: 	: 	: 	: 	: 	: 	: 	: 	: 	: 	: 	: 	: 	: 	: 	: 	: 	: 	: 	: 	: 	: 	: 	: 	: 	: 	: 	: 	: 	: 	: 	: 	: 	: 	: 	: 	: 	: 	: 	: 	: 	: 	: 	: 	: 	: 	: 	: 	: 	: 	: 	: 	: 	: 	: 	: 	: 	: 	: 	: 	: 	: 	: 	: 	: 	: 	: 	: 	: 	: 	: 	: 	: 	: 	: 	: 	: 	: 	: 	: 	: 	: 	: 	: 	: 	: 	: 	: 	: 	: 	: 	: 	: 	: 	: 	: 	: 	: 	: 	: 	: 	: 	: 	: 	: 	: 	: 	: 	: 	: 	: 	: 	: 	: 	: 	: 	: 	: 	: 	: 	: 	: 	: 	: 	: 	: 	: 	: 	: 	: 	: 	: 	: 	: 	: 	: 	: 	: 	: 	: 	: 	: 	: 	: 	: 	: 	: 	: 	: 	: 	: 	: 	: 	: 	: 	: 	: 	: 	: 	: 	: 	: 	: 	: 	: 	: 	: 	: 
PAS,PAS_CRD_DEP,SK_LZKZ_UK_EGGW	17091 	14999 	5125 	5655 	5709 	5727 	5060 	4571 	5368 	16356 	19001 	17170 	14371 	5042 	5468 	5846 	6156 	6830 	6015 	6307 	5714 	5149 	5034 	4501 	4836 	66898 	13411 	20800 	11530 	13596 	3691 	4613 	5107 	6195 	7631 	6974 	6740 	: 	4790 	4702 	4125 	4769 	59337 	13335 	20557 	12285 	9367 	3998 	4523 	4814 	6017 	7381 	7159 	5385 	3623 	3277 	3177 	2831 	3359 	55544 	: 	: 	: 	: 	: 	: 	: 	: 	: 	: 	: 	: 	: 	: 	: 	: 	: 	: 	: 	: 	: 	: 	: 	: 	: 	: 	: 	: 	: 	: 	: 	: 	: 	: 	: 	: 	: 	: 	: 	: 	: 	: 	: 	: 	: 	: 	: 	: 	: 	: 	: 	: 	: 	: 	: 	: 	: 	: 	: 	: 	: 	: 	: 	: 	: 	: 	: 	: 	: 	3698 	4649 	5748 	: 	: 	: 	: 	1998 	1700 	1506 	1497 	1646 	1723 	1846 	2179 	14095 	4449 	6216 	4976 	4943 	1413 	1539 	1497 	1940 	2256 	2020 	1707 	1625 	1644 	1711 	1578 	1654 	20584 	: 	: 	: 	: 	: 	: 	: 	: 	: 	: 	: 	: 	: 	: 	: 	: 	: 	: 	: 	: 	: 	: 	: 	: 	: 	: 	: 	: 	: 	: 	: 	: 	: 	: 	: 	: 	: 	: 	: 	: 	: 	: 	: 	: 	: 	: 	: 	: 	: 	: 	: 	: 	: 	: 	: 	: 	: 	: 	: 	: 	: 	: 	: 	: 	: 	: 	: 	: 	: 	: 	: 	: 	: 	: 	: 	: 
SEAT,ST_PAS,SK_LZ99_AT_LO99	: 	: 	: 	: 	: 	: 	: 	: 	: 	: 	: 	: 	: 	: 	: 	: 	: 	: 	: 	: 	: 	: 	: 	: 	: 	: 	: 	: 	: 	: 	: 	: 	: 	: 	: 	: 	: 	: 	: 	: 	: 	: 	: 	: 	: 	: 	: 	: 	: 	: 	: 	: 	: 	: 	: 	: 	: 	: 	: 	: 	: 	: 	: 	: 	: 	: 	: 	: 	: 	: 	: 	: 	: 	: 	: 	: 	: 	: 	: 	: 	: 	: 	: 	: 	: 	: 	: 	: 	: 	: 	: 	: 	: 	: 	: 	: 	: 	: 	: 	: 	: 	: 	: 	: 	: 	: 	: 	: 	: 	: 	: 	: 	: 	: 	: 	: 	: 	: 	: 	: 	: 	: 	: 	: 	: 	: 	: 	: 	: 	: 	: 	: 	: 	: 	: 	: 	: 	: 	: 	: 	: 	: 	: 	: 	: 	: 	: 	: 	: 	: 	: 	: 	: 	: 	: 	: 	: 	: 	: 	: 	: 	: 	: 	: 	: 	: 	: 	: 	: 	: 	: 	: 	: 	: 	: 	: 	: 	: 	: 	: 	: 	: 	: 	: 	: 	: 	: 	: 	: 	: 	: 	: 	: 	: 	: 	: 	613562 	16227 	15380 	1112579 	204244 	404058 	5260 	5343 	5544 	5340 	5342 	5144 	4894 	804732 	103649 	204198 	1757748 	2011250 	113291 	12552 	10716 	603501 	1203551 	204198 	104725 	4292 	4274 	4400 	4200 	3952 	2147809 	: 	: 	: 	: 	: 	: 	: 	: 	: 	: 	: 
SEAT,ST_PAS,SK_LZ99_BE_EB99	: 	: 	: 	: 	: 	: 	: 	: 	: 	: 	: 	: 	: 	: 	: 	: 	: 	: 	: 	: 	: 	: 	: 	: 	: 	: 	: 	: 	: 	: 	: 	: 	: 	: 	: 	: 	: 	: 	: 	: 	: 	: 	: 	: 	: 	: 	: 	: 	: 	: 	: 	: 	: 	: 	: 	: 	: 	: 	: 	: 	: 	: 	: 	: 	: 	: 	: 	: 	: 	: 	: 	: 	: 	: 	: 	: 	: 	: 	: 	: 	: 	: 	: 	: 	: 	: 	: 	: 	: 	: 	: 	: 	: 	: 	: 	: 	: 	: 	: 	: 	: 	: 	: 	: 	: 	: 	: 	: 	: 	: 	: 	: 	: 	: 	: 	: 	: 	: 	: 	: 	: 	: 	: 	: 	: 	: 	: 	: 	: 	: 	: 	: 	: 	: 	: 	: 	: 	: 	: 	: 	: 	: 	: 	: 	: 	: 	: 	: 	: 	: 	: 	: 	: 	: 	: 	: 	: 	: 	: 	: 	: 	: 	: 	: 	: 	: 	: 	: 	: 	: 	: 	: 	: 	: 	: 	: 	: 	: 	: 	: 	: 	: 	: 	: 	: 	: 	: 	: 	: 	: 	: 	: 	: 	: 	: 	: 	223146 	21146 	26488 	112841 	107225 	108571 	7350 	8276 	6360 	6510 	8610 	9393 	8485 	5322 	4480 	103039 	383621 	: 	: 	: 	: 	: 	: 	: 	: 	: 	: 	: 	: 	: 	: 	: 	: 	: 	: 	: 	: 	: 	: 	: 	: 	: 
SEAT,ST_PAS,SK_LZ99_BG_LB99	: 	: 	: 	: 	: 	: 	: 	: 	: 	: 	: 	: 	: 	: 	: 	: 	: 	: 	: 	: 	: 	: 	: 	: 	: 	: 	: 	: 	: 	: 	: 	: 	: 	: 	: 	: 	: 	: 	: 	: 	: 	: 	: 	: 	: 	: 	: 	: 	: 	: 	: 	: 	: 	: 	: 	: 	: 	: 	: 	: 	: 	: 	: 	: 	: 	: 	: 	: 	: 	: 	: 	: 	: 	: 	: 	: 	: 	: 	: 	: 	: 	: 	: 	: 	: 	: 	: 	: 	: 	: 	: 	: 	: 	: 	: 	: 	: 	: 	: 	: 	: 	: 	: 	: 	: 	: 	: 	: 	: 	: 	: 	: 	: 	: 	: 	: 	: 	: 	: 	: 	: 	: 	: 	: 	: 	: 	: 	: 	: 	: 	: 	: 	: 	: 	: 	: 	: 	: 	: 	: 	: 	: 	: 	: 	: 	: 	: 	: 	: 	: 	: 	: 	: 	: 	: 	: 	: 	: 	: 	: 	: 	: 	: 	: 	: 	: 	: 	: 	: 	: 	: 	: 	: 	: 	: 	: 	: 	: 	: 	: 	: 	: 	: 	: 	: 	: 	: 	: 	: 	: 	: 	: 	: 	: 	: 	: 	102779 	44907 	6757 	0 	102779 	: 	: 	7102 	18870 	18935 	6757 	: 	: 	0 	: 	: 	154443 	99999 	233014 	5543 	327 	: 	99999 	: 	203762 	13990 	15262 	5541 	2 	: 	338883 	200 	27054 	3356 	253 	30863 	444 	18468 	2298 	608 	21818 	: 
SEAT,ST_PAS,SK_LZ99_CZ_LK99	: 	: 	: 	: 	: 	: 	: 	: 	: 	: 	: 	: 	: 	: 	: 	: 	: 	: 	: 	: 	: 	: 	: 	: 	: 	: 	: 	: 	: 	: 	: 	: 	: 	: 	: 	: 	: 	: 	: 	: 	: 	: 	: 	: 	: 	: 	: 	: 	: 	: 	: 	: 	: 	: 	: 	: 	: 	: 	: 	: 	: 	: 	: 	: 	: 	: 	: 	: 	: 	: 	: 	: 	: 	: 	: 	: 	: 	: 	: 	: 	: 	: 	: 	: 	: 	: 	: 	: 	: 	: 	: 	: 	: 	: 	: 	: 	: 	: 	: 	: 	: 	: 	: 	: 	: 	: 	: 	: 	: 	: 	: 	: 	: 	: 	: 	: 	: 	: 	: 	: 	: 	: 	: 	: 	: 	: 	: 	: 	: 	: 	: 	: 	: 	: 	: 	: 	: 	: 	: 	: 	: 	: 	: 	: 	: 	: 	: 	: 	: 	: 	: 	: 	: 	: 	: 	: 	: 	: 	: 	: 	: 	: 	: 	: 	: 	: 	: 	: 	: 	: 	: 	: 	: 	: 	: 	: 	: 	: 	: 	: 	: 	: 	: 	: 	: 	: 	: 	: 	: 	: 	: 	: 	: 	: 	: 	: 	1677225 	83174 	79989 	1576672 	1124608 	525507 	27110 	26851 	28326 	27997 	27481 	26538 	25970 	727002 	323794 	525876 	3417060 	3479652 	1383857 	80069 	69588 	27569 	1426939 	2025144 	1327041 	27804 	29012 	26700 	27347 	26022 	5013166 	72222 	74595 	71018 	63256 	281091 	64402 	63446 	59089 	28128 	215065 	: 
SEAT,ST_PAS,SK_LZ99_DE_ED99	: 	: 	: 	: 	: 	: 	: 	: 	: 	: 	: 	: 	: 	: 	: 	: 	: 	: 	: 	: 	: 	: 	: 	: 	: 	: 	: 	: 	: 	: 	: 	: 	: 	: 	: 	: 	: 	: 	: 	: 	: 	: 	: 	: 	: 	: 	: 	: 	: 	: 	: 	: 	: 	: 	: 	: 	: 	: 	: 	: 	: 	: 	: 	: 	: 	: 	: 	: 	: 	: 	: 	: 	: 	: 	: 	: 	: 	: 	: 	: 	: 	: 	: 	: 	: 	: 	: 	: 	: 	: 	: 	: 	: 	: 	: 	: 	: 	: 	: 	: 	: 	: 	: 	: 	: 	: 	: 	: 	: 	: 	: 	: 	: 	: 	: 	: 	: 	: 	: 	: 	: 	: 	: 	: 	: 	: 	: 	: 	: 	: 	: 	: 	: 	: 	: 	: 	: 	: 	: 	: 	: 	: 	: 	: 	: 	: 	: 	: 	: 	: 	: 	: 	: 	: 	: 	: 	: 	: 	: 	: 	: 	: 	: 	: 	: 	: 	: 	: 	: 	: 	: 	: 	: 	: 	: 	: 	: 	: 	: 	: 	: 	: 	: 	: 	: 	: 	: 	: 	: 	: 	: 	: 	: 	: 	: 	: 	2065395 	34159 	38556 	3451849 	1025261 	1027504 	12630 	11576 	11636 	10947 	12464 	11354 	14738 	1618450 	616297 	1217102 	5589959 	4043626 	1126223 	19429 	10710 	1323723 	1111515 	1608388 	1108393 	8995 	8835 	8321 	8137 	2971 	5199988 	: 	: 	: 	: 	: 	: 	: 	: 	: 	: 	: 
SEAT,ST_PAS,SK_LZ99_EG_HE99	: 	: 	: 	: 	: 	: 	: 	: 	: 	: 	: 	: 	: 	: 	: 	: 	: 	: 	: 	: 	: 	: 	: 	: 	: 	: 	: 	: 	: 	: 	: 	: 	: 	: 	: 	: 	: 	: 	: 	: 	: 	: 	: 	: 	: 	: 	: 	: 	: 	: 	: 	: 	: 	: 	: 	: 	: 	: 	: 	: 	: 	: 	: 	: 	: 	: 	: 	: 	: 	: 	: 	: 	: 	: 	: 	: 	: 	: 	: 	: 	: 	: 	: 	: 	: 	: 	: 	: 	: 	: 	: 	: 	: 	: 	: 	: 	: 	: 	: 	: 	: 	: 	: 	: 	: 	: 	: 	: 	: 	: 	: 	: 	: 	: 	: 	: 	: 	: 	: 	: 	: 	: 	: 	: 	: 	: 	: 	: 	: 	: 	: 	: 	: 	: 	: 	: 	: 	: 	: 	: 	: 	: 	: 	: 	: 	: 	: 	: 	: 	: 	: 	: 	: 	: 	: 	: 	: 	: 	: 	: 	: 	: 	: 	: 	: 	: 	: 	: 	: 	: 	: 	: 	: 	: 	: 	: 	: 	: 	: 	: 	: 	: 	: 	: 	: 	: 	: 	: 	: 	: 	: 	: 	: 	: 	: 	: 	115312 	52873 	44592 	6245 	2637 	102367 	10308 	14026 	17791 	21056 	21472 	17336 	5784 	3141 	1328 	1776 	219022 	1327631 	464442 	39737 	6622 	3848 	6096 	1317687 	420154 	21602 	22686 	21363 	14444 	3930 	1838432 	21684 	28416 	10524 	4484 	65108 	12594 	18984 	10563 	: 	42141 	: 
SEAT,ST_PAS,SK_LZ99_EL_LG99	: 	: 	: 	: 	: 	: 	: 	: 	: 	: 	: 	: 	: 	: 	: 	: 	: 	: 	: 	: 	: 	: 	: 	: 	: 	: 	: 	: 	: 	: 	: 	: 	: 	: 	: 	: 	: 	: 	: 	: 	: 	: 	: 	: 	: 	: 	: 	: 	: 	: 	: 	: 	: 	: 	: 	: 	: 	: 	: 	: 	: 	: 	: 	: 	: 	: 	: 	: 	: 	: 	: 	: 	: 	: 	: 	: 	: 	: 	: 	: 	: 	: 	: 	: 	: 	: 	: 	: 	: 	: 	: 	: 	: 	: 	: 	: 	: 	: 	: 	: 	: 	: 	: 	: 	: 	: 	: 	: 	: 	: 	: 	: 	: 	: 	: 	: 	: 	: 	: 	: 	: 	: 	: 	: 	: 	: 	: 	: 	: 	: 	: 	: 	: 	: 	: 	: 	: 	: 	: 	: 	: 	: 	: 	: 	: 	: 	: 	: 	: 	: 	: 	: 	: 	: 	: 	: 	: 	: 	: 	: 	: 	: 	: 	: 	: 	: 	: 	: 	: 	: 	: 	: 	: 	: 	: 	: 	: 	: 	: 	: 	: 	: 	: 	: 	: 	: 	: 	: 	: 	: 	: 	: 	: 	: 	: 	: 	101803 	102864 	26919 	296 	99999 	: 	1804 	29045 	36127 	37692 	25692 	1227 	: 	: 	: 	296 	231882 	2616 	89810 	23344 	778 	798 	162 	1656 	26302 	32358 	31150 	21954 	1390 	: 	116548 	2246 	88485 	21624 	808 	113163 	4222 	64270 	18261 	: 	86753 	: 
SEAT,ST_PAS,SK_LZ99_ES_LE99	: 	: 	: 	: 	: 	: 	: 	: 	: 	: 	: 	: 	: 	: 	: 	: 	: 	: 	: 	: 	: 	: 	: 	: 	: 	: 	: 	: 	: 	: 	: 	: 	: 	: 	: 	: 	: 	: 	: 	: 	: 	: 	: 	: 	: 	: 	: 	: 	: 	: 	: 	: 	: 	: 	: 	: 	: 	: 	: 	: 	: 	: 	: 	: 	: 	: 	: 	: 	: 	: 	: 	: 	: 	: 	: 	: 	: 	: 	: 	: 	: 	: 	: 	: 	: 	: 	: 	: 	: 	: 	: 	: 	: 	: 	: 	: 	: 	: 	: 	: 	: 	: 	: 	: 	: 	: 	: 	: 	: 	: 	: 	: 	: 	: 	: 	: 	: 	: 	: 	: 	: 	: 	: 	: 	: 	: 	: 	: 	: 	: 	: 	: 	: 	: 	: 	: 	: 	: 	: 	: 	: 	: 	: 	: 	: 	: 	: 	: 	: 	: 	: 	: 	: 	: 	: 	: 	: 	: 	: 	: 	: 	: 	: 	: 	: 	: 	: 	: 	: 	: 	: 	: 	: 	: 	: 	: 	: 	: 	: 	: 	: 	: 	: 	: 	: 	: 	: 	: 	: 	: 	: 	: 	: 	: 	: 	: 	209801 	28708 	12543 	7136 	2482 	203579 	3740 	8402 	10430 	9876 	7513 	2410 	2620 	2628 	2114 	2394 	258188 	7168 	23329 	10704 	512 	2128 	2380 	2660 	5856 	8687 	8786 	6122 	2690 	1892 	41713 	: 	: 	: 	: 	: 	: 	: 	: 	: 	: 	: 
SEAT,ST_PAS,SK_LZ99_FR_LF99	: 	: 	: 	: 	: 	: 	: 	: 	: 	: 	: 	: 	: 	: 	: 	: 	: 	: 	: 	: 	: 	: 	: 	: 	: 	: 	: 	: 	: 	: 	: 	: 	: 	: 	: 	: 	: 	: 	: 	: 	: 	: 	: 	: 	: 	: 	: 	: 	: 	: 	: 	: 	: 	: 	: 	: 	: 	: 	: 	: 	: 	: 	: 	: 	: 	: 	: 	: 	: 	: 	: 	: 	: 	: 	: 	: 	: 	: 	: 	: 	: 	: 	: 	: 	: 	: 	: 	: 	: 	: 	: 	: 	: 	: 	: 	: 	: 	: 	: 	: 	: 	: 	: 	: 	: 	: 	: 	: 	: 	: 	: 	: 	: 	: 	: 	: 	: 	: 	: 	: 	: 	: 	: 	: 	: 	: 	: 	: 	: 	: 	: 	: 	: 	: 	: 	: 	: 	: 	: 	: 	: 	: 	: 	: 	: 	: 	: 	: 	: 	: 	: 	: 	: 	: 	: 	: 	: 	: 	: 	: 	: 	: 	: 	: 	: 	: 	: 	: 	: 	: 	: 	: 	: 	: 	: 	: 	: 	: 	: 	: 	: 	: 	: 	: 	: 	: 	: 	: 	: 	: 	: 	: 	: 	: 	: 	: 	356772 	41929 	50691 	129449 	118344 	220382 	18046 	15648 	13198 	13083 	15421 	17578 	17692 	10878 	9576 	108995 	578841 	1242999 	544451 	43904 	17886 	110762 	514509 	617728 	515092 	14493 	14866 	15464 	20400 	8040 	1849240 	23384 	5962 	158 	292 	29796 	: 	: 	: 	: 	: 	: 
SEAT,ST_PAS,SK_LZ99_HR_LD99	: 	: 	: 	: 	: 	: 	: 	: 	: 	: 	: 	: 	: 	: 	: 	: 	: 	: 	: 	: 	: 	: 	: 	: 	: 	: 	: 	: 	: 	: 	: 	: 	: 	: 	: 	: 	: 	: 	: 	: 	: 	: 	: 	: 	: 	: 	: 	: 	: 	: 	: 	: 	: 	: 	: 	: 	: 	: 	: 	: 	: 	: 	: 	: 	: 	: 	: 	: 	: 	: 	: 	: 	: 	: 	: 	: 	: 	: 	: 	: 	: 	: 	: 	: 	: 	: 	: 	: 	: 	: 	: 	: 	: 	: 	: 	: 	: 	: 	: 	: 	: 	: 	: 	: 	: 	: 	: 	: 	: 	: 	: 	: 	: 	: 	: 	: 	: 	: 	: 	: 	: 	: 	: 	: 	: 	: 	: 	: 	: 	: 	: 	: 	: 	: 	: 	: 	: 	: 	: 	: 	: 	: 	: 	: 	: 	: 	: 	: 	: 	: 	: 	: 	: 	: 	: 	: 	: 	: 	: 	: 	: 	: 	: 	: 	: 	: 	: 	: 	: 	: 	: 	: 	: 	: 	: 	: 	: 	: 	: 	: 	: 	: 	: 	: 	: 	: 	: 	: 	: 	: 	: 	: 	: 	: 	: 	: 	852 	25947 	8611 	20 	754 	90 	8 	6495 	9762 	9690 	6611 	2000 	0 	0 	0 	20 	35430 	: 	: 	: 	: 	: 	: 	: 	: 	: 	: 	: 	: 	: 	: 	: 	: 	: 	: 	: 	: 	: 	: 	: 	: 	: 
SEAT,ST_PAS,SK_LZ99_IN_VI99	: 	: 	: 	: 	: 	: 	: 	: 	: 	: 	: 	: 	: 	: 	: 	: 	: 	: 	: 	: 	: 	: 	: 	: 	: 	: 	: 	: 	: 	: 	: 	: 	: 	: 	: 	: 	: 	: 	: 	: 	: 	: 	: 	: 	: 	: 	: 	: 	: 	: 	: 	: 	: 	: 	: 	: 	: 	: 	: 	: 	: 	: 	: 	: 	: 	: 	: 	: 	: 	: 	: 	: 	: 	: 	: 	: 	: 	: 	: 	: 	: 	: 	: 	: 	: 	: 	: 	: 	: 	: 	: 	: 	: 	: 	: 	: 	: 	: 	: 	: 	: 	: 	: 	: 	: 	: 	: 	: 	: 	: 	: 	: 	: 	: 	: 	: 	: 	: 	: 	: 	: 	: 	: 	: 	: 	: 	: 	: 	: 	: 	: 	: 	: 	: 	: 	: 	: 	: 	: 	: 	: 	: 	: 	: 	: 	: 	: 	: 	: 	: 	: 	: 	: 	: 	: 	: 	: 	: 	: 	: 	: 	: 	: 	: 	: 	: 	: 	: 	: 	: 	: 	: 	: 	: 	: 	: 	: 	: 	: 	: 	: 	: 	: 	: 	: 	: 	: 	: 	: 	: 	: 	: 	: 	: 	: 	: 	13260 	14688 	13260 	118607 	3876 	4080 	5304 	3672 	6324 	4692 	2652 	3060 	7548 	107955 	6776 	3876 	159815 	: 	: 	: 	: 	: 	: 	: 	: 	: 	: 	: 	: 	: 	: 	: 	: 	: 	: 	: 	: 	: 	: 	: 	: 	: 
SEAT,ST_PAS,SK_LZ99_IT_LI99	: 	: 	: 	: 	: 	: 	: 	: 	: 	: 	: 	: 	: 	: 	: 	: 	: 	: 	: 	: 	: 	: 	: 	: 	: 	: 	: 	: 	: 	: 	: 	: 	: 	: 	: 	: 	: 	: 	: 	: 	: 	: 	: 	: 	: 	: 	: 	: 	: 	: 	: 	: 	: 	: 	: 	: 	: 	: 	: 	: 	: 	: 	: 	: 	: 	: 	: 	: 	: 	: 	: 	: 	: 	: 	: 	: 	: 	: 	: 	: 	: 	: 	: 	: 	: 	: 	: 	: 	: 	: 	: 	: 	: 	: 	: 	: 	: 	: 	: 	: 	: 	: 	: 	: 	: 	: 	: 	: 	: 	: 	: 	: 	: 	: 	: 	: 	: 	: 	: 	: 	: 	: 	: 	: 	: 	: 	: 	: 	: 	: 	: 	: 	: 	: 	: 	: 	: 	: 	: 	: 	: 	: 	: 	: 	: 	: 	: 	: 	: 	: 	: 	: 	: 	: 	: 	: 	: 	: 	: 	: 	: 	: 	: 	: 	: 	: 	: 	: 	: 	: 	: 	: 	: 	: 	: 	: 	: 	: 	: 	: 	: 	: 	: 	: 	: 	: 	: 	: 	: 	: 	: 	: 	: 	: 	: 	: 	980158 	45216 	49519 	743446 	526364 	428362 	25432 	15124 	15334 	14758 	14990 	16633 	17896 	16862 	414284 	312300 	1818339 	833528 	623858 	22736 	8539 	111553 	313259 	408716 	610331 	7075 	6452 	7584 	8435 	6717 	1488661 	: 	: 	: 	: 	: 	: 	: 	: 	: 	: 	: 
SEAT,ST_PAS,SK_LZ99_NL_EH99	: 	: 	: 	: 	: 	: 	: 	: 	: 	: 	: 	: 	: 	: 	: 	: 	: 	: 	: 	: 	: 	: 	: 	: 	: 	: 	: 	: 	: 	: 	: 	: 	: 	: 	: 	: 	: 	: 	: 	: 	: 	: 	: 	: 	: 	: 	: 	: 	: 	: 	: 	: 	: 	: 	: 	: 	: 	: 	: 	: 	: 	: 	: 	: 	: 	: 	: 	: 	: 	: 	: 	: 	: 	: 	: 	: 	: 	: 	: 	: 	: 	: 	: 	: 	: 	: 	: 	: 	: 	: 	: 	: 	: 	: 	: 	: 	: 	: 	: 	: 	: 	: 	: 	: 	: 	: 	: 	: 	: 	: 	: 	: 	: 	: 	: 	: 	: 	: 	: 	: 	: 	: 	: 	: 	: 	: 	: 	: 	: 	: 	: 	: 	: 	: 	: 	: 	: 	: 	: 	: 	: 	: 	: 	: 	: 	: 	: 	: 	: 	: 	: 	: 	: 	: 	: 	: 	: 	: 	: 	: 	: 	: 	: 	: 	: 	: 	: 	: 	: 	: 	: 	: 	: 	: 	: 	: 	: 	: 	: 	: 	: 	: 	: 	: 	: 	: 	: 	: 	: 	: 	: 	: 	: 	: 	: 	: 	321167 	21678 	25212 	16419 	106273 	206648 	8246 	7484 	7248 	6946 	7902 	8420 	8890 	6015 	5187 	5217 	384476 	16392 	213780 	13793 	804 	5958 	5586 	4848 	204520 	4738 	4522 	4529 	4842 	4422 	244769 	: 	: 	: 	: 	: 	: 	: 	: 	: 	: 	: 
SEAT,ST_PAS,SK_LZ99_RU_UU99	: 	: 	: 	: 	: 	: 	: 	: 	: 	: 	: 	: 	: 	: 	: 	: 	: 	: 	: 	: 	: 	: 	: 	: 	: 	: 	: 	: 	: 	: 	: 	: 	: 	: 	: 	: 	: 	: 	: 	: 	: 	: 	: 	: 	: 	: 	: 	: 	: 	: 	: 	: 	: 	: 	: 	: 	: 	: 	: 	: 	: 	: 	: 	: 	: 	: 	: 	: 	: 	: 	: 	: 	: 	: 	: 	: 	: 	: 	: 	: 	: 	: 	: 	: 	: 	: 	: 	: 	: 	: 	: 	: 	: 	: 	: 	: 	: 	: 	: 	: 	: 	: 	: 	: 	: 	: 	: 	: 	: 	: 	: 	: 	: 	: 	: 	: 	: 	: 	: 	: 	: 	: 	: 	: 	: 	: 	: 	: 	: 	: 	: 	: 	: 	: 	: 	: 	: 	: 	: 	: 	: 	: 	: 	: 	: 	: 	: 	: 	: 	: 	: 	: 	: 	: 	: 	: 	: 	: 	: 	: 	: 	: 	: 	: 	: 	: 	: 	: 	: 	: 	: 	: 	: 	: 	: 	: 	: 	: 	: 	: 	: 	: 	: 	: 	: 	: 	: 	: 	: 	: 	: 	: 	: 	: 	: 	: 	412388 	11167 	15976 	211396 	303567 	103951 	4870 	3592 	3787 	3788 	5040 	5756 	5180 	2874 	103639 	104883 	650927 	314928 	215104 	14900 	15292 	204445 	5104 	105379 	204888 	5486 	4730 	4490 	5370 	5040 	560224 	14822 	12129 	11922 	11802 	50675 	11604 	12676 	12658 	154 	37092 	: 
SEAT,ST_PAS,SK_LZ99_SK_LZ99	: 	: 	: 	: 	: 	: 	: 	: 	: 	: 	: 	: 	: 	: 	: 	: 	: 	: 	: 	: 	: 	: 	: 	: 	: 	: 	: 	: 	: 	: 	: 	: 	: 	: 	: 	: 	: 	: 	: 	: 	: 	: 	: 	: 	: 	: 	: 	: 	: 	: 	: 	: 	: 	: 	: 	: 	: 	: 	: 	: 	: 	: 	: 	: 	: 	: 	: 	: 	: 	: 	: 	: 	: 	: 	: 	: 	: 	: 	: 	: 	: 	: 	: 	: 	: 	: 	: 	: 	: 	: 	: 	: 	: 	: 	: 	: 	: 	: 	: 	: 	: 	: 	: 	: 	: 	: 	: 	: 	: 	: 	: 	: 	: 	: 	: 	: 	: 	: 	: 	: 	: 	: 	: 	: 	: 	: 	: 	: 	: 	: 	: 	: 	: 	: 	: 	: 	: 	: 	: 	: 	: 	: 	: 	: 	: 	: 	: 	: 	: 	: 	: 	: 	: 	: 	: 	: 	: 	: 	: 	: 	: 	: 	: 	: 	: 	: 	: 	: 	: 	: 	: 	: 	: 	: 	: 	: 	: 	: 	: 	: 	: 	: 	: 	: 	: 	: 	: 	: 	: 	: 	: 	: 	: 	: 	: 	: 	379512 	64506 	74808 	1034854 	326062 	26172 	27278 	23821 	21068 	19617 	22421 	24270 	28117 	714877 	10920 	309057 	1553680 	1325487 	629381 	29336 	30884 	307677 	109059 	908751 	610089 	9761 	9531 	10496 	9736 	9104 	2015088 	32846 	35524 	27372 	19389 	115131 	25844 	25160 	35139 	10212 	96355 	: 
SEAT,ST_PAS,SK_LZ99_TN_DT99	: 	: 	: 	: 	: 	: 	: 	: 	: 	: 	: 	: 	: 	: 	: 	: 	: 	: 	: 	: 	: 	: 	: 	: 	: 	: 	: 	: 	: 	: 	: 	: 	: 	: 	: 	: 	: 	: 	: 	: 	: 	: 	: 	: 	: 	: 	: 	: 	: 	: 	: 	: 	: 	: 	: 	: 	: 	: 	: 	: 	: 	: 	: 	: 	: 	: 	: 	: 	: 	: 	: 	: 	: 	: 	: 	: 	: 	: 	: 	: 	: 	: 	: 	: 	: 	: 	: 	: 	: 	: 	: 	: 	: 	: 	: 	: 	: 	: 	: 	: 	: 	: 	: 	: 	: 	: 	: 	: 	: 	: 	: 	: 	: 	: 	: 	: 	: 	: 	: 	: 	: 	: 	: 	: 	: 	: 	: 	: 	: 	: 	: 	: 	: 	: 	: 	: 	: 	: 	: 	: 	: 	: 	: 	: 	: 	: 	: 	: 	: 	: 	: 	: 	: 	: 	: 	: 	: 	: 	: 	: 	: 	: 	: 	: 	: 	: 	: 	: 	: 	: 	: 	: 	: 	: 	: 	: 	: 	: 	: 	: 	: 	: 	: 	: 	: 	: 	: 	: 	: 	: 	: 	: 	: 	: 	: 	: 	3550 	64397 	20868 	252 	: 	: 	3550 	18425 	23224 	22748 	17514 	3354 	: 	: 	: 	252 	89067 	403734 	47193 	16077 	: 	: 	: 	403734 	14122 	16316 	16755 	11533 	4544 	: 	467004 	3384 	30647 	11313 	: 	45344 	2184 	21126 	8616 	: 	31926 	: 
SEAT,ST_PAS,SK_LZ99_TR_LT99	: 	: 	: 	: 	: 	: 	: 	: 	: 	: 	: 	: 	: 	: 	: 	: 	: 	: 	: 	: 	: 	: 	: 	: 	: 	: 	: 	: 	: 	: 	: 	: 	: 	: 	: 	: 	: 	: 	: 	: 	: 	: 	: 	: 	: 	: 	: 	: 	: 	: 	: 	: 	: 	: 	: 	: 	: 	: 	: 	: 	: 	: 	: 	: 	: 	: 	: 	: 	: 	: 	: 	: 	: 	: 	: 	: 	: 	: 	: 	: 	: 	: 	: 	: 	: 	: 	: 	: 	: 	: 	: 	: 	: 	: 	: 	: 	: 	: 	: 	: 	: 	: 	: 	: 	: 	: 	: 	: 	: 	: 	: 	: 	: 	: 	: 	: 	: 	: 	: 	: 	: 	: 	: 	: 	: 	: 	: 	: 	: 	: 	: 	: 	: 	: 	: 	: 	: 	: 	: 	: 	: 	: 	: 	: 	: 	: 	: 	: 	: 	: 	: 	: 	: 	: 	: 	: 	: 	: 	: 	: 	: 	: 	: 	: 	: 	: 	: 	: 	: 	: 	: 	: 	: 	: 	: 	: 	: 	: 	: 	: 	: 	: 	: 	: 	: 	: 	: 	: 	: 	: 	: 	: 	: 	: 	: 	: 	740 	30666 	10152 	0 	: 	: 	740 	9239 	10271 	11156 	10152 	: 	0 	: 	0 	: 	41558 	100565 	136872 	9664 	189 	99999 	0 	566 	112033 	12016 	12823 	9654 	0 	10 	247290 	246 	21273 	5407 	8 	26934 	884 	40668 	10388 	: 	51940 	: 
SEAT,ST_PAS,SK_LZ99_UK_EG99	: 	: 	: 	: 	: 	: 	: 	: 	: 	: 	: 	: 	: 	: 	: 	: 	: 	: 	: 	: 	: 	: 	: 	: 	: 	: 	: 	: 	: 	: 	: 	: 	: 	: 	: 	: 	: 	: 	: 	: 	: 	: 	: 	: 	: 	: 	: 	: 	: 	: 	: 	: 	: 	: 	: 	: 	: 	: 	: 	: 	: 	: 	: 	: 	: 	: 	: 	: 	: 	: 	: 	: 	: 	: 	: 	: 	: 	: 	: 	: 	: 	: 	: 	: 	: 	: 	: 	: 	: 	: 	: 	: 	: 	: 	: 	: 	: 	: 	: 	: 	: 	: 	: 	: 	: 	: 	: 	: 	: 	: 	: 	: 	: 	: 	: 	: 	: 	: 	: 	: 	: 	: 	: 	: 	: 	: 	: 	: 	: 	: 	: 	: 	: 	: 	: 	: 	: 	: 	: 	: 	: 	: 	: 	: 	: 	: 	: 	: 	: 	: 	: 	: 	: 	: 	: 	: 	: 	: 	: 	: 	: 	: 	: 	: 	: 	: 	: 	: 	: 	: 	: 	: 	: 	: 	: 	: 	: 	: 	: 	: 	: 	: 	: 	: 	: 	: 	: 	: 	: 	: 	: 	: 	: 	: 	: 	: 	1327596 	87183 	80640 	469874 	646228 	648861 	32507 	27938 	29864 	29381 	25540 	24957 	30143 	225830 	121122 	122922 	1965293 	552504 	57151 	51470 	38027 	18614 	416016 	117874 	16192 	21484 	19475 	15014 	20384 	16072 	699152 	31347 	16436 	8 	8 	47799 	: 	: 	: 	: 	: 	: 
SEAT,ST_PAS,SK_LZIB_AE_OMDB	14331 	18330 	4524 	4524 	4932 	4875 	5916 	5568 	6846 	17922 	15919 	14271 	13940 	6786 	6264 	4872 	6123 	4576 	5220 	4524 	4872 	4875 	4524 	4176 	5240 	62052 	12256 	13224 	13607 	12876 	4524 	4156 	3576 	4176 	4524 	4524 	4532 	4531 	4544 	4524 	4176 	4176 	51963 	: 	: 	: 	: 	: 	: 	: 	: 	: 	: 	: 	: 	: 	: 	: 	: 	: 	: 	: 	: 	: 	: 	: 	: 	: 	: 	: 	: 	: 	: 	: 	: 	: 	: 	: 	: 	: 	: 	: 	: 	: 	: 	: 	: 	: 	: 	: 	: 	: 	: 	: 	: 	: 	: 	: 	: 	: 	: 	: 	: 	: 	: 	: 	: 	: 	: 	: 	: 	: 	: 	: 	: 	: 	: 	: 	: 	: 	: 	: 	: 	: 	: 	: 	: 	: 	: 	: 	: 	: 	: 	: 	: 	: 	: 	: 	: 	: 	: 	: 	: 	: 	: 	: 	: 	: 	: 	: 	: 	: 	: 	: 	: 	: 	: 	: 	: 	: 	: 	: 	: 	: 	: 	: 	: 	: 	: 	: 	: 	: 	: 	: 	: 	: 	: 	: 	: 	: 	: 	: 	: 	: 	: 	: 	: 	: 	: 	: 	: 	: 	: 	: 	: 	: 	: 	: 	: 	: 	: 	: 	: 	: 	: 	: 	: 	: 	: 	: 	: 	: 	: 	: 	: 	: 	: 	: 	: 	: 	: 	: 	: 	: 	: 	: 	: 	: 	: 	: 	: 	: 	: 	: 	: 	: 	: 	: 
SEAT,ST_PAS,SK_LZIB_BE_EBBR	: 	: 	: 	: 	: 	: 	: 	: 	: 	12952 	30229 	26852 	7 	: 	3024 	9928 	9990 	10206 	10033 	9842 	10206 	6804 	0 	7 	0 	70040 	: 	: 	: 	: 	: 	: 	: 	: 	: 	: 	: 	: 	: 	: 	: 	: 	: 	: 	: 	: 	: 	: 	: 	: 	: 	: 	: 	: 	: 	: 	: 	: 	: 	: 	: 	: 	: 	: 	: 	: 	: 	: 	: 	: 	: 	: 	: 	: 	: 	: 	: 	: 	: 	: 	: 	: 	: 	: 	: 	: 	: 	: 	: 	: 	: 	: 	: 	: 	: 	: 	: 	: 	: 	: 	: 	: 	: 	: 	: 	: 	: 	: 	: 	: 	: 	: 	: 	: 	: 	: 	: 	: 	: 	: 	: 	: 	: 	: 	: 	: 	: 	: 	: 	: 	: 	: 	: 	: 	: 	: 	: 	: 	: 	: 	: 	: 	: 	: 	: 	: 	: 	: 	: 	: 	: 	: 	: 	: 	: 	: 	: 	: 	: 	: 	: 	: 	: 	: 	: 	: 	: 	: 	: 	: 	: 	: 	: 	: 	: 	: 	: 	: 	: 	19098 	19188 	23175 	22424 	5206 	6308 	7584 	6264 	6324 	6600 	7800 	8160 	7215 	7300 	6892 	8232 	83885 	: 	: 	: 	: 	: 	: 	: 	: 	: 	: 	: 	: 	: 	: 	: 	: 	: 	: 	: 	: 	: 	: 	: 	: 	: 	: 	: 	: 	: 	: 	: 	: 	: 	: 	: 	: 	: 	: 	: 	: 	: 	: 
SEAT,ST_PAS,SK_LZIB_BE_EBCI	19845 	15120 	6804 	6615 	6804 	6426 	5670 	4536 	4914 	8316 	: 	2268 	22494 	4914 	3402 	: 	: 	: 	: 	: 	: 	2268 	6240 	7938 	8316 	33078 	20790 	14112 	12831 	18669 	7182 	7938 	5670 	4914 	4410 	4788 	4368 	4074 	4389 	6384 	5859 	6426 	66402 	18144 	14742 	14742 	18900 	6048 	6426 	5670 	4914 	4914 	4914 	4914 	4914 	4914 	6426 	6048 	6426 	66528 	19647 	20034 	19656 	19467 	6426 	6615 	6606 	6804 	6426 	6804 	6426 	6804 	6426 	6804 	6048 	6615 	78804 	21924 	18900 	19270 	19656 	7560 	6426 	7938 	7938 	5292 	5670 	6426 	6426 	6418 	6048 	6426 	7182 	79750 	20790 	20034 	19278 	23436 	7560 	6426 	6804 	6426 	6804 	6804 	6426 	6804 	6048 	7938 	7182 	8316 	83538 	21924 	18522 	17955 	20034 	7182 	7938 	6804 	6048 	6426 	6048 	6426 	6615 	4914 	7182 	6048 	6804 	78435 	19656 	14742 	14749 	378 	7560 	6426 	5670 	4914 	4914 	4914 	4921 	4914 	4914 	378 	: 	: 	49525 	: 	: 	: 	: 	: 	: 	: 	: 	: 	: 	: 	: 	: 	: 	: 	: 	: 	: 	: 	: 	: 	: 	: 	: 	: 	: 	: 	: 	: 	: 	: 	: 	: 	: 	: 	: 	: 	: 	: 	: 	: 	: 	: 	: 	: 	: 	: 	: 	: 	: 	: 	: 	: 	: 	: 	: 	: 	: 	: 	: 	: 	: 	: 	: 	: 	: 	: 	: 	: 	: 	: 	: 	: 	: 	: 	: 	: 	: 	: 	: 	: 	: 	: 	: 	: 	: 	: 	: 	: 	: 	: 	: 	: 
SEAT,ST_PAS,SK_LZIB_BG_LBBG	6718 	: 	20518 	6529 	189 	: 	: 	: 	: 	: 	49150 	6687 	: 	: 	: 	: 	6012 	21249 	21889 	6687 	: 	: 	: 	: 	: 	55837 	: 	42098 	7129 	: 	: 	: 	: 	4612 	17756 	19730 	7129 	: 	: 	: 	: 	: 	49227 	: 	42968 	6188 	: 	: 	: 	: 	4348 	19168 	19452 	6188 	: 	: 	: 	: 	: 	49156 	: 	173107 	27615 	: 	: 	: 	: 	34369 	41168 	97570 	27615 	: 	: 	: 	: 	: 	200722 	: 	48313 	7188 	: 	: 	: 	: 	5464 	21796 	21053 	7188 	: 	: 	: 	: 	: 	55501 	: 	48817 	6917 	: 	: 	: 	: 	5088 	21842 	21887 	6917 	: 	: 	: 	: 	: 	55734 	: 	35975 	4516 	: 	: 	: 	: 	2840 	17205 	15930 	4516 	: 	0 	: 	: 	: 	40491 	: 	34159 	6695 	: 	: 	: 	: 	3497 	15668 	14994 	6695 	: 	: 	: 	: 	: 	40854 	: 	50243 	10578 	: 	: 	: 	: 	8675 	20254 	21314 	10578 	: 	: 	: 	: 	: 	60821 	: 	42566 	7280 	: 	: 	: 	: 	6912 	17530 	18124 	7280 	: 	: 	: 	: 	: 	49846 	: 	37368 	5318 	: 	: 	: 	: 	5330 	16554 	15484 	5318 	: 	: 	: 	: 	: 	42686 	: 	: 	: 	: 	: 	: 	: 	: 	: 	: 	: 	: 	: 	: 	: 	: 	: 	: 	: 	: 	: 	: 	: 	: 	: 	: 	: 	: 	: 	: 	: 	: 	: 	: 	: 	: 	: 	: 	: 	: 	: 	: 
SEAT,ST_PAS,SK_LZIB_BG_LBSF	: 	: 	: 	: 	: 	: 	: 	: 	: 	: 	: 	: 	: 	: 	: 	: 	: 	: 	: 	: 	: 	: 	: 	: 	: 	: 	: 	: 	: 	: 	: 	: 	: 	: 	: 	: 	: 	: 	: 	: 	: 	: 	: 	: 	: 	: 	: 	: 	: 	: 	: 	: 	: 	: 	: 	: 	: 	: 	: 	: 	: 	: 	: 	: 	: 	: 	: 	: 	: 	: 	: 	: 	: 	: 	: 	: 	: 	: 	: 	: 	: 	: 	: 	: 	: 	: 	: 	: 	: 	: 	: 	: 	: 	: 	: 	: 	: 	: 	: 	: 	: 	: 	: 	: 	: 	: 	: 	: 	: 	: 	: 	: 	: 	: 	: 	: 	: 	: 	: 	: 	: 	: 	: 	: 	: 	: 	: 	: 	: 	: 	: 	: 	: 	: 	: 	: 	: 	: 	: 	: 	: 	: 	: 	: 	: 	: 	: 	: 	: 	: 	: 	: 	: 	: 	: 	: 	: 	: 	: 	: 	: 	: 	: 	: 	: 	: 	: 	: 	: 	: 	: 	: 	: 	: 	: 	: 	: 	: 	: 	14091 	15650 	14173 	12440 	3791 	4916 	5384 	5916 	5180 	4554 	4929 	4690 	4554 	4980 	3494 	3966 	56354 	: 	: 	: 	: 	: 	: 	: 	: 	: 	: 	: 	: 	: 	: 	: 	: 	: 	: 	: 	: 	: 	: 	: 	: 	: 	: 	: 	: 	: 	: 	: 	: 	: 	: 	: 	: 	: 	: 	: 	: 	: 	: 
SEAT,ST_PAS,SK_LZIB_CZ_LKPR	: 	: 	: 	: 	: 	: 	: 	: 	: 	11534 	7663 	22037 	21169 	4645 	4197 	2692 	3284 	2090 	2289 	15364 	3722 	2951 	14355 	3745 	3069 	62403 	: 	: 	: 	: 	: 	: 	: 	: 	: 	: 	: 	: 	: 	: 	: 	: 	: 	: 	: 	: 	: 	: 	: 	: 	: 	: 	: 	: 	: 	: 	: 	: 	: 	: 	: 	: 	: 	: 	: 	: 	: 	: 	: 	: 	: 	: 	: 	: 	: 	: 	: 	: 	: 	: 	: 	: 	: 	: 	: 	: 	: 	: 	: 	: 	: 	: 	: 	: 	1255 	6427 	18930 	16533 	495 	367 	393 	467 	366 	5594 	5827 	7369 	5734 	5670 	5238 	5625 	43145 	23058 	33778 	31767 	30370 	6019 	5838 	11201 	11012 	11660 	11106 	10785 	11170 	9812 	10900 	9282 	10188 	118973 	32488 	34523 	31418 	33448 	9962 	11229 	11297 	11426 	11541 	11556 	11245 	10282 	9891 	11922 	10238 	11288 	131877 	34528 	34963 	36352 	78250 	10942 	11308 	12278 	11657 	11323 	11983 	12412 	12025 	11915 	24923 	25537 	27790 	184093 	72293 	45436 	45919 	38856 	26095 	28527 	17671 	14811 	15632 	14993 	15395 	15987 	14537 	13524 	12434 	12898 	202504 	38568 	40358 	37841 	35974 	12982 	12364 	13222 	13602 	13881 	12875 	13137 	12439 	12265 	12387 	11370 	12217 	152741 	: 	: 	: 	: 	: 	: 	: 	: 	: 	: 	: 	: 	: 	: 	: 	: 	: 	: 	: 	: 	: 	: 	: 	: 	: 	: 	: 	: 	: 	: 	: 	: 	: 	: 	: 	: 	: 	: 	: 	: 	: 	0 
SEAT,ST_PAS,SK_LZIB_DE_EDDB	19660 	17014 	6804 	6428 	6428 	6804 	5670 	5292 	6052 	22680 	34783 	34411 	34398 	6048 	4914 	11718 	11347 	11718 	11718 	11352 	11719 	11340 	11718 	10962 	11718 	126272 	: 	: 	: 	: 	: 	: 	: 	: 	: 	: 	: 	: 	: 	: 	: 	: 	: 	: 	: 	: 	: 	: 	: 	: 	: 	: 	: 	: 	: 	: 	: 	: 	: 	: 	: 	: 	: 	: 	: 	: 	: 	: 	: 	: 	: 	: 	: 	: 	: 	: 	: 	: 	: 	: 	: 	: 	: 	: 	: 	: 	: 	: 	: 	: 	: 	: 	: 	: 	: 	: 	: 	: 	: 	: 	: 	: 	: 	: 	: 	: 	: 	: 	: 	: 	: 	: 	: 	: 	: 	: 	: 	: 	: 	: 	: 	: 	: 	: 	: 	: 	: 	: 	: 	: 	: 	: 	: 	: 	: 	: 	: 	: 	: 	: 	: 	: 	: 	: 	: 	: 	: 	: 	: 	: 	: 	: 	: 	: 	: 	: 	: 	: 	: 	: 	: 	: 	: 	: 	: 	: 	: 	: 	: 	: 	: 	: 	: 	: 	: 	: 	: 	: 	: 	: 	: 	: 	: 	: 	: 	: 	: 	: 	: 	: 	: 	: 	: 	: 	: 	: 	: 	: 	: 	: 	: 	: 	: 	: 	: 	: 	: 	: 	: 	: 	: 	: 	: 	: 	: 	: 	: 	: 	: 	: 	: 	: 	: 	: 	: 	: 	: 	: 	: 	: 	: 	: 	: 	: 	: 	: 	: 	: 
SEAT,ST_PAS,SK_LZIB_DE_EDDK	: 	: 	: 	: 	: 	: 	: 	: 	: 	: 	: 	: 	: 	: 	: 	: 	: 	: 	: 	: 	: 	: 	: 	: 	: 	: 	: 	: 	: 	: 	: 	: 	: 	: 	: 	: 	: 	: 	: 	: 	: 	: 	: 	: 	: 	: 	: 	: 	: 	: 	: 	: 	: 	: 	: 	: 	: 	: 	: 	: 	: 	: 	: 	: 	: 	: 	: 	: 	: 	: 	: 	: 	: 	: 	: 	: 	: 	: 	: 	: 	: 	: 	: 	: 	: 	: 	: 	: 	: 	: 	: 	: 	: 	: 	: 	: 	: 	: 	: 	: 	: 	: 	: 	: 	: 	: 	: 	: 	: 	: 	: 	: 	: 	: 	: 	: 	: 	: 	: 	: 	: 	: 	: 	: 	: 	: 	: 	: 	: 	: 	: 	: 	: 	: 	: 	: 	: 	: 	: 	: 	: 	: 	: 	: 	: 	: 	: 	: 	: 	: 	: 	: 	: 	: 	: 	: 	: 	: 	: 	: 	: 	: 	: 	: 	: 	: 	: 	: 	: 	: 	: 	: 	: 	: 	: 	: 	: 	: 	: 	10578 	10694 	10485 	11768 	3355 	2993 	4230 	3558 	3584 	3552 	3446 	3719 	3320 	4267 	3560 	3941 	43525 	: 	: 	: 	: 	: 	: 	: 	: 	: 	: 	: 	: 	: 	: 	: 	: 	: 	: 	: 	: 	: 	: 	: 	: 	: 	: 	: 	: 	: 	: 	: 	: 	: 	: 	: 	: 	: 	: 	: 	: 	: 	: 
SEAT,ST_PAS,SK_LZIB_DE_EDDM	: 	: 	: 	: 	: 	: 	: 	: 	: 	: 	: 	: 	: 	: 	: 	: 	: 	: 	: 	: 	: 	: 	: 	: 	: 	: 	: 	: 	: 	: 	: 	: 	: 	: 	: 	: 	: 	: 	: 	: 	: 	: 	: 	: 	: 	: 	: 	: 	: 	: 	: 	: 	: 	: 	: 	: 	: 	: 	: 	: 	: 	: 	: 	: 	: 	: 	: 	: 	: 	: 	: 	: 	: 	: 	: 	: 	: 	: 	: 	: 	: 	: 	: 	: 	: 	: 	: 	: 	: 	: 	: 	: 	: 	: 	: 	: 	: 	: 	: 	: 	: 	: 	: 	: 	: 	: 	: 	: 	: 	: 	: 	: 	: 	: 	: 	: 	: 	: 	: 	: 	: 	: 	: 	: 	: 	: 	: 	: 	: 	: 	: 	: 	: 	: 	: 	: 	: 	: 	: 	: 	: 	: 	: 	: 	: 	21640 	21850 	23223 	22948 	6157 	7535 	7948 	7538 	7122 	7190 	7930 	7509 	7784 	7327 	7788 	7833 	89661 	23286 	23523 	24649 	25389 	7239 	7554 	8493 	8562 	6555 	8406 	8557 	8366 	7726 	9549 	8117 	7723 	96847 	25271 	23477 	23578 	23290 	7703 	9173 	8395 	7651 	7542 	8284 	8014 	8484 	7080 	9380 	6978 	6932 	95616 	: 	: 	: 	: 	: 	: 	: 	: 	: 	: 	: 	: 	: 	: 	: 	: 	: 	: 	: 	: 	: 	: 	: 	: 	: 	: 	: 	: 	: 	: 	: 	: 	: 	: 	: 	: 	: 	: 	: 	: 	: 	: 
SEAT,ST_PAS,SK_LZIB_DE_EDFH	: 	: 	: 	: 	: 	: 	: 	: 	: 	: 	: 	: 	: 	: 	: 	: 	: 	: 	: 	: 	: 	: 	: 	: 	: 	: 	: 	: 	: 	: 	: 	: 	: 	: 	: 	: 	: 	: 	: 	: 	: 	: 	: 	: 	: 	: 	: 	: 	: 	: 	: 	: 	: 	: 	: 	: 	: 	: 	: 	: 	: 	: 	: 	: 	: 	: 	: 	: 	: 	: 	: 	: 	: 	: 	: 	: 	: 	: 	: 	: 	: 	: 	: 	: 	: 	: 	: 	: 	: 	: 	: 	: 	: 	: 	: 	: 	: 	: 	: 	: 	: 	: 	: 	: 	: 	: 	: 	: 	: 	: 	: 	: 	: 	: 	: 	: 	: 	: 	: 	: 	: 	: 	: 	: 	: 	: 	: 	: 	14364 	14772 	14742 	18144 	4536 	4536 	5292 	4944 	4914 	4914 	4914 	4914 	4914 	6048 	5670 	6426 	62022 	23436 	34635 	34398 	30429 	6048 	6426 	10962 	11198 	11718 	11719 	11340 	11718 	11340 	11529 	10962 	7938 	122898 	26467 	34776 	34398 	34591 	7567 	7182 	11718 	11340 	11718 	11718 	11340 	11718 	11340 	11911 	11340 	11340 	130232 	34020 	34776 	34402 	33264 	10584 	11718 	11718 	11340 	11718 	11718 	11340 	11722 	11340 	11718 	10206 	11340 	136462 	: 	: 	: 	: 	: 	: 	: 	: 	: 	: 	: 	: 	: 	: 	: 	: 	: 	: 	: 	: 	: 	: 	: 	: 	: 	: 	: 	: 	: 	: 	: 	: 	: 	: 	: 	: 	: 	: 	: 	: 	: 	: 
SEAT,ST_PAS,SK_LZIB_DK_EKCH	: 	: 	: 	: 	: 	: 	: 	: 	: 	: 	: 	: 	: 	: 	: 	: 	: 	: 	: 	: 	: 	: 	: 	: 	: 	: 	: 	: 	: 	: 	: 	: 	: 	: 	: 	: 	: 	: 	: 	: 	: 	: 	: 	: 	: 	: 	: 	: 	: 	: 	: 	: 	: 	: 	: 	: 	: 	: 	: 	: 	: 	: 	: 	: 	: 	: 	: 	: 	: 	: 	: 	: 	: 	: 	: 	: 	: 	: 	: 	: 	: 	: 	: 	: 	: 	: 	: 	: 	: 	: 	: 	: 	: 	: 	: 	: 	: 	: 	: 	: 	: 	: 	: 	: 	: 	: 	: 	: 	: 	: 	: 	: 	: 	: 	: 	: 	: 	: 	: 	: 	: 	: 	: 	: 	: 	: 	: 	: 	: 	: 	: 	: 	: 	: 	: 	: 	: 	: 	: 	: 	: 	: 	: 	: 	: 	: 	: 	: 	: 	: 	: 	: 	: 	: 	: 	: 	: 	: 	: 	: 	: 	: 	: 	: 	: 	: 	: 	: 	: 	: 	: 	: 	: 	: 	: 	: 	: 	: 	: 	7246 	7012 	7081 	8565 	2426 	2394 	2426 	2160 	2426 	2426 	2426 	2225 	2430 	3224 	2619 	2722 	29904 	: 	: 	: 	: 	: 	: 	: 	: 	: 	: 	: 	: 	: 	: 	: 	: 	: 	: 	: 	: 	: 	: 	: 	: 	: 	: 	: 	: 	: 	: 	: 	: 	: 	: 	: 	: 	: 	: 	: 	: 	: 	: 
SEAT,ST_PAS,SK_LZIB_EG_HEGN	13176 	5043 	11100 	6954 	4800 	1422 	1890 	1464 	1689 	7674 	25809 	4650 	: 	2397 	1455 	3822 	8721 	8532 	8556 	4650 	: 	: 	: 	: 	: 	38133 	3879 	25146 	14670 	1080 	: 	: 	3879 	6129 	9567 	9450 	7542 	4194 	2934 	360 	: 	720 	44775 	6525 	24453 	9738 	: 	720 	1620 	4185 	6939 	9108 	8406 	6606 	2592 	540 	: 	: 	: 	40716 	2612 	14629 	13764 	189 	: 	1080 	1532 	976 	4941 	8712 	8175 	3699 	1890 	189 	: 	: 	31194 	6041 	26596 	17959 	690 	: 	1701 	4340 	7091 	9339 	10166 	10209 	4926 	2824 	360 	: 	330 	51286 	12564 	38286 	20313 	3852 	990 	2880 	8694 	11938 	13086 	13262 	10229 	6858 	3226 	1512 	319 	2021 	75015 	15795 	44838 	27095 	5613 	2328 	3541 	9926 	14092 	15268 	15478 	13896 	9501 	3698 	1777 	1424 	2412 	93341 	15585 	39925 	27726 	7577 	2782 	3188 	9615 	13115 	13492 	13318 	13682 	9828 	4216 	3693 	1863 	2021 	90813 	17652 	54265 	36361 	12298 	2808 	4617 	10227 	16677 	18395 	19193 	18911 	11360 	6090 	5456 	3912 	2930 	120576 	18109 	44506 	28908 	5544 	3228 	4043 	10838 	13250 	15761 	15495 	14866 	8908 	5134 	2682 	1300 	1562 	97067 	10494 	26211 	21161 	5885 	1886 	2018 	6590 	7348 	9722 	9141 	9307 	7654 	4200 	2968 	1431 	1486 	63751 	: 	: 	: 	: 	: 	: 	: 	: 	: 	: 	: 	: 	: 	: 	: 	: 	: 	: 	: 	: 	: 	: 	: 	: 	: 	: 	: 	: 	: 	: 	: 	: 	: 	: 	: 	: 	: 	: 	: 	: 	: 	: 
SEAT,ST_PAS,SK_LZIB_EL_LGAV	9896 	9450 	3448 	3092 	3402 	3402 	3024 	3024 	3402 	12742 	14937 	14532 	14669 	4426 	3402 	4914 	5109 	4914 	4914 	4914 	4914 	4704 	4869 	4536 	5264 	56880 	15558 	17200 	15282 	506 	5730 	4536 	5292 	5094 	6068 	6038 	5454 	4914 	4914 	: 	: 	506 	48546 	: 	: 	: 	: 	: 	: 	: 	: 	: 	: 	: 	: 	: 	: 	: 	: 	: 	: 	: 	: 	: 	: 	: 	: 	: 	: 	: 	: 	: 	: 	: 	: 	: 	: 	: 	: 	: 	: 	: 	: 	: 	: 	: 	: 	: 	: 	: 	: 	: 	: 	: 	: 	: 	: 	: 	: 	: 	: 	: 	: 	: 	: 	: 	: 	: 	: 	: 	: 	: 	: 	: 	: 	: 	: 	: 	: 	: 	: 	: 	: 	: 	: 	: 	: 	: 	: 	: 	: 	: 	: 	: 	: 	: 	: 	: 	: 	: 	: 	: 	: 	: 	: 	: 	: 	: 	: 	: 	: 	: 	: 	: 	: 	: 	: 	: 	: 	: 	: 	: 	: 	: 	: 	: 	: 	: 	: 	: 	: 	: 	: 	: 	: 	: 	: 	: 	: 	: 	: 	: 	: 	: 	: 	: 	: 	: 	: 	: 	: 	: 	: 	: 	: 	: 	: 	: 	: 	: 	: 	: 	: 	: 	: 	: 	: 	: 	: 	: 	: 	: 	: 	: 	: 	: 	: 	: 	: 	: 	: 	: 	: 	: 	: 	: 	: 	: 	: 	: 	: 	: 	: 	: 	: 	: 	: 	: 
SEAT,ST_PAS,SK_LZIB_EL_LGIR	: 	: 	: 	: 	: 	: 	: 	: 	: 	540 	41622 	10395 	: 	: 	: 	540 	12108 	14376 	15138 	10395 	: 	: 	: 	: 	: 	52557 	180 	30959 	6894 	: 	: 	: 	180 	8877 	11232 	10850 	6714 	180 	: 	: 	: 	: 	38033 	826 	24503 	4962 	360 	448 	: 	378 	7184 	9216 	8103 	4962 	: 	: 	360 	: 	: 	30651 	112 	19619 	4246 	: 	112 	: 	: 	5264 	7587 	6768 	4246 	: 	: 	: 	: 	: 	23977 	: 	: 	: 	: 	: 	: 	: 	: 	: 	: 	: 	: 	: 	: 	: 	: 	: 	144 	19224 	4954 	: 	: 	: 	144 	5636 	6604 	6984 	4954 	: 	: 	: 	: 	: 	24322 	: 	18221 	4696 	6 	: 	: 	: 	5059 	6282 	6880 	4690 	: 	6 	6 	: 	: 	22923 	: 	: 	: 	: 	: 	: 	: 	: 	: 	: 	: 	: 	: 	: 	: 	: 	: 	868 	26012 	7866 	: 	: 	596 	272 	8191 	9082 	8739 	7546 	316 	4 	: 	: 	: 	34746 	296 	20437 	6756 	: 	: 	: 	296 	5603 	7600 	7234 	6458 	298 	: 	: 	: 	: 	27489 	846 	25507 	6905 	: 	447 	: 	399 	7047 	8636 	9824 	6421 	484 	: 	: 	: 	: 	33258 	: 	: 	: 	: 	: 	: 	: 	: 	: 	: 	: 	: 	: 	: 	: 	: 	: 	: 	: 	: 	: 	: 	: 	: 	: 	: 	: 	: 	: 	: 	: 	: 	: 	: 	: 	: 	: 	: 	: 	: 	: 	: 
SEAT,ST_PAS,SK_LZIB_EL_LGKR	: 	: 	: 	: 	: 	: 	: 	: 	: 	1515 	22104 	7371 	: 	: 	: 	1515 	6615 	7938 	7551 	5481 	1512 	378 	: 	: 	: 	30990 	: 	: 	: 	: 	: 	: 	: 	: 	: 	: 	: 	: 	: 	: 	: 	: 	: 	: 	: 	: 	: 	: 	: 	: 	: 	: 	: 	: 	: 	: 	: 	: 	: 	: 	: 	: 	: 	: 	: 	: 	: 	: 	: 	: 	: 	: 	: 	: 	: 	: 	: 	: 	: 	: 	: 	: 	: 	: 	: 	: 	: 	: 	: 	: 	: 	: 	: 	: 	: 	: 	: 	: 	: 	: 	: 	: 	: 	: 	: 	: 	: 	: 	: 	: 	: 	: 	: 	: 	: 	: 	: 	: 	: 	: 	: 	: 	: 	: 	: 	: 	: 	: 	: 	: 	: 	: 	: 	: 	: 	: 	: 	: 	: 	: 	: 	: 	: 	: 	: 	: 	: 	: 	: 	: 	: 	: 	: 	: 	: 	: 	: 	: 	: 	: 	: 	: 	: 	: 	: 	: 	: 	: 	: 	: 	: 	: 	: 	: 	: 	: 	: 	: 	: 	: 	: 	: 	: 	: 	: 	: 	: 	: 	: 	: 	: 	: 	: 	: 	: 	: 	: 	: 	: 	: 	: 	: 	: 	: 	: 	: 	: 	: 	: 	: 	: 	: 	: 	: 	: 	: 	: 	: 	: 	: 	: 	: 	: 	: 	: 	: 	: 	: 	: 	: 	: 	: 	: 	: 	: 	: 	: 	: 
SEAT,ST_PAS,SK_LZIB_EL_LGRP	: 	: 	: 	: 	: 	: 	: 	: 	: 	189 	37113 	8505 	: 	: 	: 	189 	11341 	12920 	12852 	8505 	: 	: 	: 	: 	: 	45807 	189 	32960 	8946 	: 	: 	: 	189 	8796 	12014 	12150 	8946 	: 	: 	: 	: 	: 	42095 	378 	32850 	7687 	: 	: 	: 	378 	9576 	11436 	11838 	7687 	: 	: 	: 	: 	: 	40915 	: 	22309 	6015 	: 	: 	: 	: 	6649 	7680 	7980 	6015 	: 	: 	: 	: 	: 	28324 	561 	22222 	5039 	: 	: 	: 	561 	6221 	7341 	8660 	5039 	: 	: 	: 	: 	: 	27822 	349 	27222 	8550 	: 	: 	: 	349 	7554 	9516 	10152 	8381 	169 	: 	: 	: 	: 	36121 	329 	24604 	6278 	: 	: 	: 	329 	7528 	8928 	8148 	6278 	: 	: 	: 	: 	: 	31211 	328 	26672 	7994 	: 	: 	: 	328 	7594 	9878 	9200 	7994 	: 	: 	: 	: 	: 	34994 	890 	30708 	9468 	: 	: 	: 	890 	9612 	9840 	11256 	9072 	396 	: 	: 	: 	: 	41066 	656 	38045 	11872 	: 	: 	: 	656 	10663 	13337 	14045 	11872 	: 	: 	: 	: 	: 	50573 	1954 	38514 	11363 	: 	: 	: 	1954 	11328 	12958 	14228 	11097 	266 	: 	: 	: 	: 	51831 	: 	: 	: 	: 	: 	: 	: 	: 	: 	: 	: 	: 	: 	: 	: 	: 	: 	: 	: 	: 	: 	: 	: 	: 	: 	: 	: 	: 	: 	: 	: 	: 	: 	: 	: 	: 	: 	: 	: 	: 	: 	: 
SEAT,ST_PAS,SK_LZIB_ES_GCLP	: 	: 	: 	: 	: 	: 	: 	: 	: 	: 	: 	: 	: 	: 	: 	: 	: 	: 	: 	: 	: 	: 	: 	: 	: 	: 	: 	: 	: 	: 	: 	: 	: 	: 	: 	: 	: 	: 	: 	: 	: 	: 	: 	: 	: 	: 	: 	: 	: 	: 	: 	: 	: 	: 	: 	: 	: 	: 	: 	: 	: 	: 	: 	: 	: 	: 	: 	: 	: 	: 	: 	: 	: 	: 	: 	: 	: 	: 	: 	: 	: 	: 	: 	: 	: 	: 	: 	: 	: 	: 	: 	: 	: 	: 	9828 	11697 	10017 	4536 	3402 	3024 	3402 	3774 	3960 	3963 	3213 	3402 	3402 	3024 	1512 	: 	36078 	: 	: 	: 	: 	: 	: 	: 	: 	: 	: 	: 	: 	: 	: 	: 	: 	: 	: 	: 	: 	: 	: 	: 	: 	: 	: 	: 	: 	: 	: 	: 	: 	: 	: 	: 	: 	: 	: 	: 	: 	: 	: 	: 	: 	: 	: 	: 	: 	: 	: 	: 	: 	: 	: 	: 	: 	: 	: 	: 	: 	: 	: 	: 	: 	: 	: 	: 	: 	: 	: 	: 	: 	: 	: 	: 	: 	: 	: 	: 	: 	: 	: 	: 	: 	: 	: 	: 	: 	: 	: 	: 	: 	: 	: 	: 	: 	: 	: 	: 	: 	: 	: 	: 	: 	: 	: 	: 	: 	: 	: 	: 	: 	: 	: 	: 	: 	: 	: 	: 	: 	: 	: 	: 	: 	: 	: 	: 
SEAT,ST_PAS,SK_LZIB_ES_LEAL	: 	: 	: 	: 	: 	: 	: 	: 	: 	: 	: 	: 	: 	: 	: 	: 	: 	: 	: 	: 	: 	: 	: 	: 	: 	: 	: 	: 	: 	: 	: 	: 	: 	: 	: 	: 	: 	: 	: 	: 	: 	: 	: 	: 	: 	: 	: 	: 	: 	: 	: 	: 	: 	: 	: 	: 	: 	: 	: 	: 	: 	: 	: 	: 	: 	: 	: 	: 	: 	: 	: 	: 	: 	: 	: 	: 	: 	: 	: 	: 	: 	: 	: 	: 	: 	: 	: 	: 	: 	: 	: 	: 	: 	: 	4536 	14922 	14742 	10206 	: 	: 	4536 	4914 	5094 	4914 	4914 	5292 	4536 	4158 	3024 	3024 	44406 	8694 	10215 	9450 	9639 	2268 	3402 	3024 	3402 	3411 	3402 	3024 	3402 	3024 	3402 	3024 	3213 	37998 	9464 	11734 	3024 	: 	2646 	3402 	3416 	3024 	5308 	3402 	3024 	: 	: 	: 	: 	: 	24222 	: 	: 	: 	: 	: 	: 	: 	: 	: 	: 	: 	: 	: 	: 	: 	: 	: 	: 	: 	: 	: 	: 	: 	: 	: 	: 	: 	: 	: 	: 	: 	: 	: 	: 	: 	: 	: 	: 	: 	: 	: 	: 	: 	: 	: 	: 	: 	: 	: 	: 	: 	: 	: 	: 	: 	: 	: 	: 	: 	: 	: 	: 	: 	: 	: 	: 	: 	: 	: 	: 	: 	: 	: 	: 	: 	: 	: 	: 	: 	: 	: 	: 	: 	: 	: 	: 	: 	: 	: 	: 	: 	: 	: 
SEAT,ST_PAS,SK_LZIB_ES_LEBL	: 	: 	: 	: 	: 	: 	: 	: 	: 	: 	: 	: 	: 	: 	: 	: 	: 	: 	: 	: 	: 	: 	: 	: 	: 	: 	: 	: 	: 	: 	: 	: 	: 	: 	: 	: 	: 	: 	: 	: 	: 	: 	: 	: 	: 	: 	: 	: 	: 	: 	: 	: 	: 	: 	: 	: 	: 	: 	: 	: 	: 	: 	: 	: 	: 	: 	: 	: 	: 	: 	: 	: 	: 	: 	: 	: 	: 	: 	: 	: 	: 	: 	: 	: 	: 	: 	: 	: 	: 	: 	: 	: 	: 	: 	: 	: 	: 	: 	: 	: 	: 	: 	: 	: 	: 	: 	: 	: 	: 	: 	: 	: 	: 	: 	: 	: 	: 	: 	: 	: 	: 	: 	: 	: 	: 	: 	: 	: 	: 	: 	: 	: 	: 	: 	: 	: 	: 	: 	: 	: 	: 	: 	: 	: 	: 	: 	: 	: 	: 	: 	: 	: 	: 	: 	: 	: 	: 	: 	: 	: 	: 	: 	8562 	15794 	12876 	7775 	1409 	1243 	5910 	5364 	5066 	5364 	5192 	4140 	3544 	2916 	2226 	2633 	45007 	8327 	18272 	12128 	6705 	2426 	2192 	3709 	6042 	6246 	5984 	5320 	3584 	3224 	2192 	1961 	2552 	45432 	: 	: 	: 	: 	: 	: 	: 	: 	: 	: 	: 	: 	: 	: 	: 	: 	: 	: 	: 	: 	: 	: 	: 	: 	: 	: 	: 	: 	: 	: 	: 	: 	: 	: 	: 	: 	: 	: 	: 	: 	: 	: 
SEAT,ST_PAS,SK_LZIB_ES_LEGE	9828 	9828 	5292 	3402 	3402 	3024 	3402 	3024 	3402 	9828 	13619 	9828 	9450 	3402 	3024 	3402 	3406 	6811 	3402 	3024 	3402 	3402 	2646 	3402 	3402 	42725 	9450 	13020 	9828 	9469 	2646 	3402 	3402 	3024 	6594 	3402 	3402 	3402 	3024 	3421 	3024 	3024 	41767 	9828 	13230 	9828 	10 	3402 	3024 	3402 	3024 	5292 	4914 	3402 	3024 	3402 	: 	: 	10 	32896 	3780 	9828 	9469 	1890 	: 	378 	3402 	3402 	3024 	3402 	3421 	3402 	2646 	1890 	: 	: 	24967 	4158 	11336 	9828 	756 	: 	: 	4158 	4532 	3402 	3402 	3024 	3402 	3402 	756 	: 	: 	26078 	3024 	9828 	9836 	5292 	: 	: 	3024 	3402 	3024 	3402 	3410 	3402 	3024 	5292 	: 	0 	27980 	4536 	15120 	13615 	14742 	0 	: 	4536 	4914 	5292 	4914 	4914 	4536 	4165 	5292 	4536 	4914 	48013 	13230 	10040 	9828 	378 	4914 	4536 	3780 	3236 	3402 	3402 	3024 	3402 	3402 	378 	: 	: 	33476 	5292 	21904 	20448 	20034 	: 	: 	5292 	6970 	7594 	7340 	7596 	6426 	6426 	6804 	6426 	6804 	67678 	: 	: 	: 	: 	: 	: 	: 	: 	: 	: 	: 	: 	: 	: 	: 	: 	: 	: 	: 	: 	: 	: 	: 	: 	: 	: 	: 	: 	: 	: 	: 	: 	: 	: 	: 	: 	: 	: 	: 	: 	: 	: 	: 	: 	: 	: 	: 	: 	: 	: 	: 	: 	: 	: 	: 	: 	: 	: 	: 	: 	: 	: 	: 	: 	: 	: 	: 	: 	: 	: 	: 	: 	: 	: 	: 	: 
SEAT,ST_PAS,SK_LZIB_ES_LEMD	10305 	10940 	3591 	3402 	3404 	3499 	3402 	3758 	3780 	12096 	15122 	14742 	15120 	4158 	3024 	4914 	4914 	5292 	4916 	4914 	4914 	4914 	4914 	4914 	5292 	57080 	15129 	15120 	14748 	378 	5292 	4923 	4914 	4914 	4914 	5292 	4920 	4914 	4914 	378 	: 	: 	45375 	: 	: 	: 	: 	: 	: 	: 	: 	: 	: 	: 	: 	: 	: 	: 	: 	: 	: 	: 	: 	: 	: 	: 	: 	: 	: 	: 	: 	: 	: 	: 	: 	: 	: 	: 	: 	: 	: 	: 	: 	: 	: 	: 	: 	: 	: 	: 	: 	: 	: 	: 	: 	: 	: 	: 	: 	: 	: 	: 	: 	: 	: 	: 	: 	: 	: 	: 	: 	: 	: 	: 	: 	: 	: 	: 	: 	: 	: 	: 	: 	: 	: 	: 	: 	: 	: 	: 	: 	: 	: 	: 	: 	: 	: 	: 	: 	: 	: 	: 	: 	: 	: 	: 	: 	: 	: 	: 	: 	: 	: 	: 	: 	: 	: 	: 	: 	: 	: 	: 	: 	: 	: 	: 	: 	: 	: 	: 	: 	: 	: 	: 	: 	: 	: 	: 	: 	: 	: 	: 	: 	: 	: 	: 	: 	: 	: 	: 	: 	: 	: 	: 	: 	: 	: 	: 	: 	: 	: 	: 	: 	: 	: 	: 	: 	: 	: 	: 	: 	: 	: 	: 	: 	: 	: 	: 	: 	: 	: 	: 	: 	: 	: 	: 	: 	: 	: 	: 	: 	: 	: 	: 	: 	: 	: 	: 
SEAT,ST_PAS,SK_LZIB_ES_LEMG	: 	: 	: 	: 	: 	: 	: 	: 	: 	3026 	14701 	10601 	1514 	: 	2 	3024 	4541 	5055 	5105 	3780 	3411 	3410 	1512 	2 	: 	29842 	3808 	14461 	10577 	384 	8 	394 	3406 	4067 	4898 	5496 	4140 	3413 	3024 	380 	4 	: 	29230 	3782 	14350 	10567 	5 	: 	380 	3402 	4104 	5224 	5022 	4138 	3027 	3402 	4 	1 	: 	28704 	3780 	14255 	10567 	764 	: 	378 	3402 	4528 	4489 	5238 	4499 	3402 	2666 	764 	: 	: 	29366 	3794 	23053 	17608 	1142 	: 	: 	3794 	7933 	7938 	7182 	7759 	4935 	4914 	1142 	: 	: 	45597 	3024 	12223 	10368 	9836 	: 	: 	3024 	3223 	4482 	4518 	3942 	3402 	3024 	3410 	3024 	3402 	35451 	: 	: 	: 	: 	: 	: 	: 	: 	: 	: 	: 	: 	: 	: 	: 	: 	: 	: 	: 	: 	: 	: 	: 	: 	: 	: 	: 	: 	: 	: 	: 	: 	: 	: 	: 	: 	: 	: 	: 	: 	: 	: 	: 	: 	: 	: 	: 	: 	: 	: 	: 	: 	: 	: 	: 	: 	: 	: 	: 	: 	: 	: 	: 	: 	: 	: 	: 	: 	: 	: 	: 	: 	: 	: 	: 	: 	: 	: 	: 	: 	: 	: 	: 	: 	: 	: 	: 	: 	: 	: 	: 	: 	: 	: 	: 	: 	: 	: 	: 	: 	: 	: 	: 	: 	: 	: 	: 	: 	: 	: 	: 	: 	: 	: 	: 	: 	: 	: 	: 	: 	: 	: 	: 	: 	: 	: 	: 
SEAT,ST_PAS,SK_LZIB_ES_LEPA	: 	: 	: 	: 	: 	: 	: 	: 	: 	3402 	23500 	13761 	: 	: 	: 	3402 	6561 	8319 	8620 	6957 	3402 	3402 	: 	: 	: 	40663 	3780 	19246 	11502 	378 	: 	378 	3402 	5670 	6787 	6789 	5076 	3402 	3024 	378 	: 	: 	34906 	2272 	19242 	9405 	: 	: 	382 	1890 	5796 	6354 	7092 	4491 	3402 	1512 	: 	: 	: 	30919 	4158 	27171 	12931 	764 	: 	756 	3402 	8271 	9270 	9630 	6505 	3024 	3402 	756 	8 	: 	45024 	3024 	26026 	13228 	756 	: 	: 	3024 	7166 	10560 	8300 	7168 	3036 	3024 	756 	: 	: 	43034 	6426 	35909 	23601 	756 	: 	: 	6426 	10074 	12794 	13041 	10338 	6445 	6818 	756 	: 	: 	66692 	6818 	29572 	14835 	: 	: 	: 	6818 	8625 	9745 	11202 	9165 	5670 	: 	: 	: 	: 	51225 	: 	: 	: 	: 	: 	: 	: 	: 	: 	: 	: 	: 	: 	: 	: 	: 	: 	: 	: 	: 	: 	: 	: 	: 	: 	: 	: 	: 	: 	: 	: 	: 	: 	: 	: 	: 	: 	: 	: 	: 	: 	: 	: 	: 	: 	: 	: 	: 	: 	: 	: 	: 	: 	: 	: 	: 	: 	: 	: 	: 	: 	: 	: 	: 	: 	: 	: 	: 	: 	: 	: 	: 	: 	: 	: 	: 	: 	: 	: 	: 	: 	: 	: 	: 	: 	: 	: 	: 	: 	: 	: 	: 	: 	: 	: 	: 	: 	: 	: 	: 	: 	: 	: 	: 	: 	: 	: 	: 	: 	: 
SEAT,ST_PAS,SK_LZIB_FR_LFMN	: 	: 	: 	: 	: 	: 	: 	: 	: 	: 	: 	: 	: 	: 	: 	: 	: 	: 	: 	: 	: 	: 	: 	: 	: 	: 	: 	: 	: 	: 	: 	: 	: 	: 	: 	: 	: 	: 	: 	: 	: 	: 	: 	: 	: 	: 	: 	: 	: 	: 	: 	: 	: 	: 	: 	: 	: 	: 	: 	: 	: 	: 	: 	: 	: 	: 	: 	: 	: 	: 	: 	: 	: 	: 	: 	: 	: 	: 	: 	: 	: 	: 	: 	: 	: 	: 	: 	: 	: 	: 	: 	: 	: 	: 	: 	: 	: 	: 	: 	: 	: 	: 	: 	: 	: 	: 	: 	: 	: 	: 	: 	: 	: 	: 	: 	: 	: 	: 	: 	: 	: 	: 	: 	: 	: 	: 	: 	: 	: 	: 	: 	: 	: 	: 	: 	: 	: 	: 	: 	: 	: 	: 	: 	: 	: 	: 	: 	: 	: 	: 	: 	: 	: 	: 	: 	: 	: 	: 	: 	: 	: 	: 	: 	: 	: 	: 	: 	: 	: 	: 	: 	: 	: 	: 	: 	: 	: 	: 	: 	4330 	13881 	14208 	10283 	: 	: 	4330 	4441 	4620 	4820 	4526 	5090 	4592 	3911 	2760 	3612 	42702 	: 	: 	: 	: 	: 	: 	: 	: 	: 	: 	: 	: 	: 	: 	: 	: 	: 	: 	: 	: 	: 	: 	: 	: 	: 	: 	: 	: 	: 	: 	: 	: 	: 	: 	: 	: 	: 	: 	: 	: 	: 	: 
SEAT,ST_PAS,SK_LZIB_FR_LFOB	: 	: 	: 	: 	: 	: 	: 	: 	: 	6048 	13986 	12192 	: 	: 	1134 	4914 	4536 	4914 	4536 	3402 	4158 	4632 	: 	: 	: 	32226 	5670 	14742 	14364 	378 	: 	378 	5292 	4914 	4914 	4914 	4914 	4914 	4536 	378 	: 	: 	35154 	2646 	14742 	13608 	1 	: 	: 	2646 	4536 	5292 	4914 	3780 	4914 	4914 	1 	: 	: 	30997 	4158 	14742 	14364 	378 	: 	: 	4158 	4914 	4914 	4914 	4536 	5292 	4536 	378 	: 	: 	33642 	5670 	19278 	19656 	13986 	: 	: 	5670 	5670 	6804 	6804 	6426 	6426 	6804 	4158 	4914 	4914 	58590 	15876 	20034 	19656 	14742 	4914 	4536 	6426 	6426 	6804 	6804 	6426 	6804 	6426 	5292 	4536 	4914 	70308 	16443 	18900 	18144 	19656 	5103 	4914 	6426 	6048 	6804 	6048 	6426 	6804 	4914 	6804 	6048 	6804 	73143 	: 	: 	: 	: 	: 	: 	: 	: 	: 	: 	: 	: 	: 	: 	: 	: 	: 	: 	: 	: 	: 	: 	: 	: 	: 	: 	: 	: 	: 	: 	: 	: 	: 	: 	: 	: 	: 	: 	: 	: 	: 	: 	: 	: 	: 	: 	: 	: 	: 	: 	: 	: 	: 	: 	: 	: 	: 	: 	: 	: 	: 	: 	: 	: 	: 	: 	: 	: 	: 	: 	: 	: 	: 	: 	: 	: 	: 	: 	: 	: 	: 	: 	: 	: 	: 	: 	: 	: 	: 	: 	: 	: 	: 	: 	: 	: 	: 	: 	: 	: 	: 	: 	: 	: 	: 	: 	: 	: 	: 	: 
SEAT,ST_PAS,SK_LZIB_FR_LFPO	: 	: 	: 	: 	: 	: 	: 	: 	: 	: 	: 	: 	: 	: 	: 	: 	: 	: 	: 	: 	: 	: 	: 	: 	: 	: 	: 	: 	: 	: 	: 	: 	: 	: 	: 	: 	: 	: 	: 	: 	: 	: 	: 	: 	: 	: 	: 	: 	: 	: 	: 	: 	: 	: 	: 	: 	: 	: 	: 	: 	: 	: 	: 	: 	: 	: 	: 	: 	: 	: 	: 	: 	: 	: 	: 	: 	: 	: 	: 	: 	: 	: 	: 	: 	: 	: 	: 	: 	: 	: 	: 	: 	: 	: 	: 	: 	: 	: 	: 	: 	: 	: 	: 	: 	: 	: 	: 	: 	: 	: 	: 	: 	: 	: 	: 	: 	: 	: 	: 	: 	: 	: 	: 	: 	: 	: 	: 	: 	: 	17130 	37142 	35744 	: 	: 	: 	: 	9802 	7328 	8898 	13662 	14582 	11578 	10870 	13296 	90016 	47680 	26224 	44402 	43955 	15794 	16390 	15496 	10430 	7748 	8046 	10728 	16986 	16688 	16092 	13261 	14602 	162261 	41422 	24734 	37715 	31956 	13708 	14304 	13410 	8642 	8046 	8046 	10439 	14176 	13100 	12940 	10120 	8896 	135827 	37338 	28297 	39166 	36264 	11236 	11854 	14248 	11412 	8468 	8417 	11198 	14870 	13098 	14132 	11209 	10923 	141065 	: 	: 	: 	: 	: 	: 	: 	: 	: 	: 	: 	: 	: 	: 	: 	: 	: 	: 	: 	: 	: 	: 	: 	: 	: 	: 	: 	: 	: 	: 	: 	: 	: 	: 	: 	: 	: 	: 	: 	: 	: 	: 
SEAT,ST_PAS,SK_LZIB_FR_LFSB	: 	: 	: 	: 	: 	: 	: 	: 	: 	: 	: 	: 	: 	: 	: 	: 	: 	: 	: 	: 	: 	: 	: 	: 	: 	: 	: 	: 	: 	: 	: 	: 	: 	: 	: 	: 	: 	: 	: 	: 	: 	: 	: 	: 	: 	: 	: 	: 	: 	: 	: 	: 	: 	: 	: 	: 	: 	: 	: 	: 	: 	: 	: 	: 	: 	: 	: 	: 	: 	: 	: 	: 	: 	: 	: 	: 	: 	: 	: 	: 	: 	: 	: 	: 	: 	: 	: 	: 	: 	: 	: 	: 	: 	: 	: 	: 	: 	: 	: 	: 	: 	: 	: 	: 	: 	: 	: 	: 	: 	: 	: 	: 	: 	: 	: 	: 	: 	: 	: 	: 	: 	: 	: 	: 	: 	: 	: 	: 	: 	: 	: 	: 	: 	: 	: 	: 	: 	: 	: 	: 	: 	: 	: 	: 	: 	: 	: 	: 	: 	: 	: 	: 	: 	: 	: 	: 	: 	: 	: 	: 	: 	: 	4470 	15794 	15245 	13674 	: 	: 	4470 	5066 	5364 	5364 	5066 	5039 	5140 	4746 	4512 	4416 	49183 	13886 	13896 	14130 	11926 	4352 	4682 	4852 	4522 	4554 	4820 	4564 	4948 	4618 	4810 	3064 	4052 	53838 	: 	: 	: 	: 	: 	: 	: 	: 	: 	: 	: 	: 	: 	: 	: 	: 	: 	: 	: 	: 	: 	: 	: 	: 	: 	: 	: 	: 	: 	: 	: 	: 	: 	: 	: 	: 	: 	: 	: 	: 	: 	: 
SEAT,ST_PAS,SK_LZIB_IE_EICK	: 	: 	: 	: 	: 	: 	: 	: 	: 	: 	: 	: 	: 	: 	: 	: 	: 	: 	: 	: 	: 	: 	: 	: 	: 	: 	: 	: 	: 	: 	: 	: 	: 	: 	: 	: 	: 	: 	: 	: 	: 	: 	: 	: 	: 	: 	: 	: 	: 	: 	: 	: 	: 	: 	: 	: 	: 	: 	: 	: 	: 	: 	: 	: 	: 	: 	: 	: 	: 	: 	: 	: 	: 	: 	: 	: 	: 	: 	: 	: 	: 	: 	: 	: 	: 	: 	: 	: 	: 	: 	: 	: 	: 	: 	: 	: 	: 	: 	: 	: 	: 	: 	: 	: 	: 	: 	: 	: 	: 	: 	: 	: 	: 	: 	: 	: 	: 	: 	: 	: 	: 	: 	: 	: 	: 	: 	: 	: 	: 	: 	: 	: 	: 	: 	: 	: 	: 	: 	: 	: 	: 	: 	: 	: 	: 	2086 	11920 	11622 	11629 	: 	: 	2086 	3874 	3874 	4172 	3576 	4172 	3874 	3874 	3576 	4179 	37257 	: 	: 	: 	: 	: 	: 	: 	: 	: 	: 	: 	: 	: 	: 	: 	: 	: 	: 	: 	: 	: 	: 	: 	: 	: 	: 	: 	: 	: 	: 	: 	: 	: 	: 	: 	: 	: 	: 	: 	: 	: 	: 	: 	: 	: 	: 	: 	: 	: 	: 	: 	: 	: 	: 	: 	: 	: 	: 	: 	: 	: 	: 	: 	: 	: 	: 	: 	: 	: 	: 	: 	: 	: 	: 	: 	: 
SEAT,ST_PAS,SK_LZIB_IE_EIDW	34434 	44397 	11718 	11340 	11718 	11376 	21717 	10584 	12096 	37422 	34598 	33642 	34779 	12096 	13608 	11718 	11661 	11629 	11308 	10962 	11340 	11340 	12099 	10962 	11718 	140441 	34020 	35180 	34405 	34209 	10962 	11340 	11718 	11343 	11718 	12119 	11340 	11718 	11347 	11718 	10773 	11718 	137814 	33646 	28848 	26082 	25326 	11907 	11529 	10210 	9828 	9292 	9728 	9828 	8316 	7938 	8694 	7371 	9261 	113902 	28008 	29880 	29309 	23436 	9486 	8316 	10206 	9828 	9846 	10206 	9450 	9828 	10031 	8694 	6804 	7938 	110633 	22698 	26460 	28008 	21942 	8694 	6822 	7182 	7560 	9828 	9072 	7974 	10206 	9828 	7560 	6444 	7938 	99108 	21168 	25609 	24570 	24967 	7938 	6426 	6804 	8815 	8478 	8316 	8316 	8316 	7938 	8316 	7573 	9078 	96314 	26306 	27594 	23247 	19467 	8322 	8316 	9668 	8316 	10206 	9072 	9072 	7749 	6426 	6804 	6048 	6615 	96614 	21736 	21546 	19656 	14742 	6805 	6804 	8127 	7938 	6804 	6804 	6426 	6804 	6426 	5292 	4536 	4914 	77680 	31928 	59510 	49998 	49907 	6966 	9828 	15134 	17598 	20956 	20956 	16704 	16784 	16510 	17083 	16032 	16792 	191343 	45757 	32918 	31750 	30336 	16711 	16406 	12640 	12362 	10278 	10278 	9980 	12168 	9602 	10914 	9240 	10182 	140761 	30645 	26424 	24946 	10377 	11220 	10367 	9058 	8484 	9474 	8466 	8388 	8500 	8058 	3650 	2839 	3888 	92392 	: 	: 	: 	: 	: 	: 	: 	: 	: 	: 	: 	: 	: 	: 	: 	: 	: 	: 	: 	: 	: 	: 	: 	: 	: 	: 	: 	: 	: 	: 	: 	: 	: 	: 	: 	: 	: 	: 	: 	: 	: 	: 
SEAT,ST_PAS,SK_LZIB_IN_VIAR	: 	: 	: 	: 	: 	: 	: 	: 	: 	: 	: 	: 	: 	: 	: 	: 	: 	: 	: 	: 	: 	: 	: 	: 	: 	: 	: 	: 	: 	: 	: 	: 	: 	: 	: 	: 	: 	: 	: 	: 	: 	: 	: 	: 	: 	: 	: 	: 	: 	: 	: 	: 	: 	: 	: 	: 	: 	: 	: 	: 	: 	: 	: 	: 	: 	: 	: 	: 	: 	: 	: 	: 	: 	: 	: 	: 	: 	: 	: 	: 	: 	: 	: 	: 	: 	: 	: 	: 	: 	: 	: 	: 	: 	: 	: 	: 	: 	: 	: 	: 	: 	: 	: 	: 	: 	: 	: 	: 	: 	: 	: 	: 	: 	: 	: 	: 	: 	: 	: 	: 	: 	: 	: 	: 	: 	: 	: 	: 	: 	: 	: 	: 	: 	: 	: 	: 	: 	: 	: 	: 	: 	: 	: 	: 	: 	5610 	: 	5346 	15959 	2468 	2152 	990 	: 	: 	: 	396 	792 	4158 	5444 	5148 	5367 	26915 	: 	: 	: 	: 	: 	: 	: 	: 	: 	: 	: 	: 	: 	: 	: 	: 	: 	: 	: 	: 	: 	: 	: 	: 	: 	: 	: 	: 	: 	: 	: 	: 	: 	: 	: 	: 	: 	: 	: 	: 	: 	: 	: 	: 	: 	: 	: 	: 	: 	: 	: 	: 	: 	: 	: 	: 	: 	: 	: 	: 	: 	: 	: 	: 	: 	: 	: 	: 	: 	: 	: 	: 	: 	: 	: 	: 
SEAT,ST_PAS,SK_LZIB_IT_LICT	: 	: 	: 	: 	: 	: 	: 	: 	: 	3024 	9828 	9828 	: 	: 	: 	3024 	3402 	3024 	3402 	3402 	3402 	3024 	: 	: 	: 	22680 	: 	: 	: 	: 	: 	: 	: 	: 	: 	: 	: 	: 	: 	: 	: 	: 	: 	3780 	9639 	9828 	: 	: 	378 	3402 	3024 	3213 	3402 	3402 	3024 	3402 	: 	: 	: 	23247 	: 	: 	: 	: 	: 	: 	: 	: 	: 	: 	: 	: 	: 	: 	: 	: 	: 	: 	: 	: 	: 	: 	: 	: 	: 	: 	: 	: 	: 	: 	: 	: 	: 	: 	: 	: 	: 	: 	: 	: 	: 	: 	: 	: 	: 	: 	: 	: 	: 	: 	: 	: 	: 	: 	: 	: 	: 	: 	: 	: 	: 	: 	: 	: 	: 	: 	: 	: 	: 	: 	: 	: 	: 	: 	: 	: 	: 	: 	: 	: 	: 	: 	: 	: 	: 	: 	: 	: 	: 	: 	: 	: 	: 	: 	: 	: 	: 	: 	: 	: 	: 	: 	: 	: 	: 	: 	: 	: 	: 	: 	: 	: 	: 	: 	: 	: 	: 	: 	: 	: 	: 	: 	: 	: 	: 	: 	: 	: 	: 	: 	: 	: 	: 	: 	: 	: 	: 	: 	: 	: 	: 	: 	: 	: 	: 	: 	: 	: 	: 	: 	: 	: 	: 	: 	: 	: 	: 	: 	: 	: 	: 	: 	: 	: 	: 	: 	: 	: 	: 	: 	: 	: 	: 	: 	: 	: 	: 	: 
SEAT,ST_PAS,SK_LZIB_IT_LIEA	: 	: 	: 	: 	: 	: 	: 	: 	: 	3402 	9828 	9523 	9924 	: 	: 	3402 	3024 	3402 	3402 	3024 	3402 	3097 	3120 	3024 	3780 	32677 	9450 	9114 	8736 	9786 	4158 	2646 	2646 	3402 	3024 	2688 	3024 	3024 	2688 	3360 	3024 	3402 	37086 	10962 	11718 	9639 	9828 	3402 	3402 	4158 	5292 	3024 	3402 	3402 	3213 	3024 	3402 	3024 	3402 	42147 	9828 	10206 	9828 	756 	3402 	3024 	3402 	3402 	3402 	3402 	3024 	3402 	3402 	756 	: 	: 	30618 	: 	: 	: 	: 	: 	: 	: 	: 	: 	: 	: 	: 	: 	: 	: 	: 	: 	: 	: 	: 	: 	: 	: 	: 	: 	: 	: 	: 	: 	: 	: 	: 	: 	: 	: 	: 	: 	: 	: 	: 	: 	: 	: 	: 	: 	: 	: 	: 	: 	: 	: 	: 	: 	: 	: 	: 	: 	: 	: 	: 	: 	: 	: 	: 	: 	: 	: 	: 	: 	: 	: 	: 	: 	: 	: 	: 	: 	: 	: 	: 	: 	: 	: 	: 	: 	: 	: 	: 	: 	: 	: 	: 	: 	: 	: 	: 	: 	: 	: 	: 	: 	: 	: 	: 	: 	: 	: 	: 	: 	: 	: 	: 	: 	: 	: 	: 	: 	: 	: 	: 	: 	: 	: 	: 	: 	: 	: 	: 	: 	: 	: 	: 	: 	: 	: 	: 	: 	: 	: 	: 	: 	: 	: 	: 	: 	: 	: 	: 	: 	: 	: 	: 	: 	: 	: 	: 	: 	: 	: 	: 	: 
SEAT,ST_PAS,SK_LZIB_IT_LIME	19656 	19656 	6804 	6426 	6804 	6426 	6426 	6048 	7182 	20044 	20034 	18787 	19832 	6804 	6426 	6814 	6426 	6804 	6804 	6048 	6804 	5935 	5846 	6426 	7560 	78697 	20790 	20034 	19656 	19278 	7560 	6804 	6426 	6426 	6804 	6804 	6426 	6804 	6426 	6804 	6048 	6426 	79758 	20034 	20034 	15120 	24192 	6804 	6426 	6804 	6804 	6426 	6804 	6048 	2646 	6426 	8316 	7560 	8316 	79380 	24782 	24948 	24778 	24570 	8150 	8316 	8316 	7938 	8694 	8316 	8127 	8335 	8316 	8316 	7182 	9072 	99078 	26456 	27618 	21924 	25124 	8316 	7938 	10202 	9450 	9468 	8700 	7938 	7938 	6048 	8316 	7736 	9072 	101122 	24948 	24955 	24570 	34020 	9072 	7938 	7938 	8323 	8316 	8316 	7938 	8316 	8316 	10962 	10584 	12474 	108493 	32130 	25952 	22374 	36786 	12096 	11340 	8694 	8010 	8604 	9338 	7632 	7938 	6804 	11098 	12638 	13050 	117242 	37720 	38518 	36770 	55730 	12130 	12648 	12942 	12586 	12854 	13078 	12180 	12558 	12032 	19170 	17838 	18722 	168738 	50920 	34776 	36930 	38847 	18466 	18792 	13662 	11340 	11718 	11718 	11687 	12510 	12733 	13846 	13646 	11355 	161473 	34716 	40315 	41065 	67447 	11354 	10329 	13033 	12868 	13819 	13628 	12677 	13698 	14690 	21702 	21820 	23925 	183543 	67892 	66888 	65240 	71578 	23776 	21061 	23055 	22643 	22346 	21899 	20609 	22113 	22518 	25520 	22566 	23492 	271598 	: 	: 	: 	: 	: 	: 	: 	: 	: 	: 	: 	: 	: 	: 	: 	: 	: 	: 	: 	: 	: 	: 	: 	: 	: 	: 	: 	: 	: 	: 	: 	: 	: 	: 	: 	: 	: 	: 	: 	: 	: 	: 
SEAT,ST_PAS,SK_LZIB_IT_LIPE	: 	: 	: 	: 	: 	: 	: 	: 	: 	: 	: 	: 	: 	: 	: 	: 	: 	: 	: 	: 	: 	: 	: 	: 	: 	: 	: 	: 	: 	: 	: 	: 	: 	: 	: 	: 	: 	: 	: 	: 	: 	: 	: 	: 	: 	: 	: 	: 	: 	: 	: 	: 	: 	: 	: 	: 	: 	: 	: 	: 	: 	: 	: 	: 	: 	: 	: 	: 	: 	: 	: 	: 	: 	: 	: 	: 	: 	: 	: 	: 	: 	: 	: 	: 	: 	: 	: 	: 	: 	: 	: 	: 	: 	: 	: 	: 	: 	: 	: 	: 	: 	: 	: 	: 	: 	: 	: 	: 	: 	: 	: 	4934 	15768 	15714 	19522 	20 	: 	4914 	4989 	5124 	5655 	5490 	5562 	4662 	6494 	6396 	6632 	55938 	: 	: 	: 	: 	: 	: 	: 	: 	: 	: 	: 	: 	: 	: 	: 	: 	: 	: 	: 	: 	: 	: 	: 	: 	: 	: 	: 	: 	: 	: 	: 	: 	: 	: 	: 	: 	: 	: 	: 	: 	: 	: 	: 	: 	: 	: 	: 	: 	: 	: 	: 	: 	: 	: 	: 	: 	: 	: 	: 	: 	: 	: 	: 	: 	: 	: 	: 	: 	: 	: 	: 	: 	: 	: 	: 	: 	: 	: 	: 	: 	: 	: 	: 	: 	: 	: 	: 	: 	: 	: 	: 	: 	: 	: 	: 	: 	: 	: 	: 	: 	: 	: 	: 	: 	: 	: 	: 	: 	: 	: 
SEAT,ST_PAS,SK_LZIB_IT_LIRA	14766 	14746 	4914 	4928 	5302 	4536 	5292 	4536 	4918 	11718 	15121 	14365 	15120 	4536 	4914 	2268 	4914 	5292 	4915 	4536 	4914 	4915 	5292 	4536 	5292 	56324 	16257 	20232 	19668 	14742 	5294 	4159 	6804 	7185 	6615 	6432 	6430 	6804 	6434 	5292 	4158 	5292 	70899 	15524 	19657 	20056 	10234 	4536 	4925 	6063 	6427 	6804 	6426 	7182 	6441 	6433 	4165 	3032 	3037 	65471 	11770 	14754 	14760 	9456 	3402 	3408 	4960 	4926 	4914 	4914 	4932 	5292 	4536 	3402 	3030 	3024 	50740 	10278 	13986 	14758 	14398 	2646 	2654 	4978 	3780 	5292 	4914 	4914 	4914 	4930 	5320 	4158 	4920 	53420 	14788 	15223 	14760 	13278 	5301 	4923 	4564 	4942 	4979 	5302 	4918 	4928 	4914 	5324 	4552 	3402 	58049 	14502 	14746 	13608 	14749 	4551 	4946 	5005 	4914 	4914 	4918 	4914 	4914 	3780 	5292 	4543 	4914 	57605 	: 	: 	: 	: 	: 	: 	: 	: 	: 	: 	: 	: 	: 	: 	: 	: 	: 	: 	: 	: 	: 	: 	: 	: 	: 	: 	: 	: 	: 	: 	: 	: 	: 	: 	: 	: 	: 	: 	: 	: 	: 	: 	: 	: 	: 	: 	: 	: 	: 	: 	: 	: 	: 	: 	: 	: 	: 	: 	: 	: 	: 	: 	: 	: 	: 	: 	: 	: 	: 	: 	: 	: 	: 	: 	: 	: 	: 	: 	: 	: 	: 	: 	: 	: 	: 	: 	: 	: 	: 	: 	: 	: 	: 	: 	: 	: 	: 	: 	: 	: 	: 	: 	: 	: 	: 	: 	: 	: 	: 	: 
SEAT,ST_PAS,SK_LZIB_IT_LIRF	: 	: 	: 	: 	: 	: 	: 	: 	: 	: 	: 	: 	: 	: 	: 	: 	: 	: 	: 	: 	: 	: 	: 	: 	: 	: 	: 	: 	: 	: 	: 	: 	: 	: 	: 	: 	: 	: 	: 	: 	: 	: 	: 	: 	: 	: 	: 	: 	: 	: 	: 	: 	: 	: 	: 	: 	: 	: 	: 	: 	: 	: 	: 	: 	: 	: 	: 	: 	: 	: 	: 	: 	: 	: 	: 	: 	: 	: 	: 	: 	: 	: 	: 	: 	: 	: 	: 	: 	: 	: 	: 	: 	: 	: 	: 	: 	: 	: 	: 	: 	: 	: 	: 	: 	: 	: 	: 	: 	: 	: 	: 	: 	: 	: 	: 	: 	: 	: 	: 	: 	: 	: 	: 	: 	: 	: 	: 	: 	18180 	12106 	21716 	21537 	5760 	6480 	5940 	2520 	4610 	4976 	5416 	8092 	8208 	7808 	6721 	7008 	73539 	27124 	16688 	24734 	26522 	8940 	8946 	9238 	6258 	5364 	5066 	6556 	9238 	8940 	9238 	8642 	8642 	95068 	25030 	16849 	21795 	17878 	8940 	8046 	8044 	6121 	5364 	5364 	6556 	7683 	7556 	7726 	4608 	5544 	81552 	20714 	19023 	20933 	14898 	6970 	6544 	7200 	6638 	5934 	6451 	6512 	7201 	7220 	6246 	4381 	4271 	75568 	: 	: 	: 	: 	: 	: 	: 	: 	: 	: 	: 	: 	: 	: 	: 	: 	: 	: 	: 	: 	: 	: 	: 	: 	: 	: 	: 	: 	: 	: 	: 	: 	: 	: 	: 	: 	: 	: 	: 	: 	: 	: 
SEAT,ST_PAS,SK_LZIB_IT_LIRP	: 	: 	: 	: 	: 	: 	: 	: 	: 	: 	: 	: 	: 	: 	: 	: 	: 	: 	: 	: 	: 	: 	: 	: 	: 	: 	: 	: 	: 	: 	: 	: 	: 	: 	: 	: 	: 	: 	: 	: 	: 	: 	: 	: 	: 	: 	: 	: 	: 	: 	: 	: 	: 	: 	: 	: 	: 	: 	: 	: 	: 	: 	: 	: 	: 	: 	: 	: 	: 	: 	: 	: 	: 	: 	: 	: 	: 	: 	: 	: 	: 	: 	: 	: 	: 	: 	: 	: 	: 	: 	: 	: 	: 	: 	: 	: 	: 	: 	: 	: 	: 	: 	: 	: 	: 	: 	: 	: 	: 	: 	: 	3031 	10206 	9072 	9458 	7 	: 	3024 	3402 	3402 	3402 	3024 	3024 	3024 	3024 	3024 	3410 	31767 	: 	: 	: 	: 	: 	: 	: 	: 	: 	: 	: 	: 	: 	: 	: 	: 	: 	: 	: 	: 	: 	: 	: 	: 	: 	: 	: 	: 	: 	: 	: 	: 	: 	: 	: 	: 	: 	: 	: 	: 	: 	: 	: 	: 	: 	: 	: 	: 	: 	: 	: 	: 	: 	: 	: 	: 	: 	: 	: 	: 	: 	: 	: 	: 	: 	: 	: 	: 	: 	: 	: 	: 	: 	: 	: 	: 	: 	: 	: 	: 	: 	: 	: 	: 	: 	: 	: 	: 	: 	: 	: 	: 	: 	: 	: 	: 	: 	: 	: 	: 	: 	: 	: 	: 	: 	: 	: 	: 	: 	: 
SEAT,ST_PAS,SK_LZIB_MK_LWSK	11424 	10800 	5040 	3336 	4296 	3792 	4704 	2856 	3240 	9192 	12840 	10416 	360 	2880 	2928 	3384 	4272 	4320 	4248 	3936 	3240 	3240 	360 	0 	0 	32808 	: 	: 	: 	: 	: 	: 	: 	: 	: 	: 	: 	: 	: 	: 	: 	: 	: 	: 	: 	: 	: 	: 	: 	: 	: 	: 	: 	: 	: 	: 	: 	: 	: 	: 	: 	: 	: 	: 	: 	: 	: 	: 	: 	: 	: 	: 	: 	: 	: 	: 	: 	: 	: 	: 	: 	: 	: 	: 	: 	: 	: 	: 	: 	: 	: 	: 	: 	: 	: 	: 	: 	: 	: 	: 	: 	: 	: 	: 	: 	: 	: 	: 	: 	: 	: 	: 	: 	: 	: 	: 	: 	: 	: 	: 	: 	: 	: 	: 	: 	: 	: 	: 	: 	: 	: 	: 	: 	: 	: 	: 	: 	: 	: 	: 	: 	: 	: 	: 	: 	: 	: 	: 	: 	: 	: 	: 	: 	: 	: 	: 	: 	: 	: 	: 	: 	: 	: 	: 	: 	: 	: 	: 	: 	: 	: 	: 	: 	: 	: 	: 	: 	: 	: 	: 	: 	: 	: 	: 	: 	: 	: 	: 	: 	: 	: 	: 	: 	: 	: 	: 	: 	: 	: 	: 	: 	: 	: 	: 	: 	: 	: 	: 	: 	: 	: 	: 	: 	: 	: 	: 	: 	: 	: 	: 	: 	: 	: 	: 	: 	: 	: 	: 	: 	: 	: 	: 	: 	: 	: 	: 	: 	: 
SEAT,ST_PAS,SK_LZIB_NL_EHAM	: 	: 	: 	: 	: 	: 	: 	: 	: 	: 	: 	: 	: 	: 	: 	: 	: 	: 	: 	: 	: 	: 	: 	: 	: 	: 	: 	: 	: 	: 	: 	: 	: 	: 	: 	: 	: 	: 	: 	: 	: 	: 	: 	: 	: 	: 	: 	: 	: 	: 	: 	: 	: 	: 	: 	: 	: 	: 	: 	: 	: 	: 	: 	: 	: 	: 	: 	: 	: 	: 	: 	: 	: 	: 	: 	: 	: 	: 	: 	: 	: 	: 	: 	: 	: 	: 	: 	: 	: 	: 	: 	: 	: 	: 	: 	: 	: 	: 	: 	: 	: 	: 	: 	: 	: 	: 	: 	: 	: 	: 	: 	: 	: 	: 	: 	: 	: 	: 	: 	: 	: 	: 	: 	: 	: 	: 	: 	: 	: 	: 	: 	: 	: 	: 	: 	: 	: 	: 	: 	: 	: 	: 	: 	: 	: 	: 	: 	: 	: 	: 	: 	: 	: 	: 	: 	: 	: 	: 	: 	: 	: 	: 	8046 	16986 	24527 	21367 	: 	: 	8046 	6258 	5364 	5364 	6561 	9256 	8710 	7864 	6608 	6895 	70926 	20632 	22112 	25074 	19812 	6448 	5916 	8268 	7606 	7434 	7072 	7962 	8716 	8396 	7498 	5761 	6553 	87630 	: 	: 	: 	: 	: 	: 	: 	: 	: 	: 	: 	: 	: 	: 	: 	: 	: 	: 	: 	: 	: 	: 	: 	: 	: 	: 	: 	: 	: 	: 	: 	: 	: 	: 	: 	: 	: 	: 	: 	: 	: 	: 
SEAT,ST_PAS,SK_LZIB_RO_LRBS	: 	: 	: 	: 	: 	: 	: 	: 	: 	: 	: 	: 	: 	: 	: 	: 	: 	: 	: 	: 	: 	: 	: 	: 	: 	: 	: 	: 	: 	: 	: 	: 	: 	: 	: 	: 	: 	: 	: 	: 	: 	: 	: 	: 	: 	: 	: 	: 	: 	: 	: 	: 	: 	: 	: 	: 	: 	: 	: 	: 	: 	: 	: 	: 	: 	: 	: 	: 	: 	: 	: 	: 	: 	: 	: 	: 	: 	: 	: 	: 	: 	: 	: 	: 	: 	: 	: 	: 	: 	: 	: 	: 	: 	: 	: 	: 	: 	: 	: 	: 	: 	: 	: 	: 	: 	: 	: 	: 	: 	: 	: 	: 	: 	: 	: 	: 	: 	: 	: 	: 	: 	: 	: 	: 	: 	: 	: 	: 	: 	: 	: 	: 	: 	: 	: 	: 	: 	: 	: 	: 	: 	: 	: 	: 	: 	: 	: 	: 	: 	: 	: 	: 	: 	: 	: 	: 	: 	: 	: 	: 	: 	: 	: 	: 	: 	: 	: 	: 	: 	: 	: 	: 	: 	: 	: 	: 	: 	: 	: 	12527 	15306 	14248 	11014 	3759 	3948 	4820 	5884 	4602 	4820 	4522 	4916 	4810 	4509 	3157 	3348 	53095 	: 	: 	: 	: 	: 	: 	: 	: 	: 	: 	: 	: 	: 	: 	: 	: 	: 	: 	: 	: 	: 	: 	: 	: 	: 	: 	: 	: 	: 	: 	: 	: 	: 	: 	: 	: 	: 	: 	: 	: 	: 	: 
SEAT,ST_PAS,SK_LZIB_RU_UUEE	: 	: 	: 	: 	: 	: 	: 	: 	: 	: 	: 	: 	: 	: 	: 	: 	: 	: 	: 	: 	: 	: 	: 	: 	: 	: 	: 	: 	: 	: 	: 	: 	: 	: 	: 	: 	: 	: 	: 	: 	: 	: 	: 	: 	: 	: 	: 	: 	: 	: 	: 	: 	: 	: 	: 	: 	: 	: 	: 	: 	: 	: 	: 	: 	: 	: 	: 	: 	: 	: 	: 	: 	: 	: 	: 	: 	: 	: 	: 	: 	: 	: 	: 	: 	: 	: 	: 	: 	: 	: 	: 	: 	: 	: 	: 	: 	: 	: 	: 	: 	: 	: 	: 	: 	: 	: 	: 	: 	: 	: 	: 	: 	: 	: 	: 	: 	: 	: 	: 	: 	: 	: 	: 	: 	: 	: 	: 	: 	: 	: 	: 	: 	: 	: 	: 	: 	: 	: 	: 	: 	: 	: 	: 	: 	: 	: 	: 	: 	: 	: 	: 	: 	: 	: 	: 	: 	: 	: 	: 	: 	: 	: 	: 	: 	: 	: 	: 	: 	: 	: 	: 	: 	: 	: 	: 	: 	: 	: 	: 	10496 	10583 	10201 	10309 	3264 	3560 	3672 	3510 	3473 	3600 	3401 	3600 	3200 	3402 	3294 	3613 	41589 	: 	: 	: 	: 	: 	: 	: 	: 	: 	: 	: 	: 	: 	: 	: 	: 	: 	: 	: 	: 	: 	: 	: 	: 	: 	: 	: 	: 	: 	: 	: 	: 	: 	: 	: 	: 	: 	: 	: 	: 	: 	0 
SEAT,ST_PAS,SK_LZIB_RU_UUWW	20811 	22730 	7182 	6818 	7187 	6806 	8317 	6138 	8275 	25110 	16640 	27223 	34470 	8096 	7938 	9076 	6808 	4918 	4914 	4918 	10965 	11340 	11718 	11296 	11456 	103443 	: 	: 	: 	: 	: 	: 	: 	: 	: 	: 	: 	: 	: 	: 	: 	: 	: 	: 	: 	: 	: 	: 	: 	: 	: 	: 	: 	: 	: 	: 	: 	: 	: 	: 	: 	: 	: 	: 	: 	: 	: 	: 	: 	: 	: 	: 	: 	: 	: 	: 	: 	9258 	14039 	10844 	12321 	2836 	2620 	3802 	4024 	4304 	5711 	3256 	3512 	4076 	4048 	3492 	4781 	46462 	: 	: 	: 	: 	: 	: 	: 	: 	: 	: 	: 	: 	: 	: 	: 	: 	: 	: 	: 	: 	: 	: 	: 	: 	: 	: 	: 	: 	: 	: 	: 	: 	: 	: 	: 	: 	: 	: 	: 	: 	: 	: 	: 	: 	: 	: 	: 	: 	: 	: 	: 	: 	: 	: 	: 	: 	: 	: 	: 	: 	: 	: 	: 	: 	: 	: 	: 	: 	: 	: 	: 	: 	: 	: 	: 	: 	: 	: 	: 	: 	: 	: 	: 	: 	: 	: 	: 	: 	: 	: 	: 	: 	: 	: 	: 	: 	: 	: 	: 	: 	: 	: 	: 	: 	: 	: 	: 	: 	: 	: 	: 	: 	: 	: 	: 	: 	: 	: 	: 	: 	: 	: 	: 	: 	: 	: 	: 	: 	: 	: 	: 	: 	: 	: 	: 	: 	: 	: 	: 	: 	: 	: 	: 	: 
SEAT,ST_PAS,SK_LZIB_SE_ESKN	: 	: 	: 	: 	: 	: 	: 	: 	: 	: 	: 	: 	: 	: 	: 	: 	: 	: 	: 	: 	: 	: 	: 	: 	: 	: 	: 	: 	: 	: 	: 	: 	: 	: 	: 	: 	: 	: 	: 	: 	: 	: 	: 	: 	: 	: 	: 	: 	: 	: 	: 	: 	: 	: 	: 	: 	: 	: 	: 	: 	: 	: 	: 	: 	: 	: 	: 	: 	: 	: 	: 	: 	: 	: 	: 	: 	: 	: 	: 	: 	: 	: 	: 	: 	: 	: 	: 	: 	: 	: 	: 	: 	: 	: 	: 	: 	: 	: 	: 	: 	: 	: 	: 	: 	: 	: 	: 	: 	: 	: 	: 	10971 	15120 	14004 	14175 	2646 	3402 	4923 	4914 	4914 	5292 	4932 	4914 	4158 	4914 	4347 	4914 	54270 	13608 	14742 	14742 	14742 	5292 	3402 	4914 	4914 	4914 	4914 	4914 	4914 	4914 	4914 	4536 	5292 	57834 	19656 	27972 	30042 	24570 	4536 	4914 	10206 	11340 	8316 	8316 	8316 	11898 	9828 	8316 	7938 	8316 	102240 	: 	: 	: 	: 	: 	: 	: 	: 	: 	: 	: 	: 	: 	: 	: 	: 	: 	: 	: 	: 	: 	: 	: 	: 	: 	: 	: 	: 	: 	: 	: 	: 	: 	: 	: 	: 	: 	: 	: 	: 	: 	: 	: 	: 	: 	: 	: 	: 	: 	: 	: 	: 	: 	: 	: 	: 	: 	: 	: 	: 	: 	: 	: 	: 	: 	: 	: 	: 	: 	: 	: 	: 	: 	: 	: 	: 
SEAT,ST_PAS,SK_LZIB_SK_LZKZ	: 	: 	: 	: 	: 	: 	: 	: 	: 	9957 	6331 	10623 	10141 	3600 	3830 	2527 	2483 	1955 	1893 	4274 	3556 	2793 	3634 	3568 	2939 	37052 	10058 	16449 	7619 	7462 	3421 	3722 	2915 	2719 	11791 	1939 	2770 	2396 	2453 	2646 	2456 	2360 	41588 	: 	: 	: 	: 	: 	: 	: 	: 	: 	: 	: 	: 	: 	: 	: 	: 	: 	: 	: 	: 	: 	: 	: 	: 	: 	: 	: 	: 	: 	: 	: 	: 	: 	: 	12649 	17693 	17221 	16041 	2554 	3908 	6187 	5407 	6134 	6152 	5629 	5958 	5634 	5986 	5515 	4540 	63604 	17023 	17977 	20243 	17318 	5011 	5864 	6148 	5827 	6150 	6000 	6450 	7784 	6009 	6674 	5536 	5108 	72561 	17221 	23290 	21090 	23491 	4966 	6084 	6171 	7031 	8098 	8161 	7513 	6949 	6628 	8190 	7103 	8198 	85092 	25852 	49871 	73543 	54242 	8687 	8536 	8629 	8685 	19838 	21348 	22997 	22885 	27661 	16705 	14907 	22630 	203508 	72852 	74304 	84333 	84087 	22384 	25083 	25385 	24211 	25091 	25002 	26404 	28983 	28946 	28639 	27408 	28040 	315576 	81138 	55452 	63450 	51046 	24313 	27451 	29374 	19072 	17904 	18476 	20413 	22520 	20517 	19011 	15462 	16573 	251086 	46777 	48341 	47708 	47366 	14450 	16121 	16206 	15418 	17071 	15852 	16152 	17064 	14492 	17203 	14444 	15719 	190192 	: 	: 	: 	: 	: 	: 	: 	: 	: 	: 	: 	: 	: 	: 	: 	: 	: 	: 	: 	: 	: 	: 	: 	: 	: 	: 	: 	: 	: 	: 	: 	: 	: 	: 	: 	: 	: 	: 	: 	: 	: 	: 
SEAT,ST_PAS,SK_LZIB_TN_DTMB	: 	: 	: 	: 	: 	: 	: 	: 	: 	: 	: 	: 	: 	: 	: 	: 	: 	: 	: 	: 	: 	: 	: 	: 	: 	: 	: 	: 	: 	: 	: 	: 	: 	: 	: 	: 	: 	: 	: 	: 	: 	: 	: 	180 	28374 	6003 	: 	: 	: 	180 	7494 	10116 	10764 	5814 	189 	: 	: 	: 	: 	34557 	398 	29118 	7122 	: 	: 	: 	398 	6753 	11466 	10899 	6957 	165 	: 	: 	: 	: 	36638 	165 	30725 	9047 	: 	: 	: 	165 	5624 	12599 	12502 	8717 	330 	: 	: 	: 	: 	39937 	360 	23367 	3114 	: 	: 	: 	360 	6549 	9135 	7683 	3114 	: 	: 	: 	: 	: 	26841 	732 	27374 	8402 	: 	: 	: 	732 	7386 	9534 	10454 	6930 	1472 	: 	: 	: 	: 	36508 	908 	27261 	10185 	: 	: 	: 	908 	7916 	9289 	10056 	8316 	1869 	: 	: 	: 	: 	38354 	1033 	38926 	13816 	: 	: 	: 	1033 	11652 	13294 	13980 	10709 	3107 	: 	: 	: 	: 	53775 	3367 	30172 	11363 	: 	: 	: 	3367 	8500 	10078 	11594 	9250 	2107 	6 	: 	: 	: 	44902 	2158 	26328 	9993 	: 	: 	: 	2158 	8372 	9110 	8846 	8296 	1697 	: 	: 	: 	: 	38479 	: 	: 	: 	: 	: 	: 	: 	: 	: 	: 	: 	: 	: 	: 	: 	: 	: 	: 	: 	: 	: 	: 	: 	: 	: 	: 	: 	: 	: 	: 	: 	: 	: 	: 	: 	: 	: 	: 	: 	: 	: 	: 
SEAT,ST_PAS,SK_LZIB_TR_LTAI	13158 	22 	27606 	12402 	756 	: 	: 	6 	16 	945 	44436 	6699 	3 	: 	378 	567 	11445 	14175 	18816 	6510 	189 	: 	: 	: 	3 	52083 	1642 	121273 	32877 	861 	: 	378 	1264 	29910 	44792 	46571 	30676 	2201 	: 	672 	: 	189 	156653 	2736 	97103 	27083 	: 	189 	378 	2169 	26301 	35572 	35230 	23942 	3141 	: 	: 	: 	: 	126922 	4599 	108564 	30873 	920 	190 	190 	4219 	30306 	38849 	39409 	29248 	1456 	169 	740 	180 	: 	144956 	5024 	86740 	28981 	356 	: 	660 	4364 	25070 	30316 	31354 	26070 	2199 	712 	356 	: 	: 	121101 	6859 	101991 	34598 	1467 	: 	657 	6202 	29961 	35424 	36606 	29046 	3356 	2196 	1467 	: 	: 	144915 	6860 	65156 	25387 	: 	: 	1760 	5100 	17797 	23569 	23790 	21431 	3786 	170 	: 	: 	: 	97403 	2778 	58991 	19396 	: 	: 	: 	2778 	17621 	21538 	19832 	16848 	2040 	508 	: 	: 	: 	81165 	570 	50060 	16277 	11 	: 	: 	570 	13922 	17592 	18546 	16277 	: 	: 	: 	: 	11 	66918 	1248 	38691 	11499 	: 	: 	770 	478 	11169 	13847 	13675 	11499 	: 	: 	: 	: 	: 	51438 	1112 	20447 	5190 	940 	668 	: 	444 	5218 	7549 	7680 	5190 	: 	: 	940 	: 	: 	27689 	: 	: 	: 	: 	: 	: 	: 	: 	: 	: 	: 	: 	: 	: 	: 	: 	: 	: 	: 	: 	: 	: 	: 	: 	: 	: 	: 	: 	: 	: 	: 	: 	: 	: 	: 	: 	: 	: 	: 	: 	: 	: 
SEAT,ST_PAS,SK_LZIB_UK_EGBB	14742 	14742 	4914 	4914 	4914 	4914 	4914 	4536 	5292 	15120 	15285 	14742 	15885 	5292 	4914 	4914 	4914 	5457 	4914 	4914 	4914 	4914 	5292 	5191 	5402 	61032 	15120 	14742 	14768 	14742 	5670 	4158 	5292 	4914 	4914 	4914 	4921 	4914 	4933 	4914 	4536 	5292 	59372 	12862 	13612 	14752 	10224 	4536 	4914 	3412 	3402 	4918 	5292 	4540 	5298 	4914 	3402 	3032 	3790 	51450 	12512 	14742 	14828 	9068 	3780 	3402 	5330 	4536 	5292 	4914 	4980 	4934 	4914 	3024 	3024 	3020 	51150 	10981 	14761 	14787 	14761 	3799 	2646 	4536 	4914 	4914 	4933 	4914 	5299 	4574 	5292 	4555 	4914 	55290 	15120 	14742 	14742 	15120 	5292 	4914 	4914 	4914 	4914 	4914 	4914 	4914 	4914 	5292 	4536 	5292 	59724 	14925 	15498 	13708 	14364 	4914 	5097 	4914 	4914 	5292 	5292 	5014 	4914 	3780 	4914 	4536 	4914 	58495 	15129 	14364 	16138 	6018 	5292 	4545 	5292 	4914 	4914 	4536 	4914 	5050 	6174 	2046 	1582 	2390 	51649 	18042 	30318 	19132 	24804 	5994 	6522 	5526 	9682 	10278 	10358 	5648 	5646 	7838 	9126 	7689 	7989 	92296 	: 	: 	: 	: 	: 	: 	: 	: 	: 	: 	: 	: 	: 	: 	: 	: 	: 	: 	: 	: 	: 	: 	: 	: 	: 	: 	: 	: 	: 	: 	: 	: 	: 	: 	: 	: 	: 	: 	: 	: 	: 	: 	: 	: 	: 	: 	: 	: 	: 	: 	: 	: 	: 	: 	: 	: 	: 	: 	: 	: 	: 	: 	: 	: 	: 	: 	: 	: 	: 	: 	: 	: 	: 	: 	: 	: 
SEAT,ST_PAS,SK_LZIB_UK_EGCC	14742 	15120 	4914 	4914 	4914 	4914 	4914 	4536 	5670 	15120 	15120 	14742 	: 	5292 	4914 	4914 	4914 	4914 	5292 	4914 	4914 	4914 	: 	: 	: 	44982 	: 	: 	: 	: 	: 	: 	: 	: 	: 	: 	: 	: 	: 	: 	: 	: 	: 	: 	: 	: 	: 	: 	: 	: 	: 	: 	: 	: 	: 	: 	: 	: 	: 	: 	: 	: 	: 	: 	: 	: 	: 	: 	: 	: 	: 	: 	: 	: 	: 	: 	: 	: 	: 	: 	: 	: 	: 	: 	: 	: 	: 	: 	: 	: 	: 	: 	: 	: 	: 	: 	: 	: 	: 	: 	: 	: 	: 	: 	: 	: 	: 	: 	: 	: 	: 	: 	: 	: 	: 	: 	: 	: 	: 	: 	: 	: 	: 	: 	: 	: 	: 	: 	2771 	11214 	20884 	23908 	2754 	17 	: 	: 	5318 	5896 	6232 	7168 	7484 	8814 	7628 	7466 	58777 	25926 	27416 	27416 	27118 	8940 	7748 	9238 	8940 	9238 	9238 	8940 	9238 	9238 	9238 	8642 	9238 	107876 	23114 	15499 	15494 	12078 	8940 	8214 	5960 	5068 	5364 	5067 	5364 	5204 	4926 	3948 	3480 	4650 	66185 	12056 	14288 	14120 	10820 	3852 	3586 	4618 	4850 	4586 	4852 	4586 	4916 	4618 	3852 	3256 	3712 	51284 	: 	: 	: 	: 	: 	: 	: 	: 	: 	: 	: 	: 	: 	: 	: 	: 	: 	: 	: 	: 	: 	: 	: 	: 	: 	: 	: 	: 	: 	: 	: 	: 	: 	: 	: 	: 	: 	: 	: 	: 	: 	: 
SEAT,ST_PAS,SK_LZIB_UK_EGGD	: 	: 	: 	: 	: 	: 	: 	: 	: 	: 	: 	: 	: 	: 	: 	: 	: 	: 	: 	: 	: 	: 	: 	: 	: 	: 	: 	: 	: 	: 	: 	: 	: 	: 	: 	: 	: 	: 	: 	: 	: 	: 	: 	: 	: 	: 	: 	: 	: 	: 	: 	: 	: 	: 	: 	: 	: 	: 	: 	: 	3780 	9828 	9828 	1134 	: 	378 	3402 	3402 	3402 	3024 	3402 	3402 	3024 	1134 	: 	: 	24570 	3402 	10206 	9828 	9828 	: 	756 	2646 	3402 	3402 	3402 	3024 	3402 	3402 	3024 	3402 	3402 	33264 	: 	: 	: 	: 	: 	: 	: 	: 	: 	: 	: 	: 	: 	: 	: 	: 	: 	10962 	9828 	8694 	9450 	4158 	3024 	3780 	3024 	3402 	3402 	3024 	3024 	2646 	3024 	3024 	3402 	38934 	9828 	9828 	9639 	9450 	3402 	3024 	3402 	3024 	3402 	3402 	3402 	3402 	2835 	3402 	2646 	3402 	38745 	10962 	9639 	12474 	14742 	2646 	3402 	4914 	3213 	3024 	3402 	3402 	4158 	4914 	4914 	4536 	5292 	47817 	: 	: 	: 	: 	: 	: 	: 	: 	: 	: 	: 	: 	: 	: 	: 	: 	: 	: 	: 	: 	: 	: 	: 	: 	: 	: 	: 	: 	: 	: 	: 	: 	: 	: 	: 	: 	: 	: 	: 	: 	: 	: 	: 	: 	: 	: 	: 	: 	: 	: 	: 	: 	: 	: 	: 	: 	: 	: 	: 	: 	: 	: 	: 	: 	: 	: 	: 	: 	: 	: 	: 	: 	: 	: 	: 	: 
SEAT,ST_PAS,SK_LZIB_UK_EGGP	: 	: 	: 	: 	: 	: 	: 	: 	: 	: 	: 	: 	: 	: 	: 	: 	: 	: 	: 	: 	: 	: 	: 	: 	: 	: 	15498 	14742 	14742 	14742 	5670 	4536 	5292 	4914 	4914 	4914 	4914 	4914 	4914 	4914 	4536 	5292 	59724 	14364 	12100 	11341 	10206 	4536 	4914 	4914 	3402 	3406 	5292 	3024 	3403 	4914 	3402 	3024 	3780 	48011 	12474 	14380 	14742 	11340 	3780 	3402 	5292 	4552 	5292 	4536 	4914 	4914 	4914 	4536 	3024 	3780 	52936 	11737 	14749 	14742 	14742 	3780 	3024 	4933 	4921 	4914 	4914 	4914 	5292 	4536 	5292 	4536 	4914 	55970 	13609 	9830 	9828 	10206 	5292 	4914 	3403 	3024 	3404 	3402 	3024 	3402 	3402 	3402 	3024 	3780 	43473 	12096 	15120 	13610 	13986 	3780 	3402 	4914 	4914 	4914 	5292 	4914 	4916 	3780 	4914 	4536 	4536 	54812 	: 	: 	: 	: 	: 	: 	: 	: 	: 	: 	: 	: 	: 	: 	: 	: 	: 	: 	: 	: 	: 	: 	: 	: 	: 	: 	: 	: 	: 	: 	: 	: 	: 	: 	: 	: 	: 	: 	: 	: 	: 	: 	: 	: 	: 	: 	: 	: 	: 	: 	: 	: 	: 	: 	: 	: 	: 	: 	: 	: 	: 	: 	: 	: 	: 	: 	: 	: 	: 	: 	: 	: 	: 	: 	: 	: 	: 	: 	: 	: 	: 	: 	: 	: 	: 	: 	: 	: 	: 	: 	: 	: 	: 	: 	: 	: 	: 	: 	: 	: 	: 	: 	: 	: 	: 	: 	: 	: 	: 	: 
SEAT,ST_PAS,SK_LZIB_UK_EGGW	: 	: 	: 	: 	: 	: 	: 	: 	: 	7182 	20034 	19659 	19666 	: 	378 	6804 	6426 	6804 	6804 	6428 	6427 	6804 	6048 	6426 	7192 	66541 	19665 	21765 	22690 	19284 	6805 	6426 	6434 	6426 	6854 	8485 	6427 	8325 	7938 	6805 	6048 	6431 	83404 	20790 	21176 	19662 	18524 	6048 	6426 	8316 	7940 	6805 	6431 	6808 	6427 	6427 	6050 	6048 	6426 	80152 	20054 	20050 	19728 	15524 	7192 	6436 	6426 	6820 	6426 	6804 	6472 	6814 	6442 	5292 	4546 	5686 	75356 	18960 	24982 	24756 	17422 	5670 	5686 	7604 	8316 	8328 	8338 	8316 	8108 	8332 	6812 	4922 	5688 	86120 	22736 	34858 	34422 	34429 	6434 	4930 	11372 	11368 	11731 	11759 	11348 	11726 	11348 	11722 	10595 	12112 	126445 	34442 	34805 	31825 	1548 	11367 	11340 	11735 	11342 	11745 	11718 	11358 	11718 	8749 	1530 	9 	9 	102620 	64 	13756 	24662 	35478 	14 	: 	50 	22 	6550 	7184 	7168 	8663 	8831 	10634 	10396 	14448 	73960 	49369 	58900 	52421 	46506 	14918 	16404 	18047 	19230 	19370 	20300 	16022 	18519 	17880 	16688 	14304 	15514 	207196 	: 	: 	: 	: 	: 	: 	: 	: 	: 	: 	: 	: 	: 	: 	: 	: 	: 	340 	22065 	25964 	25655 	16 	8 	316 	8652 	7450 	5963 	8978 	8344 	8642 	9232 	7464 	8959 	74024 	: 	: 	: 	: 	: 	: 	: 	: 	: 	: 	: 	: 	: 	: 	: 	: 	: 	: 	: 	: 	: 	: 	: 	: 	: 	: 	: 	: 	: 	: 	: 	: 	: 	: 	: 	: 	: 	: 	: 	: 	: 	: 
SEAT,ST_PAS,SK_LZIB_UK_EGNM	9829 	9829 	3421 	3402 	3402 	3025 	3403 	3024 	3402 	: 	: 	: 	: 	: 	: 	: 	: 	: 	: 	: 	: 	: 	: 	: 	: 	: 	: 	: 	: 	: 	: 	: 	: 	: 	: 	: 	: 	: 	: 	: 	: 	: 	: 	: 	: 	: 	: 	: 	: 	: 	: 	: 	: 	: 	: 	: 	: 	: 	: 	: 	: 	: 	: 	: 	: 	: 	: 	: 	: 	: 	: 	: 	: 	: 	: 	: 	: 	: 	: 	: 	: 	: 	: 	: 	: 	: 	: 	: 	: 	: 	: 	: 	: 	: 	: 	: 	: 	: 	: 	: 	: 	: 	: 	: 	: 	: 	: 	: 	: 	: 	: 	: 	: 	: 	: 	: 	: 	: 	: 	: 	: 	: 	: 	: 	: 	: 	: 	: 	: 	: 	: 	: 	: 	: 	: 	: 	: 	: 	: 	: 	: 	: 	: 	: 	: 	: 	: 	: 	: 	: 	: 	: 	: 	: 	: 	: 	: 	: 	: 	: 	: 	: 	: 	: 	: 	: 	: 	: 	: 	: 	: 	: 	: 	: 	: 	: 	: 	: 	: 	: 	: 	: 	: 	: 	: 	: 	: 	: 	: 	: 	: 	: 	: 	: 	: 	: 	: 	: 	: 	: 	: 	: 	: 	: 	: 	: 	: 	: 	: 	: 	: 	: 	: 	: 	: 	: 	: 	: 	: 	: 	: 	: 	: 	: 	: 	: 	: 	: 	: 	: 	: 	: 	: 	: 	: 	: 	: 	: 
SEAT,ST_PAS,SK_LZIB_UK_EGNX	: 	: 	: 	: 	: 	: 	: 	: 	: 	: 	: 	: 	: 	: 	: 	: 	: 	: 	: 	: 	: 	: 	: 	: 	: 	: 	: 	: 	: 	: 	: 	: 	: 	: 	: 	: 	: 	: 	: 	: 	: 	: 	: 	: 	: 	: 	: 	: 	: 	: 	: 	: 	: 	: 	: 	: 	: 	: 	: 	: 	: 	: 	: 	: 	: 	: 	: 	: 	: 	: 	: 	: 	: 	: 	: 	: 	: 	: 	: 	: 	: 	: 	: 	: 	: 	: 	: 	: 	: 	: 	: 	: 	: 	: 	: 	: 	: 	: 	: 	: 	: 	: 	: 	: 	: 	: 	: 	: 	: 	: 	: 	: 	: 	: 	: 	: 	: 	: 	: 	: 	: 	: 	: 	: 	: 	: 	: 	: 	: 	1890 	9828 	18144 	: 	: 	: 	: 	: 	1890 	3024 	3402 	3402 	6048 	5670 	6426 	29862 	19278 	19656 	19702 	19278 	6048 	6426 	6804 	6426 	6804 	6426 	6850 	6426 	6426 	6804 	6426 	6048 	77914 	19278 	20034 	19656 	7182 	6048 	6426 	6804 	6426 	6804 	6804 	6426 	6426 	6804 	6426 	756 	: 	66150 	: 	: 	: 	: 	: 	: 	: 	: 	: 	: 	: 	: 	: 	: 	: 	: 	: 	: 	: 	: 	: 	: 	: 	: 	: 	: 	: 	: 	: 	: 	: 	: 	: 	: 	: 	: 	: 	: 	: 	: 	: 	: 	: 	: 	: 	: 	: 	: 	: 	: 	: 	: 	: 	: 	: 	: 	: 	: 	: 
SEAT,ST_PAS,SK_LZIB_UK_EGPH	9828 	9828 	4914 	3402 	3024 	3402 	3402 	3024 	3402 	9828 	11723 	9828 	1512 	3402 	3024 	3402 	3029 	3402 	5292 	3402 	3402 	3024 	1512 	: 	: 	32891 	2416 	12096 	9829 	378 	: 	: 	2416 	3402 	3402 	5292 	3025 	3402 	3402 	378 	: 	: 	24719 	2646 	11914 	9828 	: 	: 	: 	2646 	3402 	3549 	4963 	3024 	3402 	3402 	: 	: 	: 	24388 	6048 	14750 	14742 	756 	: 	756 	5292 	4536 	5300 	4914 	4914 	4914 	4914 	756 	: 	: 	36296 	4536 	10206 	12492 	9828 	: 	: 	4536 	4914 	1890 	3402 	4914 	4554 	3024 	3024 	3402 	3402 	37062 	11340 	14742 	14364 	11340 	2646 	3402 	5292 	4914 	4914 	4914 	4914 	4536 	4914 	4914 	3024 	3402 	51786 	12101 	20034 	17778 	10017 	2646 	3029 	6426 	6804 	6426 	6804 	6426 	6426 	4926 	3780 	3024 	3213 	59930 	12096 	20034 	18522 	13989 	2646 	3402 	6048 	6426 	6804 	6804 	6426 	6804 	5292 	4914 	4158 	4917 	64641 	: 	: 	: 	: 	: 	: 	: 	: 	: 	: 	: 	: 	: 	: 	: 	: 	: 	: 	: 	: 	: 	: 	: 	: 	: 	: 	: 	: 	: 	: 	: 	: 	: 	: 	: 	: 	: 	: 	: 	: 	: 	: 	: 	: 	: 	: 	: 	: 	: 	: 	: 	: 	: 	: 	: 	: 	: 	: 	: 	: 	: 	: 	: 	: 	: 	: 	: 	: 	: 	: 	: 	: 	: 	: 	: 	: 	: 	: 	: 	: 	: 	: 	: 	: 	: 	: 	: 	: 	: 	: 	: 	: 	: 
SEAT,ST_PAS,SK_LZIB_UK_EGSS	49197 	50463 	14742 	16254 	16632 	16311 	17010 	15687 	17766 	57456 	66597 	66459 	68607 	17388 	16632 	23436 	22682 	20469 	23446 	22690 	23436 	20333 	23436 	21924 	23247 	259119 	68989 	61446 	61290 	67977 	23058 	22495 	23436 	22680 	17766 	21000 	20214 	20916 	20160 	23184 	21357 	23436 	259702 	67667 	55188 	58970 	54810 	23247 	22496 	21924 	19656 	16632 	18900 	19280 	20412 	19278 	18144 	17010 	19656 	236635 	60291 	56979 	60489 	53487 	19278 	17955 	23058 	22302 	17057 	17620 	20790 	20421 	19278 	19089 	15876 	18522 	231246 	62559 	74897 	61043 	55566 	18333 	18144 	26082 	25704 	24948 	24245 	22869 	21164 	17010 	18144 	17388 	20034 	254065 	59738 	69375 	68842 	65772 	19278 	17024 	23436 	22692 	23247 	23436 	22726 	23436 	22680 	23436 	18900 	23436 	263727 	66533 	69555 	63693 	96409 	21926 	21168 	23439 	22683 	23436 	23436 	22680 	23436 	17577 	32137 	30252 	34020 	296190 	92989 	72198 	68796 	67284 	30619 	32508 	29862 	25326 	23436 	23436 	22680 	23436 	22680 	23436 	20412 	23436 	301267 	66528 	69552 	68796 	69622 	21168 	22680 	22680 	22680 	23436 	23436 	22680 	23436 	22680 	23814 	21925 	23883 	274498 	80927 	111722 	110529 	96996 	21993 	22682 	36252 	36024 	38038 	37660 	36686 	37974 	35869 	34706 	29910 	32380 	400174 	102647 	108622 	107493 	97401 	33277 	32358 	37012 	35500 	36662 	36460 	35749 	36854 	34890 	35386 	29204 	32811 	416163 	: 	: 	: 	: 	: 	: 	: 	: 	: 	: 	: 	: 	: 	: 	: 	: 	: 	: 	: 	: 	: 	: 	: 	: 	: 	: 	: 	: 	: 	: 	: 	: 	: 	: 	: 	: 	: 	: 	: 	: 	: 	: 
SEAT,ST_PAS,SK_LZKZ_AT_LOWW	26957 	20114 	8992 	8905 	9732 	8320 	9032 	5130 	5952 	24333 	27934 	26792 	19748 	7415 	8240 	8678 	9396 	10538 	8000 	7643 	9836 	9313 	7304 	6104 	6340 	98807 	21812 	26160 	25842 	18623 	6140 	6812 	8860 	8948 	8612 	8600 	9140 	9056 	7646 	6634 	5957 	6032 	92437 	19411 	24960 	23813 	18055 	5713 	5890 	7808 	8144 	8264 	8552 	7989 	8048 	7776 	6274 	5679 	6102 	86239 	20198 	23057 	22379 	18273 	6262 	6304 	7632 	7540 	7648 	7869 	7360 	7571 	7448 	6372 	5888 	6013 	83907 	18562 	19422 	18606 	19069 	5830 	6212 	6520 	6265 	6464 	6693 	6096 	6256 	6254 	6811 	6162 	6096 	75659 	18811 	19256 	18759 	18128 	5688 	6395 	6728 	6494 	6464 	6298 	5526 	7204 	6029 	6544 	5728 	5856 	74954 	16733 	17388 	15533 	11394 	5225 	5664 	5844 	5696 	6048 	5644 	5776 	5437 	4320 	4026 	3608 	3760 	61048 	11744 	12790 	10197 	11560 	3188 	4120 	4436 	4678 	4096 	4016 	3013 	3654 	3530 	4262 	3697 	3601 	46291 	11940 	16857 	15893 	13815 	2958 	4150 	4832 	5091 	5646 	6120 	5294 	5207 	5392 	4492 	4732 	4591 	58505 	13963 	16237 	14761 	13936 	3928 	4783 	5252 	5048 	5831 	5358 	5191 	5176 	4394 	4982 	4448 	4506 	58897 	13303 	14654 	13846 	12455 	3894 	4465 	4944 	4838 	5014 	4802 	4796 	4762 	4288 	4482 	3944 	4029 	54258 	: 	: 	: 	: 	: 	: 	: 	: 	: 	: 	: 	: 	: 	: 	: 	: 	: 	: 	: 	: 	: 	: 	: 	: 	: 	: 	: 	: 	: 	: 	: 	: 	: 	: 	: 	: 	: 	: 	: 	: 	: 	22630 
SEAT,ST_PAS,SK_LZKZ_BG_LBBG	: 	: 	: 	: 	: 	: 	: 	: 	: 	: 	31161 	4193 	: 	: 	: 	: 	3261 	13770 	14130 	4193 	: 	: 	: 	: 	: 	35354 	: 	26800 	3084 	: 	: 	: 	: 	3052 	11156 	12592 	3084 	: 	: 	: 	: 	: 	29884 	: 	27031 	3776 	: 	: 	: 	: 	1590 	12963 	12478 	3776 	: 	: 	: 	: 	: 	30807 	: 	25709 	2654 	: 	: 	: 	: 	1487 	12316 	11906 	2654 	: 	: 	: 	: 	: 	28363 	: 	25695 	3417 	: 	: 	: 	: 	1790 	12430 	11475 	3417 	: 	: 	: 	: 	: 	29112 	: 	19952 	2560 	: 	: 	: 	: 	1831 	9094 	9027 	2560 	: 	: 	: 	: 	: 	22512 	: 	: 	: 	: 	: 	: 	: 	: 	: 	: 	: 	: 	: 	: 	: 	: 	: 	: 	: 	: 	: 	: 	: 	: 	: 	: 	: 	: 	: 	: 	: 	: 	: 	: 	: 	: 	: 	: 	: 	: 	: 	: 	: 	: 	: 	: 	: 	: 	: 	: 	: 	: 	: 	: 	: 	: 	: 	: 	: 	: 	: 	: 	: 	: 	: 	: 	: 	: 	: 	: 	: 	: 	: 	: 	: 	: 	: 	: 	: 	: 	: 	: 	: 	: 	: 	: 	: 	: 	: 	: 	: 	: 	: 	: 	: 	: 	: 	: 	: 	: 	: 	: 	: 	: 	: 	: 	: 	: 	: 	: 	: 	: 	: 	: 	: 	: 	: 	: 	: 	: 	: 	: 	: 	: 	: 	: 	: 
SEAT,ST_PAS,SK_LZKZ_CZ_LKPR	18822 	13846 	6466 	6182 	6798 	5842 	4427 	4392 	5027 	23486 	23219 	20434 	18035 	9512 	6385 	7589 	8739 	7658 	6822 	6313 	6224 	7897 	7088 	5202 	5745 	85174 	22277 	19925 	15643 	12872 	7051 	7413 	7813 	7480 	6573 	5872 	5445 	5154 	5044 	4424 	4304 	4144 	70717 	15540 	17716 	18854 	17386 	4774 	4928 	5838 	6692 	5584 	5440 	6084 	6532 	6238 	6336 	5224 	5826 	69496 	21586 	19464 	19112 	17834 	8606 	6023 	6957 	7277 	6053 	6134 	5670 	6676 	6766 	6672 	5640 	5522 	77996 	21541 	17038 	23265 	21581 	7234 	7145 	7162 	6327 	5304 	5407 	7734 	7641 	7890 	6682 	7462 	7437 	83425 	26067 	29927 	34124 	33452 	7729 	8064 	10274 	10417 	9847 	9663 	10876 	12257 	10991 	10690 	11080 	11682 	123570 	36673 	37527 	36561 	34939 	11606 	12377 	12690 	12121 	12634 	12772 	12448 	13074 	11039 	12598 	10705 	11636 	145700 	39807 	46337 	39341 	41416 	12759 	12132 	14916 	14999 	15307 	16031 	11604 	14150 	13587 	13079 	13672 	14665 	166901 	51684 	79916 	82001 	74771 	14494 	15453 	21737 	27009 	26314 	26593 	26394 	29615 	25992 	26166 	22710 	25895 	288372 	67754 	49435 	49084 	46063 	24950 	25214 	17590 	15306 	17034 	17095 	16312 	16773 	15999 	16333 	14541 	15189 	212336 	46316 	42702 	42431 	41135 	15825 	16156 	14335 	14410 	14252 	14040 	14310 	14221 	13900 	14080 	12790 	14265 	172584 	: 	: 	: 	: 	: 	: 	: 	: 	: 	: 	: 	: 	: 	: 	: 	: 	: 	: 	: 	: 	: 	: 	: 	: 	: 	: 	: 	: 	: 	: 	: 	: 	: 	: 	: 	: 	: 	: 	: 	: 	: 	152232 
SEAT,ST_PAS,SK_LZKZ_EG_HEGN	: 	: 	: 	: 	: 	: 	: 	: 	: 	: 	: 	: 	: 	: 	: 	: 	: 	: 	: 	: 	: 	: 	: 	: 	: 	: 	: 	: 	: 	: 	: 	: 	: 	: 	: 	: 	: 	: 	: 	: 	: 	: 	: 	: 	: 	: 	: 	: 	: 	: 	: 	: 	: 	: 	: 	: 	: 	: 	: 	: 	: 	: 	: 	: 	: 	: 	: 	: 	: 	: 	: 	: 	: 	: 	: 	: 	: 	: 	: 	: 	: 	: 	: 	: 	: 	: 	: 	: 	: 	: 	: 	: 	: 	: 	: 	: 	: 	: 	: 	: 	: 	: 	: 	: 	: 	: 	: 	: 	: 	: 	: 	1181 	12925 	5088 	: 	: 	: 	1181 	4034 	3889 	5002 	4371 	717 	: 	: 	: 	: 	19194 	372 	12545 	4893 	: 	: 	: 	372 	3606 	4133 	4806 	3501 	1392 	: 	: 	: 	: 	17810 	1300 	16158 	6016 	: 	: 	: 	1300 	4678 	5514 	5966 	4740 	1276 	: 	: 	: 	: 	23474 	1760 	11554 	5322 	: 	: 	: 	1760 	2986 	4283 	4285 	4092 	1230 	: 	: 	: 	: 	18636 	: 	: 	: 	: 	: 	: 	: 	: 	: 	: 	: 	: 	: 	: 	: 	: 	: 	: 	: 	: 	: 	: 	: 	: 	: 	: 	: 	: 	: 	: 	: 	: 	: 	: 	: 	: 	: 	: 	: 	: 	: 	: 	: 	: 	: 	: 	: 	: 	: 	: 	: 	: 	: 	: 	: 	: 	: 	: 	: 
SEAT,ST_PAS,SK_LZKZ_IE_EIDW	: 	: 	: 	: 	: 	: 	: 	: 	: 	: 	: 	: 	: 	: 	: 	: 	: 	: 	: 	: 	: 	: 	: 	: 	: 	: 	: 	: 	: 	: 	: 	: 	: 	: 	: 	: 	: 	: 	: 	: 	: 	: 	: 	: 	: 	: 	: 	: 	: 	: 	: 	: 	: 	: 	: 	: 	: 	: 	: 	: 	: 	: 	: 	: 	: 	: 	: 	: 	: 	: 	: 	: 	: 	: 	: 	: 	: 	: 	: 	: 	: 	: 	: 	: 	: 	: 	: 	: 	: 	: 	: 	: 	: 	: 	: 	: 	: 	: 	: 	: 	: 	: 	: 	: 	: 	: 	: 	: 	: 	: 	: 	: 	: 	: 	: 	: 	: 	: 	: 	: 	: 	: 	: 	: 	: 	: 	: 	: 	: 	: 	: 	: 	: 	: 	: 	: 	: 	: 	: 	: 	: 	: 	: 	: 	: 	3278 	11920 	11622 	11473 	: 	: 	3278 	3874 	3874 	4172 	3576 	4172 	3874 	3874 	3576 	4023 	38293 	: 	: 	: 	: 	: 	: 	: 	: 	: 	: 	: 	: 	: 	: 	: 	: 	: 	: 	: 	: 	: 	: 	: 	: 	: 	: 	: 	: 	: 	: 	: 	: 	: 	: 	: 	: 	: 	: 	: 	: 	: 	: 	: 	: 	: 	: 	: 	: 	: 	: 	: 	: 	: 	: 	: 	: 	: 	: 	: 	: 	: 	: 	: 	: 	: 	: 	: 	: 	: 	: 	: 	: 	: 	: 	: 	: 
SEAT,ST_PAS,SK_LZKZ_IT_LIME	: 	: 	: 	: 	: 	: 	: 	: 	: 	: 	: 	: 	: 	: 	: 	: 	: 	: 	: 	: 	: 	: 	: 	: 	: 	: 	9162 	9360 	2880 	0 	2520 	3240 	3402 	2880 	3240 	3240 	2880 	: 	0 	: 	0 	: 	21402 	: 	: 	: 	: 	: 	: 	: 	: 	: 	: 	: 	: 	: 	: 	: 	: 	: 	: 	: 	: 	: 	: 	: 	: 	: 	: 	: 	: 	: 	: 	: 	: 	: 	: 	: 	: 	: 	: 	: 	: 	: 	: 	: 	: 	: 	: 	: 	: 	: 	: 	: 	: 	: 	: 	: 	: 	: 	: 	: 	: 	: 	: 	: 	: 	: 	: 	: 	: 	: 	: 	: 	: 	: 	: 	: 	: 	: 	: 	: 	: 	: 	: 	: 	: 	: 	: 	: 	: 	: 	: 	: 	: 	: 	: 	: 	: 	: 	: 	: 	: 	: 	: 	: 	: 	: 	: 	: 	: 	: 	: 	: 	: 	: 	: 	: 	: 	: 	: 	: 	: 	: 	: 	: 	: 	: 	: 	: 	: 	: 	: 	: 	: 	: 	: 	: 	: 	: 	: 	: 	: 	: 	: 	: 	: 	: 	: 	: 	: 	: 	: 	: 	: 	: 	: 	: 	: 	: 	: 	: 	: 	: 	: 	: 	: 	: 	: 	: 	: 	: 	: 	: 	: 	: 	: 	: 	: 	: 	: 	: 	: 	: 	: 	: 	: 	: 	: 	: 	: 	: 	: 	: 	: 	: 	: 	: 
SEAT,ST_PAS,SK_LZKZ_PL_EPWA	: 	: 	: 	: 	: 	: 	: 	: 	: 	11315 	11172 	9221 	394 	3675 	3890 	3750 	3858 	3730 	3584 	3900 	1506 	3815 	389 	5 	: 	32102 	: 	: 	: 	: 	: 	: 	: 	: 	: 	: 	: 	: 	: 	: 	: 	: 	: 	: 	: 	: 	: 	: 	: 	: 	: 	: 	: 	: 	: 	: 	: 	: 	: 	: 	: 	: 	: 	: 	: 	: 	: 	: 	: 	: 	: 	: 	: 	: 	: 	: 	: 	: 	: 	: 	: 	: 	: 	: 	: 	: 	: 	: 	: 	: 	: 	: 	: 	: 	: 	: 	: 	: 	: 	: 	: 	: 	: 	: 	: 	: 	: 	: 	: 	: 	: 	: 	: 	: 	: 	: 	: 	: 	: 	: 	: 	: 	: 	: 	: 	: 	: 	: 	: 	: 	: 	: 	: 	: 	: 	: 	: 	: 	: 	: 	: 	: 	: 	: 	: 	: 	: 	: 	: 	: 	: 	: 	: 	: 	: 	: 	: 	: 	: 	: 	: 	: 	: 	: 	: 	: 	: 	: 	: 	: 	: 	: 	: 	: 	: 	: 	: 	: 	: 	: 	: 	: 	: 	: 	: 	: 	: 	: 	: 	: 	: 	: 	: 	: 	: 	: 	: 	: 	: 	: 	: 	: 	: 	: 	: 	: 	: 	: 	: 	: 	: 	: 	: 	: 	: 	: 	: 	: 	: 	: 	: 	: 	: 	: 	: 	: 	: 	: 	: 	: 	: 	: 	: 	: 	: 	: 	: 	: 
SEAT,ST_PAS,SK_LZKZ_SK_LZIB	8780 	9917 	3841 	3606 	2917 	2257 	3498 	3589 	2830 	9859 	9796 	11744 	10338 	3584 	3603 	2672 	3526 	2912 	3358 	5629 	3493 	2622 	3613 	3513 	3212 	41737 	9863 	11435 	8863 	7536 	3378 	3710 	2775 	3450 	2533 	5452 	4144 	2274 	2445 	2692 	2387 	2457 	37697 	9018 	10723 	13482 	7861 	2706 	2524 	3788 	3853 	2706 	4164 	4767 	3954 	4761 	2566 	2769 	2526 	41084 	1678 	3848 	11104 	14702 	40 	1007 	631 	827 	1841 	1180 	5521 	2618 	2965 	6551 	5821 	2330 	31332 	7423 	11437 	8843 	6649 	2428 	2200 	2795 	3263 	3811 	4363 	3260 	2905 	2678 	2624 	2115 	1910 	34352 	8181 	10323 	10003 	7552 	2377 	2962 	2842 	3922 	2719 	3682 	3234 	4123 	2646 	2816 	2447 	2289 	36059 	10329 	12677 	11931 	10701 	2626 	3182 	4521 	4395 	4175 	4107 	4964 	3767 	3200 	4054 	3376 	3271 	45638 	12978 	22152 	34140 	34621 	3853 	4077 	5048 	4761 	8035 	9356 	10215 	11445 	12480 	9469 	9247 	15905 	103891 	72993 	74721 	85948 	84100 	22387 	25073 	25533 	24281 	25666 	24774 	27806 	29181 	28961 	28488 	27420 	28192 	317762 	81748 	59421 	64060 	51149 	24742 	27258 	29748 	19966 	19594 	19861 	21017 	22509 	20534 	19067 	15481 	16601 	256378 	47287 	49458 	48662 	48091 	14457 	16291 	16539 	15753 	17603 	16102 	16489 	17541 	14632 	17613 	14927 	15551 	193498 	: 	: 	: 	: 	: 	: 	: 	: 	: 	: 	: 	: 	: 	: 	: 	: 	: 	: 	: 	: 	: 	: 	: 	: 	: 	: 	: 	: 	: 	: 	: 	: 	: 	: 	: 	: 	: 	: 	: 	: 	: 	: 
SEAT,ST_PAS,SK_LZKZ_TR_LTAI	: 	: 	: 	: 	: 	: 	: 	: 	: 	: 	17394 	2226 	: 	: 	: 	: 	4038 	6300 	7056 	2226 	: 	: 	: 	: 	: 	19620 	: 	44676 	13467 	567 	: 	: 	: 	11955 	15981 	16740 	13467 	: 	: 	567 	: 	: 	58710 	324 	36061 	10650 	: 	: 	: 	324 	9297 	13242 	13522 	10650 	0 	: 	: 	: 	: 	47035 	: 	33354 	8856 	: 	: 	: 	: 	8820 	11880 	12654 	8856 	: 	0 	: 	: 	: 	42210 	738 	30066 	9518 	: 	: 	: 	738 	9171 	10401 	10494 	9518 	: 	: 	: 	: 	: 	40322 	372 	31211 	9610 	: 	: 	: 	372 	9327 	10692 	11192 	9250 	360 	: 	: 	: 	: 	41193 	708 	20063 	8202 	: 	: 	: 	708 	4950 	7050 	8063 	7530 	672 	: 	: 	: 	: 	28973 	: 	: 	: 	: 	: 	: 	: 	: 	: 	: 	: 	: 	: 	: 	: 	: 	: 	: 	: 	: 	: 	: 	: 	: 	: 	: 	: 	: 	: 	: 	: 	: 	: 	: 	: 	: 	: 	: 	: 	: 	: 	: 	: 	: 	: 	: 	: 	: 	: 	: 	: 	: 	: 	: 	: 	: 	: 	: 	: 	: 	: 	: 	: 	: 	: 	: 	: 	: 	: 	: 	: 	: 	: 	: 	: 	: 	: 	: 	: 	: 	: 	: 	: 	: 	: 	: 	: 	: 	: 	: 	: 	: 	: 	: 	: 	: 	: 	: 	: 	: 	: 	: 	: 	: 	: 	: 	: 	: 	: 	: 
SEAT,ST_PAS,SK_LZKZ_UA_UKBB	: 	: 	: 	: 	: 	: 	: 	: 	: 	16194 	12417 	11283 	13269 	7032 	4001 	5161 	4924 	3785 	3708 	3538 	3162 	4583 	4306 	4306 	4657 	53163 	: 	: 	: 	: 	: 	: 	: 	: 	: 	: 	: 	: 	: 	: 	: 	: 	: 	: 	: 	: 	: 	: 	: 	: 	: 	: 	: 	: 	: 	: 	: 	: 	: 	: 	: 	: 	: 	: 	: 	: 	: 	: 	: 	: 	: 	: 	: 	: 	: 	: 	: 	: 	: 	: 	: 	: 	: 	: 	: 	: 	: 	: 	: 	: 	: 	: 	: 	: 	: 	: 	: 	: 	: 	: 	: 	: 	: 	: 	: 	: 	: 	: 	: 	: 	: 	: 	: 	: 	: 	: 	: 	: 	: 	: 	: 	: 	: 	: 	: 	: 	: 	: 	: 	: 	: 	: 	: 	: 	: 	: 	: 	: 	: 	: 	: 	: 	: 	: 	: 	: 	: 	: 	: 	: 	: 	: 	: 	: 	: 	: 	: 	: 	: 	: 	: 	: 	: 	: 	: 	: 	: 	: 	: 	: 	: 	: 	: 	: 	: 	: 	: 	: 	: 	: 	: 	: 	: 	: 	: 	: 	: 	: 	: 	: 	: 	: 	: 	: 	: 	: 	: 	: 	: 	: 	: 	: 	: 	: 	: 	: 	: 	: 	: 	: 	: 	: 	: 	: 	: 	: 	: 	: 	: 	: 	: 	: 	: 	: 	: 	: 	: 	: 	: 	: 	: 	: 	: 	: 	: 	: 	: 	: 
SEAT,ST_PAS,SK_LZKZ_UK_EGCN	11160 	9360 	4680 	3960 	3240 	3960 	2880 	2880 	3600 	9720 	13320 	10080 	9180 	3240 	3240 	3240 	3960 	4680 	4680 	3600 	3240 	3240 	3420 	2880 	2880 	42300 	9360 	9540 	2520 	: 	3240 	3240 	2880 	3240 	3240 	3060 	2520 	: 	: 	: 	: 	: 	21420 	: 	: 	: 	: 	: 	: 	: 	: 	: 	: 	: 	: 	: 	: 	: 	: 	: 	: 	: 	: 	: 	: 	: 	: 	: 	: 	: 	: 	: 	: 	: 	: 	: 	: 	: 	: 	: 	: 	: 	: 	: 	: 	: 	: 	: 	: 	: 	: 	: 	: 	: 	: 	: 	: 	: 	: 	: 	: 	: 	: 	: 	: 	: 	: 	: 	: 	: 	: 	: 	: 	: 	: 	: 	: 	: 	: 	: 	: 	: 	: 	: 	: 	: 	: 	: 	: 	: 	: 	: 	: 	: 	: 	: 	: 	: 	: 	: 	: 	: 	: 	: 	: 	: 	: 	: 	: 	: 	: 	: 	: 	: 	: 	: 	: 	: 	: 	: 	: 	: 	: 	: 	: 	: 	: 	: 	: 	: 	: 	: 	: 	: 	: 	: 	: 	: 	: 	: 	: 	: 	: 	: 	: 	: 	: 	: 	: 	: 	: 	: 	: 	: 	: 	: 	: 	: 	: 	: 	: 	: 	: 	: 	: 	: 	: 	: 	: 	: 	: 	: 	: 	: 	: 	: 	: 	: 	: 	: 	: 	: 	: 	: 	: 	: 	: 	: 	: 	: 	: 	: 	: 	: 	: 	: 	: 	: 
SEAT,ST_PAS,SK_LZKZ_UK_EGGD	: 	: 	: 	: 	: 	: 	: 	: 	: 	9360 	9720 	9000 	6300 	3240 	2880 	3240 	3240 	3240 	3240 	2520 	3240 	3240 	2160 	1440 	2700 	34380 	: 	: 	: 	: 	: 	: 	: 	: 	: 	: 	: 	: 	: 	: 	: 	: 	: 	: 	: 	: 	: 	: 	: 	: 	: 	: 	: 	: 	: 	: 	: 	: 	: 	: 	: 	: 	: 	: 	: 	: 	: 	: 	: 	: 	: 	: 	: 	: 	: 	: 	: 	: 	: 	: 	: 	: 	: 	: 	: 	: 	: 	: 	: 	: 	: 	: 	: 	: 	: 	: 	: 	: 	: 	: 	: 	: 	: 	: 	: 	: 	: 	: 	: 	: 	: 	: 	: 	: 	: 	: 	: 	: 	: 	: 	: 	: 	: 	: 	: 	: 	: 	: 	: 	: 	: 	: 	: 	: 	: 	: 	: 	: 	: 	: 	: 	: 	: 	: 	: 	: 	: 	: 	: 	: 	: 	: 	: 	: 	: 	: 	: 	: 	: 	: 	: 	: 	: 	: 	: 	: 	: 	: 	: 	: 	: 	: 	: 	: 	: 	: 	: 	: 	: 	: 	: 	: 	: 	: 	: 	: 	: 	: 	: 	: 	: 	: 	: 	: 	: 	: 	: 	: 	: 	: 	: 	: 	: 	: 	: 	: 	: 	: 	: 	: 	: 	: 	: 	: 	: 	: 	: 	: 	: 	: 	: 	: 	: 	: 	: 	: 	: 	: 	: 	: 	: 	: 	: 	: 	: 	: 	: 	: 
SEAT,ST_PAS,SK_LZKZ_UK_EGGW	38160 	32940 	10980 	12240 	12600 	13320 	11520 	10260 	11160 	37980 	41760 	38520 	33300 	12780 	12240 	12960 	12960 	14400 	14400 	13320 	12960 	12240 	12240 	10440 	10620 	151560 	32400 	44460 	37080 	32040 	10440 	10800 	11160 	12960 	15840 	15660 	15120 	11160 	10800 	11160 	10080 	10800 	145980 	32760 	44640 	27000 	23761 	10440 	11160 	11160 	12960 	15480 	16200 	11520 	7920 	7560 	7920 	7201 	8640 	128161 	: 	: 	: 	: 	: 	: 	: 	: 	: 	: 	: 	: 	: 	: 	: 	: 	: 	: 	: 	: 	: 	: 	: 	: 	: 	: 	: 	: 	: 	: 	: 	: 	: 	: 	: 	: 	: 	: 	: 	: 	: 	: 	: 	: 	: 	: 	: 	: 	: 	: 	: 	: 	: 	: 	: 	: 	: 	: 	: 	: 	: 	: 	: 	: 	: 	: 	: 	: 	0 	7329 	19181 	11008 	: 	0 	: 	: 	3935 	3394 	12792 	3019 	3370 	3478 	3311 	4219 	37518 	15200 	15496 	11628 	11622 	5066 	5066 	5068 	5066 	5364 	5066 	3874 	3880 	3874 	3874 	3874 	3874 	53946 	: 	: 	: 	: 	: 	: 	: 	: 	: 	: 	: 	: 	: 	: 	: 	: 	: 	: 	: 	: 	: 	: 	: 	: 	: 	: 	: 	: 	: 	: 	: 	: 	: 	: 	: 	: 	: 	: 	: 	: 	: 	: 	: 	: 	: 	: 	: 	: 	: 	: 	: 	: 	: 	: 	: 	: 	: 	: 	: 	: 	: 	: 	: 	: 	: 	: 	: 	: 	: 	: 	: 	: 	: 	: 	: 	: 
SEAT,ST_PAS_ARR,SK_LZ99_AT_LO99	: 	: 	: 	: 	: 	: 	: 	: 	: 	: 	: 	: 	: 	: 	: 	: 	: 	: 	: 	: 	: 	: 	: 	: 	: 	: 	: 	: 	: 	: 	: 	: 	: 	: 	: 	: 	: 	: 	: 	: 	: 	: 	: 	: 	: 	: 	: 	: 	: 	: 	: 	: 	: 	: 	: 	: 	: 	: 	: 	: 	: 	: 	: 	: 	: 	: 	: 	: 	: 	: 	: 	: 	: 	: 	: 	: 	: 	: 	: 	: 	: 	: 	: 	: 	: 	: 	: 	: 	: 	: 	: 	: 	: 	: 	: 	: 	: 	: 	: 	: 	: 	: 	: 	: 	: 	: 	: 	: 	: 	: 	: 	: 	: 	: 	: 	: 	: 	: 	: 	: 	: 	: 	: 	: 	: 	: 	: 	: 	: 	: 	: 	: 	: 	: 	: 	: 	: 	: 	: 	: 	: 	: 	: 	: 	: 	: 	: 	: 	: 	: 	: 	: 	: 	: 	: 	: 	: 	: 	: 	: 	: 	: 	: 	: 	: 	: 	: 	: 	: 	: 	: 	: 	: 	: 	: 	: 	: 	: 	: 	: 	: 	: 	: 	: 	: 	: 	: 	: 	: 	: 	: 	: 	: 	: 	: 	: 	306632 	8137 	7692 	506315 	102009 	202029 	2594 	2691 	2772 	2674 	2676 	2594 	2422 	402366 	1850 	102099 	828776 	1005698 	106450 	6260 	5388 	301847 	601752 	102099 	102193 	2145 	2112 	2200 	2109 	1951 	1123796 	: 	: 	: 	: 	: 	: 	: 	: 	: 	: 	: 
SEAT,ST_PAS_ARR,SK_LZ99_BE_EB99	: 	: 	: 	: 	: 	: 	: 	: 	: 	: 	: 	: 	: 	: 	: 	: 	: 	: 	: 	: 	: 	: 	: 	: 	: 	: 	: 	: 	: 	: 	: 	: 	: 	: 	: 	: 	: 	: 	: 	: 	: 	: 	: 	: 	: 	: 	: 	: 	: 	: 	: 	: 	: 	: 	: 	: 	: 	: 	: 	: 	: 	: 	: 	: 	: 	: 	: 	: 	: 	: 	: 	: 	: 	: 	: 	: 	: 	: 	: 	: 	: 	: 	: 	: 	: 	: 	: 	: 	: 	: 	: 	: 	: 	: 	: 	: 	: 	: 	: 	: 	: 	: 	: 	: 	: 	: 	: 	: 	: 	: 	: 	: 	: 	: 	: 	: 	: 	: 	: 	: 	: 	: 	: 	: 	: 	: 	: 	: 	: 	: 	: 	: 	: 	: 	: 	: 	: 	: 	: 	: 	: 	: 	: 	: 	: 	: 	: 	: 	: 	: 	: 	: 	: 	: 	: 	: 	: 	: 	: 	: 	: 	: 	: 	: 	: 	: 	: 	: 	: 	: 	: 	: 	: 	: 	: 	: 	: 	: 	: 	: 	: 	: 	: 	: 	: 	: 	: 	: 	: 	: 	: 	: 	: 	: 	: 	: 	11574 	10573 	12829 	6346 	3613 	4286 	3675 	4138 	3180 	3255 	4305 	4644 	3880 	2666 	2240 	1440 	41322 	: 	: 	: 	: 	: 	: 	: 	: 	: 	: 	: 	: 	: 	: 	: 	: 	: 	: 	: 	: 	: 	: 	: 	: 	: 
SEAT,ST_PAS_ARR,SK_LZ99_BG_LB99	: 	: 	: 	: 	: 	: 	: 	: 	: 	: 	: 	: 	: 	: 	: 	: 	: 	: 	: 	: 	: 	: 	: 	: 	: 	: 	: 	: 	: 	: 	: 	: 	: 	: 	: 	: 	: 	: 	: 	: 	: 	: 	: 	: 	: 	: 	: 	: 	: 	: 	: 	: 	: 	: 	: 	: 	: 	: 	: 	: 	: 	: 	: 	: 	: 	: 	: 	: 	: 	: 	: 	: 	: 	: 	: 	: 	: 	: 	: 	: 	: 	: 	: 	: 	: 	: 	: 	: 	: 	: 	: 	: 	: 	: 	: 	: 	: 	: 	: 	: 	: 	: 	: 	: 	: 	: 	: 	: 	: 	: 	: 	: 	: 	: 	: 	: 	: 	: 	: 	: 	: 	: 	: 	: 	: 	: 	: 	: 	: 	: 	: 	: 	: 	: 	: 	: 	: 	: 	: 	: 	: 	: 	: 	: 	: 	: 	: 	: 	: 	: 	: 	: 	: 	: 	: 	: 	: 	: 	: 	: 	: 	: 	: 	: 	: 	: 	: 	: 	: 	: 	: 	: 	: 	: 	: 	: 	: 	: 	: 	: 	: 	: 	: 	: 	: 	: 	: 	: 	: 	: 	: 	: 	: 	: 	: 	: 	1390 	22577 	3241 	: 	1390 	: 	: 	3551 	9435 	9591 	3241 	: 	: 	: 	: 	: 	27208 	99999 	116682 	2474 	175 	: 	99999 	: 	101881 	7169 	7632 	2474 	: 	: 	219330 	48 	13527 	1678 	48 	15301 	222 	9234 	990 	304 	10750 	: 
SEAT,ST_PAS_ARR,SK_LZ99_CZ_LK99	: 	: 	: 	: 	: 	: 	: 	: 	: 	: 	: 	: 	: 	: 	: 	: 	: 	: 	: 	: 	: 	: 	: 	: 	: 	: 	: 	: 	: 	: 	: 	: 	: 	: 	: 	: 	: 	: 	: 	: 	: 	: 	: 	: 	: 	: 	: 	: 	: 	: 	: 	: 	: 	: 	: 	: 	: 	: 	: 	: 	: 	: 	: 	: 	: 	: 	: 	: 	: 	: 	: 	: 	: 	: 	: 	: 	: 	: 	: 	: 	: 	: 	: 	: 	: 	: 	: 	: 	: 	: 	: 	: 	: 	: 	: 	: 	: 	: 	: 	: 	: 	: 	: 	: 	: 	: 	: 	: 	: 	: 	: 	: 	: 	: 	: 	: 	: 	: 	: 	: 	: 	: 	: 	: 	: 	: 	: 	: 	: 	: 	: 	: 	: 	: 	: 	: 	: 	: 	: 	: 	: 	: 	: 	: 	: 	: 	: 	: 	: 	: 	: 	: 	: 	: 	: 	: 	: 	: 	: 	: 	: 	: 	: 	: 	: 	: 	: 	: 	: 	: 	: 	: 	: 	: 	: 	: 	: 	: 	: 	: 	: 	: 	: 	: 	: 	: 	: 	: 	: 	: 	: 	: 	: 	: 	: 	: 	738601 	41814 	40384 	838308 	412171 	312871 	13559 	13399 	14190 	14225 	13737 	13292 	13355 	413488 	211853 	212967 	1659107 	1639781 	741928 	40163 	34888 	13630 	613592 	1012559 	713592 	13867 	14469 	13467 	13685 	13011 	2456760 	35821 	37269 	35540 	31573 	140203 	32107 	31756 	29593 	14064 	107520 	: 
SEAT,ST_PAS_ARR,SK_LZ99_DE_ED99	: 	: 	: 	: 	: 	: 	: 	: 	: 	: 	: 	: 	: 	: 	: 	: 	: 	: 	: 	: 	: 	: 	: 	: 	: 	: 	: 	: 	: 	: 	: 	: 	: 	: 	: 	: 	: 	: 	: 	: 	: 	: 	: 	: 	: 	: 	: 	: 	: 	: 	: 	: 	: 	: 	: 	: 	: 	: 	: 	: 	: 	: 	: 	: 	: 	: 	: 	: 	: 	: 	: 	: 	: 	: 	: 	: 	: 	: 	: 	: 	: 	: 	: 	: 	: 	: 	: 	: 	: 	: 	: 	: 	: 	: 	: 	: 	: 	: 	: 	: 	: 	: 	: 	: 	: 	: 	: 	: 	: 	: 	: 	: 	: 	: 	: 	: 	: 	: 	: 	: 	: 	: 	: 	: 	: 	: 	: 	: 	: 	: 	: 	: 	: 	: 	: 	: 	: 	: 	: 	: 	: 	: 	: 	: 	: 	: 	: 	: 	: 	: 	: 	: 	: 	: 	: 	: 	: 	: 	: 	: 	: 	: 	: 	: 	: 	: 	: 	: 	: 	: 	: 	: 	: 	: 	: 	: 	: 	: 	: 	: 	: 	: 	: 	: 	: 	: 	: 	: 	: 	: 	: 	: 	: 	: 	: 	: 	1032870 	17164 	19382 	1826045 	512806 	513762 	6302 	5806 	5818 	5540 	6340 	5705 	7337 	909224 	308275 	608546 	2895461 	1721813 	413207 	9886 	5349 	611862 	605778 	504173 	404198 	4680 	4329 	4306 	4085 	1495 	2150255 	: 	: 	: 	: 	: 	: 	: 	: 	: 	: 	: 
SEAT,ST_PAS_ARR,SK_LZ99_EG_HE99	: 	: 	: 	: 	: 	: 	: 	: 	: 	: 	: 	: 	: 	: 	: 	: 	: 	: 	: 	: 	: 	: 	: 	: 	: 	: 	: 	: 	: 	: 	: 	: 	: 	: 	: 	: 	: 	: 	: 	: 	: 	: 	: 	: 	: 	: 	: 	: 	: 	: 	: 	: 	: 	: 	: 	: 	: 	: 	: 	: 	: 	: 	: 	: 	: 	: 	: 	: 	: 	: 	: 	: 	: 	: 	: 	: 	: 	: 	: 	: 	: 	: 	: 	: 	: 	: 	: 	: 	: 	: 	: 	: 	: 	: 	: 	: 	: 	: 	: 	: 	: 	: 	: 	: 	: 	: 	: 	: 	: 	: 	: 	: 	: 	: 	: 	: 	: 	: 	: 	: 	: 	: 	: 	: 	: 	: 	: 	: 	: 	: 	: 	: 	: 	: 	: 	: 	: 	: 	: 	: 	: 	: 	: 	: 	: 	: 	: 	: 	: 	: 	: 	: 	: 	: 	: 	: 	: 	: 	: 	: 	: 	: 	: 	: 	: 	: 	: 	: 	: 	: 	: 	: 	: 	: 	: 	: 	: 	: 	: 	: 	: 	: 	: 	: 	: 	: 	: 	: 	: 	: 	: 	: 	: 	: 	: 	: 	7780 	26438 	22089 	3056 	1305 	1184 	5291 	6791 	8897 	10750 	10634 	8489 	2966 	1504 	664 	888 	59363 	813888 	232628 	19787 	3459 	1924 	3048 	808916 	210063 	11078 	11487 	10628 	7194 	1965 	1069762 	10916 	14208 	5186 	2394 	32704 	6454 	9344 	5360 	: 	21158 	: 
SEAT,ST_PAS_ARR,SK_LZ99_EL_LG99	: 	: 	: 	: 	: 	: 	: 	: 	: 	: 	: 	: 	: 	: 	: 	: 	: 	: 	: 	: 	: 	: 	: 	: 	: 	: 	: 	: 	: 	: 	: 	: 	: 	: 	: 	: 	: 	: 	: 	: 	: 	: 	: 	: 	: 	: 	: 	: 	: 	: 	: 	: 	: 	: 	: 	: 	: 	: 	: 	: 	: 	: 	: 	: 	: 	: 	: 	: 	: 	: 	: 	: 	: 	: 	: 	: 	: 	: 	: 	: 	: 	: 	: 	: 	: 	: 	: 	: 	: 	: 	: 	: 	: 	: 	: 	: 	: 	: 	: 	: 	: 	: 	: 	: 	: 	: 	: 	: 	: 	: 	: 	: 	: 	: 	: 	: 	: 	: 	: 	: 	: 	: 	: 	: 	: 	: 	: 	: 	: 	: 	: 	: 	: 	: 	: 	: 	: 	: 	: 	: 	: 	: 	: 	: 	: 	: 	: 	: 	: 	: 	: 	: 	: 	: 	: 	: 	: 	: 	: 	: 	: 	: 	: 	: 	: 	: 	: 	: 	: 	: 	: 	: 	: 	: 	: 	: 	: 	: 	: 	: 	: 	: 	: 	: 	: 	: 	: 	: 	: 	: 	: 	: 	: 	: 	: 	: 	100975 	51880 	13467 	148 	99999 	: 	976 	14617 	18263 	19000 	12920 	547 	: 	: 	: 	148 	166470 	1227 	45070 	11570 	389 	399 	: 	828 	13151 	16527 	15392 	10875 	695 	: 	58256 	827 	44412 	10672 	400 	56311 	2268 	32081 	9207 	: 	43556 	: 
SEAT,ST_PAS_ARR,SK_LZ99_ES_LE99	: 	: 	: 	: 	: 	: 	: 	: 	: 	: 	: 	: 	: 	: 	: 	: 	: 	: 	: 	: 	: 	: 	: 	: 	: 	: 	: 	: 	: 	: 	: 	: 	: 	: 	: 	: 	: 	: 	: 	: 	: 	: 	: 	: 	: 	: 	: 	: 	: 	: 	: 	: 	: 	: 	: 	: 	: 	: 	: 	: 	: 	: 	: 	: 	: 	: 	: 	: 	: 	: 	: 	: 	: 	: 	: 	: 	: 	: 	: 	: 	: 	: 	: 	: 	: 	: 	: 	: 	: 	: 	: 	: 	: 	: 	: 	: 	: 	: 	: 	: 	: 	: 	: 	: 	: 	: 	: 	: 	: 	: 	: 	: 	: 	: 	: 	: 	: 	: 	: 	: 	: 	: 	: 	: 	: 	: 	: 	: 	: 	: 	: 	: 	: 	: 	: 	: 	: 	: 	: 	: 	: 	: 	: 	: 	: 	: 	: 	: 	: 	: 	: 	: 	: 	: 	: 	: 	: 	: 	: 	: 	: 	: 	: 	: 	: 	: 	: 	: 	: 	: 	: 	: 	: 	: 	: 	: 	: 	: 	: 	: 	: 	: 	: 	: 	: 	: 	: 	: 	: 	: 	: 	: 	: 	: 	: 	: 	104881 	14423 	6214 	3568 	1241 	101768 	1872 	4270 	5215 	4938 	3699 	1205 	1310 	1314 	1057 	1197 	129086 	3584 	11752 	5352 	256 	1064 	1190 	1330 	2928 	4442 	4382 	3061 	1345 	946 	20944 	: 	: 	: 	: 	: 	: 	: 	: 	: 	: 	: 
SEAT,ST_PAS_ARR,SK_LZ99_FR_LF99	: 	: 	: 	: 	: 	: 	: 	: 	: 	: 	: 	: 	: 	: 	: 	: 	: 	: 	: 	: 	: 	: 	: 	: 	: 	: 	: 	: 	: 	: 	: 	: 	: 	: 	: 	: 	: 	: 	: 	: 	: 	: 	: 	: 	: 	: 	: 	: 	: 	: 	: 	: 	: 	: 	: 	: 	: 	: 	: 	: 	: 	: 	: 	: 	: 	: 	: 	: 	: 	: 	: 	: 	: 	: 	: 	: 	: 	: 	: 	: 	: 	: 	: 	: 	: 	: 	: 	: 	: 	: 	: 	: 	: 	: 	: 	: 	: 	: 	: 	: 	: 	: 	: 	: 	: 	: 	: 	: 	: 	: 	: 	: 	: 	: 	: 	: 	: 	: 	: 	: 	: 	: 	: 	: 	: 	: 	: 	: 	: 	: 	: 	: 	: 	: 	: 	: 	: 	: 	: 	: 	: 	: 	: 	: 	: 	: 	: 	: 	: 	: 	: 	: 	: 	: 	: 	: 	: 	: 	: 	: 	: 	: 	: 	: 	: 	: 	: 	: 	: 	: 	: 	: 	: 	: 	: 	: 	: 	: 	: 	: 	: 	: 	: 	: 	: 	: 	: 	: 	: 	: 	: 	: 	: 	: 	: 	: 	128193 	20968 	25249 	114684 	8979 	110191 	9023 	7824 	6599 	6545 	7618 	8789 	8842 	5439 	4788 	104457 	289094 	621454 	322117 	21950 	8939 	105314 	207276 	308864 	307465 	7243 	7409 	7730 	10200 	4020 	974460 	11692 	2987 	58 	134 	14871 	: 	: 	: 	: 	: 	: 
SEAT,ST_PAS_ARR,SK_LZ99_HR_LD99	: 	: 	: 	: 	: 	: 	: 	: 	: 	: 	: 	: 	: 	: 	: 	: 	: 	: 	: 	: 	: 	: 	: 	: 	: 	: 	: 	: 	: 	: 	: 	: 	: 	: 	: 	: 	: 	: 	: 	: 	: 	: 	: 	: 	: 	: 	: 	: 	: 	: 	: 	: 	: 	: 	: 	: 	: 	: 	: 	: 	: 	: 	: 	: 	: 	: 	: 	: 	: 	: 	: 	: 	: 	: 	: 	: 	: 	: 	: 	: 	: 	: 	: 	: 	: 	: 	: 	: 	: 	: 	: 	: 	: 	: 	: 	: 	: 	: 	: 	: 	: 	: 	: 	: 	: 	: 	: 	: 	: 	: 	: 	: 	: 	: 	: 	: 	: 	: 	: 	: 	: 	: 	: 	: 	: 	: 	: 	: 	: 	: 	: 	: 	: 	: 	: 	: 	: 	: 	: 	: 	: 	: 	: 	: 	: 	: 	: 	: 	: 	: 	: 	: 	: 	: 	: 	: 	: 	: 	: 	: 	: 	: 	: 	: 	: 	: 	: 	: 	: 	: 	: 	: 	: 	: 	: 	: 	: 	: 	: 	: 	: 	: 	: 	: 	: 	: 	: 	: 	: 	: 	: 	: 	: 	: 	: 	: 	407 	12948 	4302 	10 	377 	30 	: 	3226 	4881 	4841 	3302 	1000 	0 	0 	0 	10 	17667 	: 	: 	: 	: 	: 	: 	: 	: 	: 	: 	: 	: 	: 	: 	: 	: 	: 	: 	: 	: 	: 	: 	: 	: 	: 
SEAT,ST_PAS_ARR,SK_LZ99_IN_VI99	: 	: 	: 	: 	: 	: 	: 	: 	: 	: 	: 	: 	: 	: 	: 	: 	: 	: 	: 	: 	: 	: 	: 	: 	: 	: 	: 	: 	: 	: 	: 	: 	: 	: 	: 	: 	: 	: 	: 	: 	: 	: 	: 	: 	: 	: 	: 	: 	: 	: 	: 	: 	: 	: 	: 	: 	: 	: 	: 	: 	: 	: 	: 	: 	: 	: 	: 	: 	: 	: 	: 	: 	: 	: 	: 	: 	: 	: 	: 	: 	: 	: 	: 	: 	: 	: 	: 	: 	: 	: 	: 	: 	: 	: 	: 	: 	: 	: 	: 	: 	: 	: 	: 	: 	: 	: 	: 	: 	: 	: 	: 	: 	: 	: 	: 	: 	: 	: 	: 	: 	: 	: 	: 	: 	: 	: 	: 	: 	: 	: 	: 	: 	: 	: 	: 	: 	: 	: 	: 	: 	: 	: 	: 	: 	: 	: 	: 	: 	: 	: 	: 	: 	: 	: 	: 	: 	: 	: 	: 	: 	: 	: 	: 	: 	: 	: 	: 	: 	: 	: 	: 	: 	: 	: 	: 	: 	: 	: 	: 	: 	: 	: 	: 	: 	: 	: 	: 	: 	: 	: 	: 	: 	: 	: 	: 	: 	6732 	7344 	6528 	109210 	2040 	2040 	2652 	1836 	3264 	2244 	1428 	1428 	3672 	103875 	3295 	2040 	129814 	: 	: 	: 	: 	: 	: 	: 	: 	: 	: 	: 	: 	: 	: 	: 	: 	: 	: 	: 	: 	: 	: 	: 	: 	: 
SEAT,ST_PAS_ARR,SK_LZ99_IT_LI99	: 	: 	: 	: 	: 	: 	: 	: 	: 	: 	: 	: 	: 	: 	: 	: 	: 	: 	: 	: 	: 	: 	: 	: 	: 	: 	: 	: 	: 	: 	: 	: 	: 	: 	: 	: 	: 	: 	: 	: 	: 	: 	: 	: 	: 	: 	: 	: 	: 	: 	: 	: 	: 	: 	: 	: 	: 	: 	: 	: 	: 	: 	: 	: 	: 	: 	: 	: 	: 	: 	: 	: 	: 	: 	: 	: 	: 	: 	: 	: 	: 	: 	: 	: 	: 	: 	: 	: 	: 	: 	: 	: 	: 	: 	: 	: 	: 	: 	: 	: 	: 	: 	: 	: 	: 	: 	: 	: 	: 	: 	: 	: 	: 	: 	: 	: 	: 	: 	: 	: 	: 	: 	: 	: 	: 	: 	: 	: 	: 	: 	: 	: 	: 	: 	: 	: 	: 	: 	: 	: 	: 	: 	: 	: 	: 	: 	: 	: 	: 	: 	: 	: 	: 	: 	: 	: 	: 	: 	: 	: 	: 	: 	: 	: 	: 	: 	: 	: 	: 	: 	: 	: 	: 	: 	: 	: 	: 	: 	: 	: 	: 	: 	: 	: 	: 	: 	: 	: 	: 	: 	: 	: 	: 	: 	: 	: 	539956 	22539 	24690 	321755 	313065 	214175 	12716 	7562 	7647 	7330 	7393 	8344 	8953 	8533 	207020 	106202 	908940 	516763 	312112 	11359 	4266 	105776 	206629 	204358 	305324 	3562 	3226 	3799 	4203 	3357 	844500 	: 	: 	: 	: 	: 	: 	: 	: 	: 	: 	: 
SEAT,ST_PAS_ARR,SK_LZ99_NL_EH99	: 	: 	: 	: 	: 	: 	: 	: 	: 	: 	: 	: 	: 	: 	: 	: 	: 	: 	: 	: 	: 	: 	: 	: 	: 	: 	: 	: 	: 	: 	: 	: 	: 	: 	: 	: 	: 	: 	: 	: 	: 	: 	: 	: 	: 	: 	: 	: 	: 	: 	: 	: 	: 	: 	: 	: 	: 	: 	: 	: 	: 	: 	: 	: 	: 	: 	: 	: 	: 	: 	: 	: 	: 	: 	: 	: 	: 	: 	: 	: 	: 	: 	: 	: 	: 	: 	: 	: 	: 	: 	: 	: 	: 	: 	: 	: 	: 	: 	: 	: 	: 	: 	: 	: 	: 	: 	: 	: 	: 	: 	: 	: 	: 	: 	: 	: 	: 	: 	: 	: 	: 	: 	: 	: 	: 	: 	: 	: 	: 	: 	: 	: 	: 	: 	: 	: 	: 	: 	: 	: 	: 	: 	: 	: 	: 	: 	: 	: 	: 	: 	: 	: 	: 	: 	: 	: 	: 	: 	: 	: 	: 	: 	: 	: 	: 	: 	: 	: 	: 	: 	: 	: 	: 	: 	: 	: 	: 	: 	: 	: 	: 	: 	: 	: 	: 	: 	: 	: 	: 	: 	: 	: 	: 	: 	: 	: 	210589 	10833 	12522 	8143 	103142 	103324 	4123 	3736 	3624 	3473 	3946 	4136 	4440 	2941 	2660 	2542 	242087 	8196 	106890 	6909 	402 	2979 	2793 	2424 	102260 	2369 	2261 	2265 	2433 	2211 	122397 	: 	: 	: 	: 	: 	: 	: 	: 	: 	: 	: 
SEAT,ST_PAS_ARR,SK_LZ99_RU_UU99	: 	: 	: 	: 	: 	: 	: 	: 	: 	: 	: 	: 	: 	: 	: 	: 	: 	: 	: 	: 	: 	: 	: 	: 	: 	: 	: 	: 	: 	: 	: 	: 	: 	: 	: 	: 	: 	: 	: 	: 	: 	: 	: 	: 	: 	: 	: 	: 	: 	: 	: 	: 	: 	: 	: 	: 	: 	: 	: 	: 	: 	: 	: 	: 	: 	: 	: 	: 	: 	: 	: 	: 	: 	: 	: 	: 	: 	: 	: 	: 	: 	: 	: 	: 	: 	: 	: 	: 	: 	: 	: 	: 	: 	: 	: 	: 	: 	: 	: 	: 	: 	: 	: 	: 	: 	: 	: 	: 	: 	: 	: 	: 	: 	: 	: 	: 	: 	: 	: 	: 	: 	: 	: 	: 	: 	: 	: 	: 	: 	: 	: 	: 	: 	: 	: 	: 	: 	: 	: 	: 	: 	: 	: 	: 	: 	: 	: 	: 	: 	: 	: 	: 	: 	: 	: 	: 	: 	: 	: 	: 	: 	: 	: 	: 	: 	: 	: 	: 	: 	: 	: 	: 	: 	: 	: 	: 	: 	: 	: 	: 	: 	: 	: 	: 	: 	: 	: 	: 	: 	: 	: 	: 	: 	: 	: 	: 	206190 	5588 	7738 	205583 	101784 	101975 	2431 	1800 	1890 	1898 	2520 	2878 	2340 	1397 	101819 	102367 	425099 	107468 	107552 	7451 	7646 	102226 	2552 	2690 	102444 	2743 	2365 	2244 	2688 	2519 	230117 	7411 	6060 	5961 	5929 	25361 	5802 	6338 	6395 	: 	18535 	: 
SEAT,ST_PAS_ARR,SK_LZ99_SK_LZ99	: 	: 	: 	: 	: 	: 	: 	: 	: 	: 	: 	: 	: 	: 	: 	: 	: 	: 	: 	: 	: 	: 	: 	: 	: 	: 	: 	: 	: 	: 	: 	: 	: 	: 	: 	: 	: 	: 	: 	: 	: 	: 	: 	: 	: 	: 	: 	: 	: 	: 	: 	: 	: 	: 	: 	: 	: 	: 	: 	: 	: 	: 	: 	: 	: 	: 	: 	: 	: 	: 	: 	: 	: 	: 	: 	: 	: 	: 	: 	: 	: 	: 	: 	: 	: 	: 	: 	: 	: 	: 	: 	: 	: 	: 	: 	: 	: 	: 	: 	: 	: 	: 	: 	: 	: 	: 	: 	: 	: 	: 	: 	: 	: 	: 	: 	: 	: 	: 	: 	: 	: 	: 	: 	: 	: 	: 	: 	: 	: 	: 	: 	: 	: 	: 	: 	: 	: 	: 	: 	: 	: 	: 	: 	: 	: 	: 	: 	: 	: 	: 	: 	: 	: 	: 	: 	: 	: 	: 	: 	: 	: 	: 	: 	: 	: 	: 	: 	: 	: 	: 	: 	: 	: 	: 	: 	: 	: 	: 	: 	: 	: 	: 	: 	: 	: 	: 	: 	: 	: 	: 	: 	: 	: 	: 	: 	: 	239822 	32007 	37440 	417365 	213103 	13080 	13639 	11925 	10669 	9413 	11239 	12135 	14066 	207377 	5460 	204528 	726634 	512775 	215344 	14644 	15266 	103839 	104559 	304377 	205394 	5027 	4923 	5185 	4970 	4489 	758029 	16618 	17685 	13604 	9535 	57442 	12750 	12706 	17547 	5106 	48109 	: 
SEAT,ST_PAS_ARR,SK_LZ99_TN_DT99	: 	: 	: 	: 	: 	: 	: 	: 	: 	: 	: 	: 	: 	: 	: 	: 	: 	: 	: 	: 	: 	: 	: 	: 	: 	: 	: 	: 	: 	: 	: 	: 	: 	: 	: 	: 	: 	: 	: 	: 	: 	: 	: 	: 	: 	: 	: 	: 	: 	: 	: 	: 	: 	: 	: 	: 	: 	: 	: 	: 	: 	: 	: 	: 	: 	: 	: 	: 	: 	: 	: 	: 	: 	: 	: 	: 	: 	: 	: 	: 	: 	: 	: 	: 	: 	: 	: 	: 	: 	: 	: 	: 	: 	: 	: 	: 	: 	: 	: 	: 	: 	: 	: 	: 	: 	: 	: 	: 	: 	: 	: 	: 	: 	: 	: 	: 	: 	: 	: 	: 	: 	: 	: 	: 	: 	: 	: 	: 	: 	: 	: 	: 	: 	: 	: 	: 	: 	: 	: 	: 	: 	: 	: 	: 	: 	: 	: 	: 	: 	: 	: 	: 	: 	: 	: 	: 	: 	: 	: 	: 	: 	: 	: 	: 	: 	: 	: 	: 	: 	: 	: 	: 	: 	: 	: 	: 	: 	: 	: 	: 	: 	: 	: 	: 	: 	: 	: 	: 	: 	: 	: 	: 	: 	: 	: 	: 	1849 	31589 	10250 	126 	: 	: 	1849 	9050 	11388 	11151 	8728 	1522 	: 	: 	: 	126 	43814 	101868 	23254 	7628 	: 	: 	: 	101868 	6958 	8132 	8164 	5356 	2272 	: 	132750 	1692 	15402 	5578 	: 	22672 	1092 	10563 	4308 	: 	15963 	: 
SEAT,ST_PAS_ARR,SK_LZ99_TR_LT99	: 	: 	: 	: 	: 	: 	: 	: 	: 	: 	: 	: 	: 	: 	: 	: 	: 	: 	: 	: 	: 	: 	: 	: 	: 	: 	: 	: 	: 	: 	: 	: 	: 	: 	: 	: 	: 	: 	: 	: 	: 	: 	: 	: 	: 	: 	: 	: 	: 	: 	: 	: 	: 	: 	: 	: 	: 	: 	: 	: 	: 	: 	: 	: 	: 	: 	: 	: 	: 	: 	: 	: 	: 	: 	: 	: 	: 	: 	: 	: 	: 	: 	: 	: 	: 	: 	: 	: 	: 	: 	: 	: 	: 	: 	: 	: 	: 	: 	: 	: 	: 	: 	: 	: 	: 	: 	: 	: 	: 	: 	: 	: 	: 	: 	: 	: 	: 	: 	: 	: 	: 	: 	: 	: 	: 	: 	: 	: 	: 	: 	: 	: 	: 	: 	: 	: 	: 	: 	: 	: 	: 	: 	: 	: 	: 	: 	: 	: 	: 	: 	: 	: 	: 	: 	: 	: 	: 	: 	: 	: 	: 	: 	: 	: 	: 	: 	: 	: 	: 	: 	: 	: 	: 	: 	: 	: 	: 	: 	: 	: 	: 	: 	: 	: 	: 	: 	: 	: 	: 	: 	: 	: 	: 	: 	: 	: 	444 	15322 	5099 	: 	: 	: 	444 	4616 	5202 	5504 	5099 	: 	: 	: 	: 	: 	20865 	100345 	118283 	4829 	: 	99999 	: 	346 	106016 	6062 	6205 	4827 	: 	2 	223457 	123 	10715 	2688 	8 	13534 	444 	20334 	5190 	: 	25968 	: 
SEAT,ST_PAS_ARR,SK_LZ99_UK_EG99	: 	: 	: 	: 	: 	: 	: 	: 	: 	: 	: 	: 	: 	: 	: 	: 	: 	: 	: 	: 	: 	: 	: 	: 	: 	: 	: 	: 	: 	: 	: 	: 	: 	: 	: 	: 	: 	: 	: 	: 	: 	: 	: 	: 	: 	: 	: 	: 	: 	: 	: 	: 	: 	: 	: 	: 	: 	: 	: 	: 	: 	: 	: 	: 	: 	: 	: 	: 	: 	: 	: 	: 	: 	: 	: 	: 	: 	: 	: 	: 	: 	: 	: 	: 	: 	: 	: 	: 	: 	: 	: 	: 	: 	: 	: 	: 	: 	: 	: 	: 	: 	: 	: 	: 	: 	: 	: 	: 	: 	: 	: 	: 	: 	: 	: 	: 	: 	: 	: 	: 	: 	: 	: 	: 	: 	: 	: 	: 	: 	: 	: 	: 	: 	: 	: 	: 	: 	: 	: 	: 	: 	: 	: 	: 	: 	: 	: 	: 	: 	: 	: 	: 	: 	: 	: 	: 	: 	: 	: 	: 	: 	: 	: 	: 	: 	: 	: 	: 	: 	: 	: 	: 	: 	: 	: 	: 	: 	: 	: 	: 	: 	: 	: 	: 	: 	: 	: 	: 	: 	: 	: 	: 	: 	: 	: 	: 	763934 	43576 	41090 	134804 	423041 	324428 	16465 	13969 	14892 	14715 	13076 	12678 	15336 	12916 	110697 	11191 	983404 	326256 	28606 	25130 	19118 	9409 	208008 	108839 	8229 	10636 	9741 	7204 	9886 	8040 	399110 	15819 	8218 	0 	: 	24037 	: 	: 	: 	: 	: 	: 
SEAT,ST_PAS_ARR,SK_LZIB_AE_OMDB	7167 	9078 	2262 	2262 	2466 	2439 	2958 	2784 	3336 	9048 	7967 	7134 	6960 	3480 	3132 	2436 	3099 	2258 	2610 	2262 	2436 	2436 	2262 	2088 	2610 	31109 	6134 	6612 	6812 	6438 	2262 	2078 	1794 	2088 	2262 	2262 	2267 	2267 	2278 	2262 	2088 	2088 	25996 	: 	: 	: 	: 	: 	: 	: 	: 	: 	: 	: 	: 	: 	: 	: 	: 	: 	: 	: 	: 	: 	: 	: 	: 	: 	: 	: 	: 	: 	: 	: 	: 	: 	: 	: 	: 	: 	: 	: 	: 	: 	: 	: 	: 	: 	: 	: 	: 	: 	: 	: 	: 	: 	: 	: 	: 	: 	: 	: 	: 	: 	: 	: 	: 	: 	: 	: 	: 	: 	: 	: 	: 	: 	: 	: 	: 	: 	: 	: 	: 	: 	: 	: 	: 	: 	: 	: 	: 	: 	: 	: 	: 	: 	: 	: 	: 	: 	: 	: 	: 	: 	: 	: 	: 	: 	: 	: 	: 	: 	: 	: 	: 	: 	: 	: 	: 	: 	: 	: 	: 	: 	: 	: 	: 	: 	: 	: 	: 	: 	: 	: 	: 	: 	: 	: 	: 	: 	: 	: 	: 	: 	: 	: 	: 	: 	: 	: 	: 	: 	: 	: 	: 	: 	: 	: 	: 	: 	: 	: 	: 	: 	: 	: 	: 	: 	: 	: 	: 	: 	: 	: 	: 	: 	: 	: 	: 	: 	: 	: 	: 	: 	: 	: 	: 	: 	: 	: 	: 	: 	: 	: 	: 	: 	: 	: 
SEAT,ST_PAS_ARR,SK_LZIB_BE_EBBR	: 	: 	: 	: 	: 	: 	: 	: 	: 	6426 	15167 	13426 	0 	: 	1512 	4914 	5045 	5103 	5019 	4921 	5103 	3402 	0 	0 	0 	35019 	: 	: 	: 	: 	: 	: 	: 	: 	: 	: 	: 	: 	: 	: 	: 	: 	: 	: 	: 	: 	: 	: 	: 	: 	: 	: 	: 	: 	: 	: 	: 	: 	: 	: 	: 	: 	: 	: 	: 	: 	: 	: 	: 	: 	: 	: 	: 	: 	: 	: 	: 	: 	: 	: 	: 	: 	: 	: 	: 	: 	: 	: 	: 	: 	: 	: 	: 	: 	: 	: 	: 	: 	: 	: 	: 	: 	: 	: 	: 	: 	: 	: 	: 	: 	: 	: 	: 	: 	: 	: 	: 	: 	: 	: 	: 	: 	: 	: 	: 	: 	: 	: 	: 	: 	: 	: 	: 	: 	: 	: 	: 	: 	: 	: 	: 	: 	: 	: 	: 	: 	: 	: 	: 	: 	: 	: 	: 	: 	: 	: 	: 	: 	: 	: 	: 	: 	: 	: 	: 	: 	: 	: 	: 	: 	: 	: 	: 	: 	: 	: 	: 	: 	: 	9426 	9543 	11587 	11038 	2554 	3154 	3718 	3081 	3162 	3300 	3900 	4080 	3607 	3600 	3396 	4042 	41594 	: 	: 	: 	: 	: 	: 	: 	: 	: 	: 	: 	: 	: 	: 	: 	: 	: 	: 	: 	: 	: 	: 	: 	: 	: 	: 	: 	: 	: 	: 	: 	: 	: 	: 	: 	: 	: 	: 	: 	: 	: 	: 
SEAT,ST_PAS_ARR,SK_LZIB_BE_EBCI	10017 	7560 	3402 	3402 	3402 	3213 	2835 	2268 	2457 	4158 	: 	1134 	11247 	2457 	1701 	: 	: 	: 	: 	: 	: 	1134 	3120 	3969 	4158 	16539 	10395 	7056 	6426 	9240 	3591 	3969 	2835 	2457 	2205 	2394 	2184 	2037 	2205 	3192 	2835 	3213 	33117 	9072 	7371 	7371 	9450 	3024 	3213 	2835 	2457 	2457 	2457 	2457 	2457 	2457 	3213 	3024 	3213 	33264 	10008 	10017 	9828 	9828 	3213 	3402 	3393 	3402 	3213 	3402 	3213 	3402 	3213 	3402 	3024 	3402 	39681 	10962 	9450 	9635 	9828 	3780 	3213 	3969 	3969 	2646 	2835 	3213 	3213 	3209 	3024 	3213 	3591 	39875 	10395 	10017 	9639 	11718 	3780 	3213 	3402 	3213 	3402 	3402 	3213 	3402 	3024 	3969 	3591 	4158 	41769 	10962 	9261 	8883 	10017 	3591 	3969 	3402 	3024 	3213 	3024 	3213 	3213 	2457 	3591 	3024 	3402 	39123 	9828 	7371 	7378 	189 	3780 	3213 	2835 	2457 	2457 	2457 	2464 	2457 	2457 	189 	: 	: 	24766 	: 	: 	: 	: 	: 	: 	: 	: 	: 	: 	: 	: 	: 	: 	: 	: 	: 	: 	: 	: 	: 	: 	: 	: 	: 	: 	: 	: 	: 	: 	: 	: 	: 	: 	: 	: 	: 	: 	: 	: 	: 	: 	: 	: 	: 	: 	: 	: 	: 	: 	: 	: 	: 	: 	: 	: 	: 	: 	: 	: 	: 	: 	: 	: 	: 	: 	: 	: 	: 	: 	: 	: 	: 	: 	: 	: 	: 	: 	: 	: 	: 	: 	: 	: 	: 	: 	: 	: 	: 	: 	: 	: 	: 
SEAT,ST_PAS_ARR,SK_LZIB_BG_LBBG	3088 	: 	10259 	2899 	189 	: 	: 	: 	: 	: 	24846 	2735 	: 	: 	: 	: 	3277 	10801 	10768 	2735 	: 	: 	: 	: 	: 	27581 	: 	21681 	3200 	: 	: 	: 	: 	2856 	8960 	9865 	3200 	: 	: 	: 	: 	: 	24881 	: 	21837 	2446 	: 	: 	: 	: 	2437 	9584 	9816 	2446 	: 	: 	: 	: 	: 	24283 	: 	91618 	13361 	: 	: 	: 	: 	22352 	20588 	48678 	13361 	: 	: 	: 	: 	: 	104979 	: 	24898 	2844 	: 	: 	: 	: 	3298 	10980 	10620 	2844 	: 	: 	: 	: 	: 	27742 	: 	24882 	2992 	: 	: 	: 	: 	2920 	11013 	10949 	2992 	: 	: 	: 	: 	: 	27874 	: 	18255 	1695 	: 	: 	: 	: 	1723 	8603 	7929 	1695 	: 	0 	: 	: 	: 	19950 	: 	17488 	3164 	: 	: 	: 	: 	2067 	7924 	7497 	3164 	: 	: 	: 	: 	: 	20652 	: 	25244 	5153 	: 	: 	: 	: 	4528 	10059 	10657 	5153 	: 	: 	: 	: 	: 	30397 	: 	21306 	3558 	: 	: 	: 	: 	3456 	8788 	9062 	3558 	: 	: 	: 	: 	: 	24864 	: 	18766 	2482 	: 	: 	: 	: 	2747 	8277 	7742 	2482 	: 	: 	: 	: 	: 	21248 	: 	: 	: 	: 	: 	: 	: 	: 	: 	: 	: 	: 	: 	: 	: 	: 	: 	: 	: 	: 	: 	: 	: 	: 	: 	: 	: 	: 	: 	: 	: 	: 	: 	: 	: 	: 	: 	: 	: 	: 	: 	: 
SEAT,ST_PAS_ARR,SK_LZIB_BG_LBSF	: 	: 	: 	: 	: 	: 	: 	: 	: 	: 	: 	: 	: 	: 	: 	: 	: 	: 	: 	: 	: 	: 	: 	: 	: 	: 	: 	: 	: 	: 	: 	: 	: 	: 	: 	: 	: 	: 	: 	: 	: 	: 	: 	: 	: 	: 	: 	: 	: 	: 	: 	: 	: 	: 	: 	: 	: 	: 	: 	: 	: 	: 	: 	: 	: 	: 	: 	: 	: 	: 	: 	: 	: 	: 	: 	: 	: 	: 	: 	: 	: 	: 	: 	: 	: 	: 	: 	: 	: 	: 	: 	: 	: 	: 	: 	: 	: 	: 	: 	: 	: 	: 	: 	: 	: 	: 	: 	: 	: 	: 	: 	: 	: 	: 	: 	: 	: 	: 	: 	: 	: 	: 	: 	: 	: 	: 	: 	: 	: 	: 	: 	: 	: 	: 	: 	: 	: 	: 	: 	: 	: 	: 	: 	: 	: 	: 	: 	: 	: 	: 	: 	: 	: 	: 	: 	: 	: 	: 	: 	: 	: 	: 	: 	: 	: 	: 	: 	: 	: 	: 	: 	: 	: 	: 	: 	: 	: 	: 	: 	7047 	7825 	7163 	6220 	1897 	2458 	2692 	2958 	2590 	2277 	2545 	2341 	2277 	2490 	1747 	1983 	28255 	: 	: 	: 	: 	: 	: 	: 	: 	: 	: 	: 	: 	: 	: 	: 	: 	: 	: 	: 	: 	: 	: 	: 	: 	: 	: 	: 	: 	: 	: 	: 	: 	: 	: 	: 	: 	: 	: 	: 	: 	: 	: 
SEAT,ST_PAS_ARR,SK_LZIB_CZ_LKPR	: 	: 	: 	: 	: 	: 	: 	: 	: 	5881 	3814 	16119 	15522 	2280 	2151 	1450 	1726 	1080 	1008 	12811 	1940 	1368 	12085 	1873 	1564 	41336 	: 	: 	: 	: 	: 	: 	: 	: 	: 	: 	: 	: 	: 	: 	: 	: 	: 	: 	: 	: 	: 	: 	: 	: 	: 	: 	: 	: 	: 	: 	: 	: 	: 	: 	: 	: 	: 	: 	: 	: 	: 	: 	: 	: 	: 	: 	: 	: 	: 	: 	: 	: 	: 	: 	: 	: 	: 	: 	: 	: 	: 	: 	: 	: 	: 	: 	: 	: 	604 	3249 	9574 	8268 	235 	171 	198 	250 	205 	2794 	3028 	3590 	2956 	2834 	2615 	2819 	21695 	11649 	17039 	15794 	15018 	2949 	3127 	5573 	5532 	5942 	5565 	5301 	5585 	4908 	5442 	4550 	5026 	59500 	16261 	17248 	15691 	16898 	4980 	5644 	5637 	5688 	5749 	5811 	5609 	5157 	4925 	6072 	5055 	5771 	66098 	17104 	17293 	18285 	39304 	5461 	5694 	5949 	5660 	5661 	5972 	6352 	5987 	5946 	12455 	12844 	14005 	91986 	36131 	22419 	22973 	19269 	13008 	14230 	8893 	7104 	7811 	7504 	7617 	8075 	7281 	6757 	6127 	6385 	100792 	19261 	20027 	18931 	18035 	6481 	6187 	6593 	6863 	6756 	6408 	6451 	6287 	6193 	6217 	5682 	6136 	76254 	: 	: 	: 	: 	: 	: 	: 	: 	: 	: 	: 	: 	: 	: 	: 	: 	: 	: 	: 	: 	: 	: 	: 	: 	: 	: 	: 	: 	: 	: 	: 	: 	: 	: 	: 	: 	: 	: 	: 	: 	: 	0 
SEAT,ST_PAS_ARR,SK_LZIB_DE_EDDB	9830 	8509 	3402 	3213 	3215 	3402 	2835 	2646 	3028 	11340 	17389 	17208 	17199 	3024 	2457 	5859 	5671 	5859 	5859 	5678 	5860 	5670 	5859 	5481 	5859 	63136 	: 	: 	: 	: 	: 	: 	: 	: 	: 	: 	: 	: 	: 	: 	: 	: 	: 	: 	: 	: 	: 	: 	: 	: 	: 	: 	: 	: 	: 	: 	: 	: 	: 	: 	: 	: 	: 	: 	: 	: 	: 	: 	: 	: 	: 	: 	: 	: 	: 	: 	: 	: 	: 	: 	: 	: 	: 	: 	: 	: 	: 	: 	: 	: 	: 	: 	: 	: 	: 	: 	: 	: 	: 	: 	: 	: 	: 	: 	: 	: 	: 	: 	: 	: 	: 	: 	: 	: 	: 	: 	: 	: 	: 	: 	: 	: 	: 	: 	: 	: 	: 	: 	: 	: 	: 	: 	: 	: 	: 	: 	: 	: 	: 	: 	: 	: 	: 	: 	: 	: 	: 	: 	: 	: 	: 	: 	: 	: 	: 	: 	: 	: 	: 	: 	: 	: 	: 	: 	: 	: 	: 	: 	: 	: 	: 	: 	: 	: 	: 	: 	: 	: 	: 	: 	: 	: 	: 	: 	: 	: 	: 	: 	: 	: 	: 	: 	: 	: 	: 	: 	: 	: 	: 	: 	: 	: 	: 	: 	: 	: 	: 	: 	: 	: 	: 	: 	: 	: 	: 	: 	: 	: 	: 	: 	: 	: 	: 	: 	: 	: 	: 	: 	: 	: 	: 	: 	: 	: 	: 	: 	: 	: 
SEAT,ST_PAS_ARR,SK_LZIB_DE_EDDK	: 	: 	: 	: 	: 	: 	: 	: 	: 	: 	: 	: 	: 	: 	: 	: 	: 	: 	: 	: 	: 	: 	: 	: 	: 	: 	: 	: 	: 	: 	: 	: 	: 	: 	: 	: 	: 	: 	: 	: 	: 	: 	: 	: 	: 	: 	: 	: 	: 	: 	: 	: 	: 	: 	: 	: 	: 	: 	: 	: 	: 	: 	: 	: 	: 	: 	: 	: 	: 	: 	: 	: 	: 	: 	: 	: 	: 	: 	: 	: 	: 	: 	: 	: 	: 	: 	: 	: 	: 	: 	: 	: 	: 	: 	: 	: 	: 	: 	: 	: 	: 	: 	: 	: 	: 	: 	: 	: 	: 	: 	: 	: 	: 	: 	: 	: 	: 	: 	: 	: 	: 	: 	: 	: 	: 	: 	: 	: 	: 	: 	: 	: 	: 	: 	: 	: 	: 	: 	: 	: 	: 	: 	: 	: 	: 	: 	: 	: 	: 	: 	: 	: 	: 	: 	: 	: 	: 	: 	: 	: 	: 	: 	: 	: 	: 	: 	: 	: 	: 	: 	: 	: 	: 	: 	: 	: 	: 	: 	: 	5130 	5345 	5176 	6032 	1611 	1495 	2024 	1777 	1792 	1776 	1723 	1793 	1660 	2208 	1776 	2048 	21683 	: 	: 	: 	: 	: 	: 	: 	: 	: 	: 	: 	: 	: 	: 	: 	: 	: 	: 	: 	: 	: 	: 	: 	: 	: 	: 	: 	: 	: 	: 	: 	: 	: 	: 	: 	: 	: 	: 	: 	: 	: 	: 
SEAT,ST_PAS_ARR,SK_LZIB_DE_EDDM	: 	: 	: 	: 	: 	: 	: 	: 	: 	: 	: 	: 	: 	: 	: 	: 	: 	: 	: 	: 	: 	: 	: 	: 	: 	: 	: 	: 	: 	: 	: 	: 	: 	: 	: 	: 	: 	: 	: 	: 	: 	: 	: 	: 	: 	: 	: 	: 	: 	: 	: 	: 	: 	: 	: 	: 	: 	: 	: 	: 	: 	: 	: 	: 	: 	: 	: 	: 	: 	: 	: 	: 	: 	: 	: 	: 	: 	: 	: 	: 	: 	: 	: 	: 	: 	: 	: 	: 	: 	: 	: 	: 	: 	: 	: 	: 	: 	: 	: 	: 	: 	: 	: 	: 	: 	: 	: 	: 	: 	: 	: 	: 	: 	: 	: 	: 	: 	: 	: 	: 	: 	: 	: 	: 	: 	: 	: 	: 	: 	: 	: 	: 	: 	: 	: 	: 	: 	: 	: 	: 	: 	: 	: 	: 	: 	10797 	10919 	11609 	11495 	3052 	3771 	3974 	3787 	3560 	3572 	3985 	3731 	3893 	3664 	3889 	3942 	44820 	11585 	11800 	12242 	12720 	3596 	3753 	4236 	4294 	3303 	4203 	4189 	4155 	3898 	4767 	4060 	3893 	48347 	12638 	11711 	11771 	11661 	3821 	4589 	4228 	3801 	3768 	4142 	4008 	4247 	3516 	4679 	3492 	3490 	47781 	: 	: 	: 	: 	: 	: 	: 	: 	: 	: 	: 	: 	: 	: 	: 	: 	: 	: 	: 	: 	: 	: 	: 	: 	: 	: 	: 	: 	: 	: 	: 	: 	: 	: 	: 	: 	: 	: 	: 	: 	: 	: 
SEAT,ST_PAS_ARR,SK_LZIB_DE_EDFH	: 	: 	: 	: 	: 	: 	: 	: 	: 	: 	: 	: 	: 	: 	: 	: 	: 	: 	: 	: 	: 	: 	: 	: 	: 	: 	: 	: 	: 	: 	: 	: 	: 	: 	: 	: 	: 	: 	: 	: 	: 	: 	: 	: 	: 	: 	: 	: 	: 	: 	: 	: 	: 	: 	: 	: 	: 	: 	: 	: 	: 	: 	: 	: 	: 	: 	: 	: 	: 	: 	: 	: 	: 	: 	: 	: 	: 	: 	: 	: 	: 	: 	: 	: 	: 	: 	: 	: 	: 	: 	: 	: 	: 	: 	: 	: 	: 	: 	: 	: 	: 	: 	: 	: 	: 	: 	: 	: 	: 	: 	: 	: 	: 	: 	: 	: 	: 	: 	: 	: 	: 	: 	: 	: 	: 	: 	: 	: 	7182 	7386 	7371 	9072 	2268 	2268 	2646 	2472 	2457 	2457 	2457 	2457 	2457 	3024 	2835 	3213 	31011 	11718 	17317 	17199 	15309 	3024 	3213 	5481 	5599 	5859 	5859 	5670 	5859 	5670 	5859 	5481 	3969 	61543 	13048 	17388 	17199 	17390 	3598 	3591 	5859 	5670 	5859 	5859 	5670 	5859 	5670 	6050 	5670 	5670 	65025 	17010 	17388 	17199 	16632 	5292 	5859 	5859 	5670 	5859 	5859 	5670 	5859 	5670 	5859 	5103 	5670 	68229 	: 	: 	: 	: 	: 	: 	: 	: 	: 	: 	: 	: 	: 	: 	: 	: 	: 	: 	: 	: 	: 	: 	: 	: 	: 	: 	: 	: 	: 	: 	: 	: 	: 	: 	: 	: 	: 	: 	: 	: 	: 	: 
SEAT,ST_PAS_ARR,SK_LZIB_DK_EKCH	: 	: 	: 	: 	: 	: 	: 	: 	: 	: 	: 	: 	: 	: 	: 	: 	: 	: 	: 	: 	: 	: 	: 	: 	: 	: 	: 	: 	: 	: 	: 	: 	: 	: 	: 	: 	: 	: 	: 	: 	: 	: 	: 	: 	: 	: 	: 	: 	: 	: 	: 	: 	: 	: 	: 	: 	: 	: 	: 	: 	: 	: 	: 	: 	: 	: 	: 	: 	: 	: 	: 	: 	: 	: 	: 	: 	: 	: 	: 	: 	: 	: 	: 	: 	: 	: 	: 	: 	: 	: 	: 	: 	: 	: 	: 	: 	: 	: 	: 	: 	: 	: 	: 	: 	: 	: 	: 	: 	: 	: 	: 	: 	: 	: 	: 	: 	: 	: 	: 	: 	: 	: 	: 	: 	: 	: 	: 	: 	: 	: 	: 	: 	: 	: 	: 	: 	: 	: 	: 	: 	: 	: 	: 	: 	: 	: 	: 	: 	: 	: 	: 	: 	: 	: 	: 	: 	: 	: 	: 	: 	: 	: 	: 	: 	: 	: 	: 	: 	: 	: 	: 	: 	: 	: 	: 	: 	: 	: 	: 	3623 	3506 	3539 	4216 	1213 	1197 	1213 	1080 	1213 	1213 	1213 	1112 	1214 	1612 	1243 	1361 	14884 	: 	: 	: 	: 	: 	: 	: 	: 	: 	: 	: 	: 	: 	: 	: 	: 	: 	: 	: 	: 	: 	: 	: 	: 	: 	: 	: 	: 	: 	: 	: 	: 	: 	: 	: 	: 	: 	: 	: 	: 	: 	: 
SEAT,ST_PAS_ARR,SK_LZIB_EG_HEGN	5969 	2610 	5379 	3288 	1970 	711 	945 	732 	933 	3846 	12624 	2235 	: 	1110 	732 	2004 	4266 	4266 	4092 	2235 	: 	: 	: 	: 	: 	18705 	2034 	12753 	7515 	360 	: 	: 	2034 	3159 	4968 	4626 	3681 	2367 	1467 	: 	: 	360 	22662 	3078 	12231 	4410 	: 	360 	900 	1818 	3474 	4554 	4203 	3123 	1107 	180 	: 	: 	: 	19719 	1306 	7778 	6603 	: 	: 	540 	766 	398 	2934 	4446 	3993 	1665 	945 	: 	: 	: 	15687 	3280 	13675 	8912 	165 	: 	945 	2335 	3463 	4752 	5460 	5378 	2122 	1412 	: 	: 	165 	26032 	6372 	19721 	10306 	2210 	495 	1347 	4530 	6103 	6759 	6859 	5080 	3609 	1617 	756 	189 	1265 	38609 	8370 	22416 	13926 	2629 	1095 	1856 	5419 	7223 	7544 	7649 	7023 	4956 	1947 	711 	712 	1206 	47341 	7959 	20045 	13631 	3730 	1391 	1594 	4974 	6647 	6739 	6659 	6915 	4698 	2018 	1774 	857 	1099 	45365 	8953 	27108 	18205 	6149 	1404 	2383 	5166 	8215 	9272 	9621 	9381 	5779 	3045 	2728 	1956 	1465 	60415 	9309 	22147 	14380 	2772 	1614 	2096 	5599 	6535 	7939 	7673 	7449 	4454 	2477 	1341 	650 	781 	48608 	5247 	13180 	10655 	3026 	943 	1009 	3295 	3674 	4861 	4645 	4728 	3827 	2100 	1484 	799 	743 	32108 	: 	: 	: 	: 	: 	: 	: 	: 	: 	: 	: 	: 	: 	: 	: 	: 	: 	: 	: 	: 	: 	: 	: 	: 	: 	: 	: 	: 	: 	: 	: 	: 	: 	: 	: 	: 	: 	: 	: 	: 	: 	: 
SEAT,ST_PAS_ARR,SK_LZIB_EL_LGAV	4914 	4725 	1712 	1512 	1701 	1701 	1512 	1512 	1701 	6201 	7371 	7182 	7124 	2043 	1701 	2457 	2457 	2457 	2457 	2457 	2457 	2268 	2223 	2268 	2633 	27878 	7866 	8698 	7551 	338 	2952 	2268 	2646 	2637 	3042 	3019 	2637 	2457 	2457 	: 	: 	338 	24453 	: 	: 	: 	: 	: 	: 	: 	: 	: 	: 	: 	: 	: 	: 	: 	: 	: 	: 	: 	: 	: 	: 	: 	: 	: 	: 	: 	: 	: 	: 	: 	: 	: 	: 	: 	: 	: 	: 	: 	: 	: 	: 	: 	: 	: 	: 	: 	: 	: 	: 	: 	: 	: 	: 	: 	: 	: 	: 	: 	: 	: 	: 	: 	: 	: 	: 	: 	: 	: 	: 	: 	: 	: 	: 	: 	: 	: 	: 	: 	: 	: 	: 	: 	: 	: 	: 	: 	: 	: 	: 	: 	: 	: 	: 	: 	: 	: 	: 	: 	: 	: 	: 	: 	: 	: 	: 	: 	: 	: 	: 	: 	: 	: 	: 	: 	: 	: 	: 	: 	: 	: 	: 	: 	: 	: 	: 	: 	: 	: 	: 	: 	: 	: 	: 	: 	: 	: 	: 	: 	: 	: 	: 	: 	: 	: 	: 	: 	: 	: 	: 	: 	: 	: 	: 	: 	: 	: 	: 	: 	: 	: 	: 	: 	: 	: 	: 	: 	: 	: 	: 	: 	: 	: 	: 	: 	: 	: 	: 	: 	: 	: 	: 	: 	: 	: 	: 	: 	: 	: 	: 	: 	: 	: 	: 	: 
SEAT,ST_PAS_ARR,SK_LZIB_EL_LGIR	: 	: 	: 	: 	: 	: 	: 	: 	: 	360 	21000 	4725 	: 	: 	: 	360 	6249 	7182 	7569 	4725 	: 	: 	: 	: 	: 	26085 	180 	15664 	2988 	: 	: 	: 	180 	4623 	5616 	5425 	2988 	: 	: 	: 	: 	: 	18832 	357 	13085 	2208 	180 	168 	: 	189 	4052 	4986 	4047 	2208 	: 	: 	180 	: 	: 	15830 	112 	10174 	1850 	: 	112 	: 	: 	2632 	4068 	3474 	1850 	: 	: 	: 	: 	: 	12136 	: 	: 	: 	: 	: 	: 	: 	: 	: 	: 	: 	: 	: 	: 	: 	: 	: 	144 	9705 	2155 	: 	: 	: 	144 	3055 	3302 	3348 	2155 	: 	: 	: 	: 	: 	12004 	: 	9272 	2097 	: 	: 	: 	: 	2694 	3228 	3350 	2091 	: 	6 	: 	: 	: 	11369 	: 	: 	: 	: 	: 	: 	: 	: 	: 	: 	: 	: 	: 	: 	: 	: 	: 	434 	12112 	3687 	: 	: 	298 	136 	3872 	4243 	3997 	3525 	162 	: 	: 	: 	: 	16233 	148 	10293 	3361 	: 	: 	: 	148 	2876 	3800 	3617 	3213 	148 	: 	: 	: 	: 	13802 	564 	11614 	3088 	: 	298 	: 	266 	3390 	3711 	4513 	2939 	149 	: 	: 	: 	: 	15266 	: 	: 	: 	: 	: 	: 	: 	: 	: 	: 	: 	: 	: 	: 	: 	: 	: 	: 	: 	: 	: 	: 	: 	: 	: 	: 	: 	: 	: 	: 	: 	: 	: 	: 	: 	: 	: 	: 	: 	: 	: 	: 
SEAT,ST_PAS_ARR,SK_LZIB_EL_LGKR	: 	: 	: 	: 	: 	: 	: 	: 	: 	756 	11151 	3591 	: 	: 	: 	756 	3402 	3969 	3780 	2646 	756 	189 	: 	: 	: 	15498 	: 	: 	: 	: 	: 	: 	: 	: 	: 	: 	: 	: 	: 	: 	: 	: 	: 	: 	: 	: 	: 	: 	: 	: 	: 	: 	: 	: 	: 	: 	: 	: 	: 	: 	: 	: 	: 	: 	: 	: 	: 	: 	: 	: 	: 	: 	: 	: 	: 	: 	: 	: 	: 	: 	: 	: 	: 	: 	: 	: 	: 	: 	: 	: 	: 	: 	: 	: 	: 	: 	: 	: 	: 	: 	: 	: 	: 	: 	: 	: 	: 	: 	: 	: 	: 	: 	: 	: 	: 	: 	: 	: 	: 	: 	: 	: 	: 	: 	: 	: 	: 	: 	: 	: 	: 	: 	: 	: 	: 	: 	: 	: 	: 	: 	: 	: 	: 	: 	: 	: 	: 	: 	: 	: 	: 	: 	: 	: 	: 	: 	: 	: 	: 	: 	: 	: 	: 	: 	: 	: 	: 	: 	: 	: 	: 	: 	: 	: 	: 	: 	: 	: 	: 	: 	: 	: 	: 	: 	: 	: 	: 	: 	: 	: 	: 	: 	: 	: 	: 	: 	: 	: 	: 	: 	: 	: 	: 	: 	: 	: 	: 	: 	: 	: 	: 	: 	: 	: 	: 	: 	: 	: 	: 	: 	: 	: 	: 	: 	: 	: 	: 	: 	: 	: 	: 	: 	: 	: 	: 	: 	: 	: 
SEAT,ST_PAS_ARR,SK_LZIB_EL_LGRP	: 	: 	: 	: 	: 	: 	: 	: 	: 	189 	18780 	3780 	: 	: 	: 	189 	5860 	6494 	6426 	3780 	: 	: 	: 	: 	: 	22749 	189 	16705 	4203 	: 	: 	: 	189 	4623 	6007 	6075 	4203 	: 	: 	: 	: 	: 	21097 	189 	16509 	3216 	: 	: 	: 	189 	4872 	5718 	5919 	3216 	: 	: 	: 	: 	: 	19914 	: 	11245 	2559 	: 	: 	: 	: 	3415 	3840 	3990 	2559 	: 	: 	: 	: 	: 	13804 	374 	10546 	2049 	: 	: 	: 	374 	3016 	3388 	4142 	2049 	: 	: 	: 	: 	: 	12969 	349 	13827 	4092 	: 	: 	: 	349 	3993 	4848 	4986 	4092 	: 	: 	: 	: 	: 	18268 	329 	12302 	3046 	: 	: 	: 	329 	3764 	4464 	4074 	3046 	: 	: 	: 	: 	: 	15677 	328 	13410 	3926 	: 	: 	: 	328 	3871 	4939 	4600 	3926 	: 	: 	: 	: 	: 	17664 	593 	15248 	4734 	: 	: 	: 	593 	4806 	4920 	5522 	4536 	198 	: 	: 	: 	: 	20575 	328 	19017 	5862 	: 	: 	: 	328 	5427 	6573 	7017 	5862 	: 	: 	: 	: 	: 	25207 	977 	19261 	5607 	: 	: 	: 	977 	5767 	6380 	7114 	5474 	133 	: 	: 	: 	: 	25845 	: 	: 	: 	: 	: 	: 	: 	: 	: 	: 	: 	: 	: 	: 	: 	: 	: 	: 	: 	: 	: 	: 	: 	: 	: 	: 	: 	: 	: 	: 	: 	: 	: 	: 	: 	: 	: 	: 	: 	: 	: 	: 
SEAT,ST_PAS_ARR,SK_LZIB_ES_GCLP	: 	: 	: 	: 	: 	: 	: 	: 	: 	: 	: 	: 	: 	: 	: 	: 	: 	: 	: 	: 	: 	: 	: 	: 	: 	: 	: 	: 	: 	: 	: 	: 	: 	: 	: 	: 	: 	: 	: 	: 	: 	: 	: 	: 	: 	: 	: 	: 	: 	: 	: 	: 	: 	: 	: 	: 	: 	: 	: 	: 	: 	: 	: 	: 	: 	: 	: 	: 	: 	: 	: 	: 	: 	: 	: 	: 	: 	: 	: 	: 	: 	: 	: 	: 	: 	: 	: 	: 	: 	: 	: 	: 	: 	: 	4914 	5103 	4914 	2268 	1701 	1512 	1701 	1701 	1701 	1701 	1512 	1701 	1701 	1512 	756 	: 	17199 	: 	: 	: 	: 	: 	: 	: 	: 	: 	: 	: 	: 	: 	: 	: 	: 	: 	: 	: 	: 	: 	: 	: 	: 	: 	: 	: 	: 	: 	: 	: 	: 	: 	: 	: 	: 	: 	: 	: 	: 	: 	: 	: 	: 	: 	: 	: 	: 	: 	: 	: 	: 	: 	: 	: 	: 	: 	: 	: 	: 	: 	: 	: 	: 	: 	: 	: 	: 	: 	: 	: 	: 	: 	: 	: 	: 	: 	: 	: 	: 	: 	: 	: 	: 	: 	: 	: 	: 	: 	: 	: 	: 	: 	: 	: 	: 	: 	: 	: 	: 	: 	: 	: 	: 	: 	: 	: 	: 	: 	: 	: 	: 	: 	: 	: 	: 	: 	: 	: 	: 	: 	: 	: 	: 	: 	: 	: 
SEAT,ST_PAS_ARR,SK_LZIB_ES_LEAL	: 	: 	: 	: 	: 	: 	: 	: 	: 	: 	: 	: 	: 	: 	: 	: 	: 	: 	: 	: 	: 	: 	: 	: 	: 	: 	: 	: 	: 	: 	: 	: 	: 	: 	: 	: 	: 	: 	: 	: 	: 	: 	: 	: 	: 	: 	: 	: 	: 	: 	: 	: 	: 	: 	: 	: 	: 	: 	: 	: 	: 	: 	: 	: 	: 	: 	: 	: 	: 	: 	: 	: 	: 	: 	: 	: 	: 	: 	: 	: 	: 	: 	: 	: 	: 	: 	: 	: 	: 	: 	: 	: 	: 	: 	2268 	7551 	7371 	5103 	: 	: 	2268 	2457 	2637 	2457 	2457 	2646 	2268 	2079 	1512 	1512 	22293 	4347 	5103 	4725 	4725 	1134 	1701 	1512 	1701 	1701 	1701 	1512 	1701 	1512 	1701 	1512 	1512 	18900 	4732 	5867 	1512 	: 	1323 	1701 	1708 	1512 	2654 	1701 	1512 	: 	: 	: 	: 	: 	12111 	: 	: 	: 	: 	: 	: 	: 	: 	: 	: 	: 	: 	: 	: 	: 	: 	: 	: 	: 	: 	: 	: 	: 	: 	: 	: 	: 	: 	: 	: 	: 	: 	: 	: 	: 	: 	: 	: 	: 	: 	: 	: 	: 	: 	: 	: 	: 	: 	: 	: 	: 	: 	: 	: 	: 	: 	: 	: 	: 	: 	: 	: 	: 	: 	: 	: 	: 	: 	: 	: 	: 	: 	: 	: 	: 	: 	: 	: 	: 	: 	: 	: 	: 	: 	: 	: 	: 	: 	: 	: 	: 	: 	: 
SEAT,ST_PAS_ARR,SK_LZIB_ES_LEBL	: 	: 	: 	: 	: 	: 	: 	: 	: 	: 	: 	: 	: 	: 	: 	: 	: 	: 	: 	: 	: 	: 	: 	: 	: 	: 	: 	: 	: 	: 	: 	: 	: 	: 	: 	: 	: 	: 	: 	: 	: 	: 	: 	: 	: 	: 	: 	: 	: 	: 	: 	: 	: 	: 	: 	: 	: 	: 	: 	: 	: 	: 	: 	: 	: 	: 	: 	: 	: 	: 	: 	: 	: 	: 	: 	: 	: 	: 	: 	: 	: 	: 	: 	: 	: 	: 	: 	: 	: 	: 	: 	: 	: 	: 	: 	: 	: 	: 	: 	: 	: 	: 	: 	: 	: 	: 	: 	: 	: 	: 	: 	: 	: 	: 	: 	: 	: 	: 	: 	: 	: 	: 	: 	: 	: 	: 	: 	: 	: 	: 	: 	: 	: 	: 	: 	: 	: 	: 	: 	: 	: 	: 	: 	: 	: 	: 	: 	: 	: 	: 	: 	: 	: 	: 	: 	: 	: 	: 	: 	: 	: 	: 	4384 	7897 	6501 	3942 	782 	647 	2955 	2682 	2533 	2682 	2659 	2070 	1772 	1458 	1112 	1372 	22724 	4102 	9134 	6064 	3332 	1213 	1096 	1793 	3021 	3123 	2990 	2660 	1792 	1612 	1096 	977 	1259 	22632 	: 	: 	: 	: 	: 	: 	: 	: 	: 	: 	: 	: 	: 	: 	: 	: 	: 	: 	: 	: 	: 	: 	: 	: 	: 	: 	: 	: 	: 	: 	: 	: 	: 	: 	: 	: 	: 	: 	: 	: 	: 	: 
SEAT,ST_PAS_ARR,SK_LZIB_ES_LEGE	4914 	4914 	2646 	1701 	1701 	1512 	1701 	1512 	1701 	4914 	6808 	4914 	4725 	1701 	1512 	1701 	1705 	3402 	1701 	1512 	1701 	1701 	1323 	1701 	1701 	21361 	4725 	6510 	4914 	4735 	1323 	1701 	1701 	1512 	3297 	1701 	1701 	1701 	1512 	1711 	1512 	1512 	20884 	4914 	6615 	4914 	10 	1701 	1512 	1701 	1512 	2646 	2457 	1701 	1512 	1701 	: 	: 	10 	16453 	1890 	4914 	4725 	945 	: 	189 	1701 	1701 	1512 	1701 	1701 	1701 	1323 	945 	: 	: 	12474 	2079 	5668 	4914 	378 	: 	: 	2079 	2266 	1701 	1701 	1512 	1701 	1701 	378 	: 	: 	13039 	1512 	4914 	4914 	2646 	: 	: 	1512 	1701 	1512 	1701 	1701 	1701 	1512 	2646 	: 	: 	13986 	2268 	7560 	6811 	7371 	: 	: 	2268 	2457 	2646 	2457 	2457 	2268 	2086 	2646 	2268 	2457 	24010 	6615 	5056 	4914 	189 	2457 	2268 	1890 	1654 	1701 	1701 	1512 	1701 	1701 	189 	: 	: 	16774 	2646 	10952 	10224 	10017 	: 	: 	2646 	3485 	3797 	3670 	3798 	3213 	3213 	3402 	3213 	3402 	33839 	: 	: 	: 	: 	: 	: 	: 	: 	: 	: 	: 	: 	: 	: 	: 	: 	: 	: 	: 	: 	: 	: 	: 	: 	: 	: 	: 	: 	: 	: 	: 	: 	: 	: 	: 	: 	: 	: 	: 	: 	: 	: 	: 	: 	: 	: 	: 	: 	: 	: 	: 	: 	: 	: 	: 	: 	: 	: 	: 	: 	: 	: 	: 	: 	: 	: 	: 	: 	: 	: 	: 	: 	: 	: 	: 	: 
SEAT,ST_PAS_ARR,SK_LZIB_ES_LEMD	5155 	5470 	1890 	1701 	1703 	1751 	1701 	1879 	1890 	6048 	7562 	7371 	7560 	2079 	1512 	2457 	2457 	2646 	2459 	2457 	2457 	2457 	2457 	2457 	2646 	28541 	7565 	7560 	7374 	189 	2646 	2462 	2457 	2457 	2457 	2646 	2460 	2457 	2457 	189 	: 	: 	22688 	: 	: 	: 	: 	: 	: 	: 	: 	: 	: 	: 	: 	: 	: 	: 	: 	: 	: 	: 	: 	: 	: 	: 	: 	: 	: 	: 	: 	: 	: 	: 	: 	: 	: 	: 	: 	: 	: 	: 	: 	: 	: 	: 	: 	: 	: 	: 	: 	: 	: 	: 	: 	: 	: 	: 	: 	: 	: 	: 	: 	: 	: 	: 	: 	: 	: 	: 	: 	: 	: 	: 	: 	: 	: 	: 	: 	: 	: 	: 	: 	: 	: 	: 	: 	: 	: 	: 	: 	: 	: 	: 	: 	: 	: 	: 	: 	: 	: 	: 	: 	: 	: 	: 	: 	: 	: 	: 	: 	: 	: 	: 	: 	: 	: 	: 	: 	: 	: 	: 	: 	: 	: 	: 	: 	: 	: 	: 	: 	: 	: 	: 	: 	: 	: 	: 	: 	: 	: 	: 	: 	: 	: 	: 	: 	: 	: 	: 	: 	: 	: 	: 	: 	: 	: 	: 	: 	: 	: 	: 	: 	: 	: 	: 	: 	: 	: 	: 	: 	: 	: 	: 	: 	: 	: 	: 	: 	: 	: 	: 	: 	: 	: 	: 	: 	: 	: 	: 	: 	: 	: 	: 	: 	: 	: 	: 
SEAT,ST_PAS_ARR,SK_LZIB_ES_LEMG	: 	: 	: 	: 	: 	: 	: 	: 	: 	1514 	7446 	5114 	756 	: 	2 	1512 	2273 	2525 	2648 	1701 	1710 	1703 	756 	: 	: 	14830 	1904 	7229 	5290 	191 	8 	193 	1703 	2033 	2448 	2748 	2070 	1708 	1512 	191 	: 	: 	14614 	1890 	7083 	5290 	3 	: 	189 	1701 	2052 	2610 	2421 	2077 	1512 	1701 	2 	1 	: 	14266 	1890 	7128 	5275 	386 	: 	189 	1701 	2268 	2241 	2619 	2241 	1701 	1333 	386 	: 	: 	14679 	1897 	11530 	8888 	575 	: 	: 	1897 	3970 	3969 	3591 	3974 	2457 	2457 	575 	: 	: 	22890 	1512 	6205 	5094 	4916 	: 	: 	1512 	1701 	2241 	2263 	1881 	1701 	1512 	1703 	1512 	1701 	17727 	: 	: 	: 	: 	: 	: 	: 	: 	: 	: 	: 	: 	: 	: 	: 	: 	: 	: 	: 	: 	: 	: 	: 	: 	: 	: 	: 	: 	: 	: 	: 	: 	: 	: 	: 	: 	: 	: 	: 	: 	: 	: 	: 	: 	: 	: 	: 	: 	: 	: 	: 	: 	: 	: 	: 	: 	: 	: 	: 	: 	: 	: 	: 	: 	: 	: 	: 	: 	: 	: 	: 	: 	: 	: 	: 	: 	: 	: 	: 	: 	: 	: 	: 	: 	: 	: 	: 	: 	: 	: 	: 	: 	: 	: 	: 	: 	: 	: 	: 	: 	: 	: 	: 	: 	: 	: 	: 	: 	: 	: 	: 	: 	: 	: 	: 	: 	: 	: 	: 	: 	: 	: 	: 	: 	: 	: 	: 
SEAT,ST_PAS_ARR,SK_LZIB_ES_LEPA	: 	: 	: 	: 	: 	: 	: 	: 	: 	1701 	12041 	6786 	: 	: 	: 	1701 	3564 	4161 	4316 	3384 	1701 	1701 	: 	: 	: 	20528 	1890 	9624 	5472 	189 	: 	189 	1701 	2835 	3393 	3396 	2259 	1701 	1512 	189 	: 	: 	17175 	1136 	9711 	4518 	: 	: 	191 	945 	2988 	3177 	3546 	2061 	1701 	756 	: 	: 	: 	15365 	2079 	13681 	6191 	378 	: 	378 	1701 	4231 	4635 	4815 	2978 	1512 	1701 	378 	: 	: 	22329 	1512 	13202 	6426 	378 	: 	: 	1512 	3772 	5280 	4150 	3396 	1518 	1512 	378 	: 	: 	21518 	3213 	18163 	11423 	378 	: 	: 	3213 	5253 	6393 	6517 	4788 	3226 	3409 	378 	: 	: 	33177 	3409 	14786 	7323 	: 	: 	: 	3409 	4320 	4865 	5601 	4488 	2835 	: 	: 	: 	: 	25518 	: 	: 	: 	: 	: 	: 	: 	: 	: 	: 	: 	: 	: 	: 	: 	: 	: 	: 	: 	: 	: 	: 	: 	: 	: 	: 	: 	: 	: 	: 	: 	: 	: 	: 	: 	: 	: 	: 	: 	: 	: 	: 	: 	: 	: 	: 	: 	: 	: 	: 	: 	: 	: 	: 	: 	: 	: 	: 	: 	: 	: 	: 	: 	: 	: 	: 	: 	: 	: 	: 	: 	: 	: 	: 	: 	: 	: 	: 	: 	: 	: 	: 	: 	: 	: 	: 	: 	: 	: 	: 	: 	: 	: 	: 	: 	: 	: 	: 	: 	: 	: 	: 	: 	: 	: 	: 	: 	: 	: 	: 
SEAT,ST_PAS_ARR,SK_LZIB_FR_LFMN	: 	: 	: 	: 	: 	: 	: 	: 	: 	: 	: 	: 	: 	: 	: 	: 	: 	: 	: 	: 	: 	: 	: 	: 	: 	: 	: 	: 	: 	: 	: 	: 	: 	: 	: 	: 	: 	: 	: 	: 	: 	: 	: 	: 	: 	: 	: 	: 	: 	: 	: 	: 	: 	: 	: 	: 	: 	: 	: 	: 	: 	: 	: 	: 	: 	: 	: 	: 	: 	: 	: 	: 	: 	: 	: 	: 	: 	: 	: 	: 	: 	: 	: 	: 	: 	: 	: 	: 	: 	: 	: 	: 	: 	: 	: 	: 	: 	: 	: 	: 	: 	: 	: 	: 	: 	: 	: 	: 	: 	: 	: 	: 	: 	: 	: 	: 	: 	: 	: 	: 	: 	: 	: 	: 	: 	: 	: 	: 	: 	: 	: 	: 	: 	: 	: 	: 	: 	: 	: 	: 	: 	: 	: 	: 	: 	: 	: 	: 	: 	: 	: 	: 	: 	: 	: 	: 	: 	: 	: 	: 	: 	: 	: 	: 	: 	: 	: 	: 	: 	: 	: 	: 	: 	: 	: 	: 	: 	: 	: 	2160 	6870 	7100 	5142 	: 	: 	2160 	2152 	2308 	2410 	2262 	2545 	2293 	1956 	1380 	1806 	21272 	: 	: 	: 	: 	: 	: 	: 	: 	: 	: 	: 	: 	: 	: 	: 	: 	: 	: 	: 	: 	: 	: 	: 	: 	: 	: 	: 	: 	: 	: 	: 	: 	: 	: 	: 	: 	: 	: 	: 	: 	: 	: 
SEAT,ST_PAS_ARR,SK_LZIB_FR_LFOB	: 	: 	: 	: 	: 	: 	: 	: 	: 	3024 	6993 	6048 	: 	: 	567 	2457 	2268 	2457 	2268 	1701 	2079 	2268 	: 	: 	: 	16065 	2835 	7371 	7182 	189 	: 	189 	2646 	2457 	2457 	2457 	2457 	2457 	2268 	189 	: 	: 	17577 	1323 	7371 	6804 	: 	: 	: 	1323 	2268 	2646 	2457 	1890 	2457 	2457 	: 	: 	: 	15498 	2079 	7371 	7182 	189 	: 	: 	2079 	2457 	2457 	2457 	2268 	2646 	2268 	189 	: 	: 	16821 	2835 	9639 	9828 	6993 	: 	: 	2835 	2835 	3402 	3402 	3213 	3213 	3402 	2079 	2457 	2457 	29295 	7938 	10017 	9828 	7371 	2457 	2268 	3213 	3213 	3402 	3402 	3213 	3402 	3213 	2646 	2268 	2457 	35154 	8127 	9450 	9072 	9828 	2457 	2457 	3213 	3024 	3402 	3024 	3213 	3402 	2457 	3402 	3024 	3402 	36477 	: 	: 	: 	: 	: 	: 	: 	: 	: 	: 	: 	: 	: 	: 	: 	: 	: 	: 	: 	: 	: 	: 	: 	: 	: 	: 	: 	: 	: 	: 	: 	: 	: 	: 	: 	: 	: 	: 	: 	: 	: 	: 	: 	: 	: 	: 	: 	: 	: 	: 	: 	: 	: 	: 	: 	: 	: 	: 	: 	: 	: 	: 	: 	: 	: 	: 	: 	: 	: 	: 	: 	: 	: 	: 	: 	: 	: 	: 	: 	: 	: 	: 	: 	: 	: 	: 	: 	: 	: 	: 	: 	: 	: 	: 	: 	: 	: 	: 	: 	: 	: 	: 	: 	: 	: 	: 	: 	: 	: 	: 
SEAT,ST_PAS_ARR,SK_LZIB_FR_LFPO	: 	: 	: 	: 	: 	: 	: 	: 	: 	: 	: 	: 	: 	: 	: 	: 	: 	: 	: 	: 	: 	: 	: 	: 	: 	: 	: 	: 	: 	: 	: 	: 	: 	: 	: 	: 	: 	: 	: 	: 	: 	: 	: 	: 	: 	: 	: 	: 	: 	: 	: 	: 	: 	: 	: 	: 	: 	: 	: 	: 	: 	: 	: 	: 	: 	: 	: 	: 	: 	: 	: 	: 	: 	: 	: 	: 	: 	: 	: 	: 	: 	: 	: 	: 	: 	: 	: 	: 	: 	: 	: 	: 	: 	: 	: 	: 	: 	: 	: 	: 	: 	: 	: 	: 	: 	: 	: 	: 	: 	: 	: 	: 	: 	: 	: 	: 	: 	: 	: 	: 	: 	: 	: 	: 	: 	: 	: 	: 	: 	8565 	18571 	17872 	: 	: 	: 	: 	4901 	3664 	4449 	6831 	7291 	5789 	5435 	6648 	45008 	23989 	13112 	22201 	21903 	7897 	8195 	7897 	5215 	3874 	4023 	5364 	8493 	8344 	8046 	6556 	7301 	81205 	20711 	12367 	18862 	15978 	6854 	7152 	6705 	4321 	4023 	4023 	5224 	7088 	6550 	6470 	5060 	4448 	67918 	18669 	14149 	19516 	18182 	5618 	5927 	7124 	5706 	4234 	4209 	5532 	7435 	6549 	7066 	5655 	5461 	70516 	: 	: 	: 	: 	: 	: 	: 	: 	: 	: 	: 	: 	: 	: 	: 	: 	: 	: 	: 	: 	: 	: 	: 	: 	: 	: 	: 	: 	: 	: 	: 	: 	: 	: 	: 	: 	: 	: 	: 	: 	: 	: 
SEAT,ST_PAS_ARR,SK_LZIB_FR_LFSB	: 	: 	: 	: 	: 	: 	: 	: 	: 	: 	: 	: 	: 	: 	: 	: 	: 	: 	: 	: 	: 	: 	: 	: 	: 	: 	: 	: 	: 	: 	: 	: 	: 	: 	: 	: 	: 	: 	: 	: 	: 	: 	: 	: 	: 	: 	: 	: 	: 	: 	: 	: 	: 	: 	: 	: 	: 	: 	: 	: 	: 	: 	: 	: 	: 	: 	: 	: 	: 	: 	: 	: 	: 	: 	: 	: 	: 	: 	: 	: 	: 	: 	: 	: 	: 	: 	: 	: 	: 	: 	: 	: 	: 	: 	: 	: 	: 	: 	: 	: 	: 	: 	: 	: 	: 	: 	: 	: 	: 	: 	: 	: 	: 	: 	: 	: 	: 	: 	: 	: 	: 	: 	: 	: 	: 	: 	: 	: 	: 	: 	: 	: 	: 	: 	: 	: 	: 	: 	: 	: 	: 	: 	: 	: 	: 	: 	: 	: 	: 	: 	: 	: 	: 	: 	: 	: 	: 	: 	: 	: 	: 	: 	2235 	7897 	7619 	6837 	: 	: 	2235 	2533 	2682 	2682 	2533 	2516 	2570 	2373 	2256 	2208 	24588 	6943 	6948 	7070 	5971 	2176 	2341 	2426 	2261 	2277 	2410 	2287 	2474 	2309 	2405 	1540 	2026 	26932 	: 	: 	: 	: 	: 	: 	: 	: 	: 	: 	: 	: 	: 	: 	: 	: 	: 	: 	: 	: 	: 	: 	: 	: 	: 	: 	: 	: 	: 	: 	: 	: 	: 	: 	: 	: 	: 	: 	: 	: 	: 	: 
SEAT,ST_PAS_ARR,SK_LZIB_IE_EICK	: 	: 	: 	: 	: 	: 	: 	: 	: 	: 	: 	: 	: 	: 	: 	: 	: 	: 	: 	: 	: 	: 	: 	: 	: 	: 	: 	: 	: 	: 	: 	: 	: 	: 	: 	: 	: 	: 	: 	: 	: 	: 	: 	: 	: 	: 	: 	: 	: 	: 	: 	: 	: 	: 	: 	: 	: 	: 	: 	: 	: 	: 	: 	: 	: 	: 	: 	: 	: 	: 	: 	: 	: 	: 	: 	: 	: 	: 	: 	: 	: 	: 	: 	: 	: 	: 	: 	: 	: 	: 	: 	: 	: 	: 	: 	: 	: 	: 	: 	: 	: 	: 	: 	: 	: 	: 	: 	: 	: 	: 	: 	: 	: 	: 	: 	: 	: 	: 	: 	: 	: 	: 	: 	: 	: 	: 	: 	: 	: 	: 	: 	: 	: 	: 	: 	: 	: 	: 	: 	: 	: 	: 	: 	: 	: 	1043 	5960 	5811 	5818 	: 	: 	1043 	1937 	1937 	2086 	1788 	2086 	1937 	1937 	1788 	2093 	18632 	: 	: 	: 	: 	: 	: 	: 	: 	: 	: 	: 	: 	: 	: 	: 	: 	: 	: 	: 	: 	: 	: 	: 	: 	: 	: 	: 	: 	: 	: 	: 	: 	: 	: 	: 	: 	: 	: 	: 	: 	: 	: 	: 	: 	: 	: 	: 	: 	: 	: 	: 	: 	: 	: 	: 	: 	: 	: 	: 	: 	: 	: 	: 	: 	: 	: 	: 	: 	: 	: 	: 	: 	: 	: 	: 	: 
SEAT,ST_PAS_ARR,SK_LZIB_IE_EIDW	17199 	17199 	5859 	5670 	5859 	5670 	5859 	5292 	6048 	18711 	17094 	16821 	17391 	6048 	6804 	5859 	5670 	5770 	5654 	5481 	5670 	5670 	6051 	5481 	5859 	70017 	17010 	17494 	17199 	17010 	5481 	5670 	5859 	5670 	5859 	5965 	5670 	5859 	5670 	5859 	5292 	5859 	68713 	16636 	14424 	13041 	12474 	5859 	5670 	5107 	4914 	4646 	4864 	4914 	4158 	3969 	4347 	3591 	4536 	56575 	13986 	14949 	14740 	11718 	4725 	4158 	5103 	4914 	4932 	5103 	4725 	4914 	5101 	4347 	3402 	3969 	55393 	11340 	13230 	13986 	10962 	4347 	3402 	3591 	3780 	4914 	4536 	3969 	5103 	4914 	3780 	3213 	3969 	49518 	10584 	12815 	12285 	12474 	3969 	3213 	3402 	4499 	4158 	4158 	4158 	4158 	3969 	4158 	3780 	4536 	48158 	13154 	13797 	11718 	9828 	4164 	4158 	4832 	4158 	5103 	4536 	4536 	3969 	3213 	3402 	3024 	3402 	48497 	10962 	10773 	9828 	7371 	3402 	3402 	4158 	3969 	3402 	3402 	3213 	3402 	3213 	2646 	2268 	2457 	38934 	16045 	29755 	25001 	24948 	3564 	4914 	7567 	8799 	10478 	10478 	8352 	8392 	8257 	8542 	8014 	8392 	95749 	22870 	16764 	15875 	15188 	8352 	8203 	6315 	6486 	5139 	5139 	4990 	6084 	4801 	5477 	4620 	5091 	70697 	15318 	13212 	12481 	5111 	5610 	5179 	4529 	4242 	4737 	4233 	4202 	4250 	4029 	1825 	1345 	1941 	46122 	: 	: 	: 	: 	: 	: 	: 	: 	: 	: 	: 	: 	: 	: 	: 	: 	: 	: 	: 	: 	: 	: 	: 	: 	: 	: 	: 	: 	: 	: 	: 	: 	: 	: 	: 	: 	: 	: 	: 	: 	: 	: 
SEAT,ST_PAS_ARR,SK_LZIB_IN_VIAR	: 	: 	: 	: 	: 	: 	: 	: 	: 	: 	: 	: 	: 	: 	: 	: 	: 	: 	: 	: 	: 	: 	: 	: 	: 	: 	: 	: 	: 	: 	: 	: 	: 	: 	: 	: 	: 	: 	: 	: 	: 	: 	: 	: 	: 	: 	: 	: 	: 	: 	: 	: 	: 	: 	: 	: 	: 	: 	: 	: 	: 	: 	: 	: 	: 	: 	: 	: 	: 	: 	: 	: 	: 	: 	: 	: 	: 	: 	: 	: 	: 	: 	: 	: 	: 	: 	: 	: 	: 	: 	: 	: 	: 	: 	: 	: 	: 	: 	: 	: 	: 	: 	: 	: 	: 	: 	: 	: 	: 	: 	: 	: 	: 	: 	: 	: 	: 	: 	: 	: 	: 	: 	: 	: 	: 	: 	: 	: 	: 	: 	: 	: 	: 	: 	: 	: 	: 	: 	: 	: 	: 	: 	: 	: 	: 	2632 	: 	2772 	8348 	1160 	1076 	396 	: 	: 	: 	198 	396 	2178 	2920 	2574 	2854 	13752 	: 	: 	: 	: 	: 	: 	: 	: 	: 	: 	: 	: 	: 	: 	: 	: 	: 	: 	: 	: 	: 	: 	: 	: 	: 	: 	: 	: 	: 	: 	: 	: 	: 	: 	: 	: 	: 	: 	: 	: 	: 	: 	: 	: 	: 	: 	: 	: 	: 	: 	: 	: 	: 	: 	: 	: 	: 	: 	: 	: 	: 	: 	: 	: 	: 	: 	: 	: 	: 	: 	: 	: 	: 	: 	: 	: 
SEAT,ST_PAS_ARR,SK_LZIB_IT_LICT	: 	: 	: 	: 	: 	: 	: 	: 	: 	1512 	4914 	4914 	: 	: 	: 	1512 	1701 	1512 	1701 	1701 	1701 	1512 	: 	: 	: 	11340 	: 	: 	: 	: 	: 	: 	: 	: 	: 	: 	: 	: 	: 	: 	: 	: 	: 	1890 	4725 	4914 	: 	: 	189 	1701 	1512 	1512 	1701 	1701 	1512 	1701 	: 	: 	: 	11529 	: 	: 	: 	: 	: 	: 	: 	: 	: 	: 	: 	: 	: 	: 	: 	: 	: 	: 	: 	: 	: 	: 	: 	: 	: 	: 	: 	: 	: 	: 	: 	: 	: 	: 	: 	: 	: 	: 	: 	: 	: 	: 	: 	: 	: 	: 	: 	: 	: 	: 	: 	: 	: 	: 	: 	: 	: 	: 	: 	: 	: 	: 	: 	: 	: 	: 	: 	: 	: 	: 	: 	: 	: 	: 	: 	: 	: 	: 	: 	: 	: 	: 	: 	: 	: 	: 	: 	: 	: 	: 	: 	: 	: 	: 	: 	: 	: 	: 	: 	: 	: 	: 	: 	: 	: 	: 	: 	: 	: 	: 	: 	: 	: 	: 	: 	: 	: 	: 	: 	: 	: 	: 	: 	: 	: 	: 	: 	: 	: 	: 	: 	: 	: 	: 	: 	: 	: 	: 	: 	: 	: 	: 	: 	: 	: 	: 	: 	: 	: 	: 	: 	: 	: 	: 	: 	: 	: 	: 	: 	: 	: 	: 	: 	: 	: 	: 	: 	: 	: 	: 	: 	: 	: 	: 	: 	: 	: 	: 
SEAT,ST_PAS_ARR,SK_LZIB_IT_LIEA	: 	: 	: 	: 	: 	: 	: 	: 	: 	1701 	4914 	4757 	4962 	: 	: 	1701 	1512 	1701 	1701 	1512 	1701 	1544 	1560 	1512 	1890 	16334 	4725 	4557 	4368 	4893 	2079 	1323 	1323 	1701 	1512 	1344 	1512 	1512 	1344 	1680 	1512 	1701 	18543 	5481 	5859 	4725 	4914 	1701 	1701 	2079 	2646 	1512 	1701 	1701 	1512 	1512 	1701 	1512 	1701 	20979 	4914 	5103 	4914 	378 	1701 	1512 	1701 	1701 	1701 	1701 	1512 	1701 	1701 	378 	: 	: 	15309 	: 	: 	: 	: 	: 	: 	: 	: 	: 	: 	: 	: 	: 	: 	: 	: 	: 	: 	: 	: 	: 	: 	: 	: 	: 	: 	: 	: 	: 	: 	: 	: 	: 	: 	: 	: 	: 	: 	: 	: 	: 	: 	: 	: 	: 	: 	: 	: 	: 	: 	: 	: 	: 	: 	: 	: 	: 	: 	: 	: 	: 	: 	: 	: 	: 	: 	: 	: 	: 	: 	: 	: 	: 	: 	: 	: 	: 	: 	: 	: 	: 	: 	: 	: 	: 	: 	: 	: 	: 	: 	: 	: 	: 	: 	: 	: 	: 	: 	: 	: 	: 	: 	: 	: 	: 	: 	: 	: 	: 	: 	: 	: 	: 	: 	: 	: 	: 	: 	: 	: 	: 	: 	: 	: 	: 	: 	: 	: 	: 	: 	: 	: 	: 	: 	: 	: 	: 	: 	: 	: 	: 	: 	: 	: 	: 	: 	: 	: 	: 	: 	: 	: 	: 	: 	: 	: 	: 	: 	: 	: 	: 
SEAT,ST_PAS_ARR,SK_LZIB_IT_LIME	9828 	9828 	3402 	3213 	3402 	3213 	3213 	3024 	3591 	10022 	10017 	9395 	9908 	3402 	3213 	3407 	3213 	3402 	3402 	3024 	3402 	2969 	2915 	3213 	3780 	39342 	10395 	10017 	9828 	9639 	3780 	3402 	3213 	3213 	3402 	3402 	3213 	3402 	3213 	3402 	3024 	3213 	39879 	10017 	10017 	7560 	12096 	3402 	3213 	3402 	3402 	3213 	3402 	3024 	1323 	3213 	4158 	3780 	4158 	39690 	12285 	12474 	12493 	12285 	3969 	4158 	4158 	3969 	4347 	4158 	4158 	4177 	4158 	4158 	3591 	4536 	49537 	13228 	13823 	10962 	12652 	4158 	3969 	5101 	4725 	4743 	4355 	3969 	3969 	3024 	4158 	3958 	4536 	50665 	12474 	12474 	12285 	17010 	4536 	3969 	3969 	4158 	4158 	4158 	3969 	4158 	4158 	5481 	5292 	6237 	54243 	16065 	13048 	11223 	18204 	6048 	5670 	4347 	4041 	4374 	4633 	3852 	3969 	3402 	5481 	6272 	6451 	58540 	18632 	18908 	18163 	27503 	5843 	6250 	6539 	5942 	6427 	6539 	6078 	6279 	5806 	9373 	8806 	9324 	83206 	25583 	17388 	18400 	18825 	9233 	9303 	7047 	5670 	5859 	5859 	5874 	6255 	6271 	6799 	6675 	5351 	80196 	17731 	20062 	20156 	33648 	6050 	5260 	6421 	6434 	6814 	6814 	6243 	6759 	7154 	10851 	10910 	11887 	91597 	33961 	33729 	32476 	35716 	11888 	10626 	11447 	11416 	11364 	10949 	10230 	10987 	11259 	12737 	11192 	11787 	135882 	: 	: 	: 	: 	: 	: 	: 	: 	: 	: 	: 	: 	: 	: 	: 	: 	: 	: 	: 	: 	: 	: 	: 	: 	: 	: 	: 	: 	: 	: 	: 	: 	: 	: 	: 	: 	: 	: 	: 	: 	: 	: 
SEAT,ST_PAS_ARR,SK_LZIB_IT_LIPE	: 	: 	: 	: 	: 	: 	: 	: 	: 	: 	: 	: 	: 	: 	: 	: 	: 	: 	: 	: 	: 	: 	: 	: 	: 	: 	: 	: 	: 	: 	: 	: 	: 	: 	: 	: 	: 	: 	: 	: 	: 	: 	: 	: 	: 	: 	: 	: 	: 	: 	: 	: 	: 	: 	: 	: 	: 	: 	: 	: 	: 	: 	: 	: 	: 	: 	: 	: 	: 	: 	: 	: 	: 	: 	: 	: 	: 	: 	: 	: 	: 	: 	: 	: 	: 	: 	: 	: 	: 	: 	: 	: 	: 	: 	: 	: 	: 	: 	: 	: 	: 	: 	: 	: 	: 	: 	: 	: 	: 	: 	: 	2467 	7848 	7857 	9497 	10 	: 	2457 	2530 	2527 	2791 	2745 	2817 	2295 	3247 	3198 	3052 	27669 	: 	: 	: 	: 	: 	: 	: 	: 	: 	: 	: 	: 	: 	: 	: 	: 	: 	: 	: 	: 	: 	: 	: 	: 	: 	: 	: 	: 	: 	: 	: 	: 	: 	: 	: 	: 	: 	: 	: 	: 	: 	: 	: 	: 	: 	: 	: 	: 	: 	: 	: 	: 	: 	: 	: 	: 	: 	: 	: 	: 	: 	: 	: 	: 	: 	: 	: 	: 	: 	: 	: 	: 	: 	: 	: 	: 	: 	: 	: 	: 	: 	: 	: 	: 	: 	: 	: 	: 	: 	: 	: 	: 	: 	: 	: 	: 	: 	: 	: 	: 	: 	: 	: 	: 	: 	: 	: 	: 	: 	: 
SEAT,ST_PAS_ARR,SK_LZIB_IT_LIRA	7382 	7373 	2457 	2464 	2650 	2268 	2646 	2268 	2459 	5859 	7561 	7183 	7560 	2268 	2457 	1134 	2457 	2646 	2458 	2268 	2457 	2458 	2646 	2268 	2646 	28163 	8130 	10023 	9836 	7371 	2648 	2080 	3402 	3594 	3213 	3216 	3217 	3402 	3217 	2646 	2079 	2646 	35360 	7761 	9829 	10024 	5124 	2268 	2462 	3031 	3214 	3402 	3213 	3591 	3220 	3213 	2081 	1518 	1525 	32738 	5877 	7371 	7371 	4725 	1701 	1701 	2475 	2457 	2457 	2457 	2457 	2646 	2268 	1701 	1512 	1512 	25344 	5135 	6993 	7379 	7199 	1323 	1323 	2489 	1890 	2646 	2457 	2457 	2457 	2465 	2660 	2079 	2460 	26706 	7394 	7604 	7371 	6632 	2655 	2457 	2282 	2471 	2482 	2651 	2457 	2457 	2457 	2655 	2276 	1701 	29001 	7211 	7373 	6804 	7378 	2272 	2473 	2466 	2457 	2457 	2459 	2457 	2457 	1890 	2646 	2275 	2457 	28766 	: 	: 	: 	: 	: 	: 	: 	: 	: 	: 	: 	: 	: 	: 	: 	: 	: 	: 	: 	: 	: 	: 	: 	: 	: 	: 	: 	: 	: 	: 	: 	: 	: 	: 	: 	: 	: 	: 	: 	: 	: 	: 	: 	: 	: 	: 	: 	: 	: 	: 	: 	: 	: 	: 	: 	: 	: 	: 	: 	: 	: 	: 	: 	: 	: 	: 	: 	: 	: 	: 	: 	: 	: 	: 	: 	: 	: 	: 	: 	: 	: 	: 	: 	: 	: 	: 	: 	: 	: 	: 	: 	: 	: 	: 	: 	: 	: 	: 	: 	: 	: 	: 	: 	: 	: 	: 	: 	: 	: 	: 
SEAT,ST_PAS_ARR,SK_LZIB_IT_LIRF	: 	: 	: 	: 	: 	: 	: 	: 	: 	: 	: 	: 	: 	: 	: 	: 	: 	: 	: 	: 	: 	: 	: 	: 	: 	: 	: 	: 	: 	: 	: 	: 	: 	: 	: 	: 	: 	: 	: 	: 	: 	: 	: 	: 	: 	: 	: 	: 	: 	: 	: 	: 	: 	: 	: 	: 	: 	: 	: 	: 	: 	: 	: 	: 	: 	: 	: 	: 	: 	: 	: 	: 	: 	: 	: 	: 	: 	: 	: 	: 	: 	: 	: 	: 	: 	: 	: 	: 	: 	: 	: 	: 	: 	: 	: 	: 	: 	: 	: 	: 	: 	: 	: 	: 	: 	: 	: 	: 	: 	: 	: 	: 	: 	: 	: 	: 	: 	: 	: 	: 	: 	: 	: 	: 	: 	: 	: 	: 	9000 	6053 	10861 	10768 	2880 	3240 	2880 	1260 	2305 	2488 	2708 	4049 	4104 	3904 	3360 	3504 	36682 	13565 	8344 	12367 	13261 	4470 	4476 	4619 	3129 	2682 	2533 	3278 	4619 	4470 	4619 	4321 	4321 	47537 	12515 	8498 	10972 	8939 	4470 	4023 	4022 	3134 	2682 	2682 	3278 	3916 	3778 	3863 	2304 	2772 	40924 	10349 	9505 	10459 	7457 	3485 	3272 	3592 	3320 	2967 	3218 	3256 	3601 	3602 	3123 	2191 	2143 	37770 	: 	: 	: 	: 	: 	: 	: 	: 	: 	: 	: 	: 	: 	: 	: 	: 	: 	: 	: 	: 	: 	: 	: 	: 	: 	: 	: 	: 	: 	: 	: 	: 	: 	: 	: 	: 	: 	: 	: 	: 	: 	: 
SEAT,ST_PAS_ARR,SK_LZIB_IT_LIRP	: 	: 	: 	: 	: 	: 	: 	: 	: 	: 	: 	: 	: 	: 	: 	: 	: 	: 	: 	: 	: 	: 	: 	: 	: 	: 	: 	: 	: 	: 	: 	: 	: 	: 	: 	: 	: 	: 	: 	: 	: 	: 	: 	: 	: 	: 	: 	: 	: 	: 	: 	: 	: 	: 	: 	: 	: 	: 	: 	: 	: 	: 	: 	: 	: 	: 	: 	: 	: 	: 	: 	: 	: 	: 	: 	: 	: 	: 	: 	: 	: 	: 	: 	: 	: 	: 	: 	: 	: 	: 	: 	: 	: 	: 	: 	: 	: 	: 	: 	: 	: 	: 	: 	: 	: 	: 	: 	: 	: 	: 	: 	1512 	5103 	4536 	4725 	: 	: 	1512 	1701 	1701 	1701 	1512 	1512 	1512 	1512 	1512 	1701 	15876 	: 	: 	: 	: 	: 	: 	: 	: 	: 	: 	: 	: 	: 	: 	: 	: 	: 	: 	: 	: 	: 	: 	: 	: 	: 	: 	: 	: 	: 	: 	: 	: 	: 	: 	: 	: 	: 	: 	: 	: 	: 	: 	: 	: 	: 	: 	: 	: 	: 	: 	: 	: 	: 	: 	: 	: 	: 	: 	: 	: 	: 	: 	: 	: 	: 	: 	: 	: 	: 	: 	: 	: 	: 	: 	: 	: 	: 	: 	: 	: 	: 	: 	: 	: 	: 	: 	: 	: 	: 	: 	: 	: 	: 	: 	: 	: 	: 	: 	: 	: 	: 	: 	: 	: 	: 	: 	: 	: 	: 	: 
SEAT,ST_PAS_ARR,SK_LZIB_MK_LWSK	5712 	5400 	2520 	1668 	2148 	1896 	2352 	1428 	1620 	4596 	6396 	5208 	180 	1440 	1464 	1692 	2124 	2148 	2124 	1968 	1620 	1620 	180 	0 	0 	16380 	: 	: 	: 	: 	: 	: 	: 	: 	: 	: 	: 	: 	: 	: 	: 	: 	: 	: 	: 	: 	: 	: 	: 	: 	: 	: 	: 	: 	: 	: 	: 	: 	: 	: 	: 	: 	: 	: 	: 	: 	: 	: 	: 	: 	: 	: 	: 	: 	: 	: 	: 	: 	: 	: 	: 	: 	: 	: 	: 	: 	: 	: 	: 	: 	: 	: 	: 	: 	: 	: 	: 	: 	: 	: 	: 	: 	: 	: 	: 	: 	: 	: 	: 	: 	: 	: 	: 	: 	: 	: 	: 	: 	: 	: 	: 	: 	: 	: 	: 	: 	: 	: 	: 	: 	: 	: 	: 	: 	: 	: 	: 	: 	: 	: 	: 	: 	: 	: 	: 	: 	: 	: 	: 	: 	: 	: 	: 	: 	: 	: 	: 	: 	: 	: 	: 	: 	: 	: 	: 	: 	: 	: 	: 	: 	: 	: 	: 	: 	: 	: 	: 	: 	: 	: 	: 	: 	: 	: 	: 	: 	: 	: 	: 	: 	: 	: 	: 	: 	: 	: 	: 	: 	: 	: 	: 	: 	: 	: 	: 	: 	: 	: 	: 	: 	: 	: 	: 	: 	: 	: 	: 	: 	: 	: 	: 	: 	: 	: 	: 	: 	: 	: 	: 	: 	: 	: 	: 	: 	: 	: 	: 	: 
SEAT,ST_PAS_ARR,SK_LZIB_NL_EHAM	: 	: 	: 	: 	: 	: 	: 	: 	: 	: 	: 	: 	: 	: 	: 	: 	: 	: 	: 	: 	: 	: 	: 	: 	: 	: 	: 	: 	: 	: 	: 	: 	: 	: 	: 	: 	: 	: 	: 	: 	: 	: 	: 	: 	: 	: 	: 	: 	: 	: 	: 	: 	: 	: 	: 	: 	: 	: 	: 	: 	: 	: 	: 	: 	: 	: 	: 	: 	: 	: 	: 	: 	: 	: 	: 	: 	: 	: 	: 	: 	: 	: 	: 	: 	: 	: 	: 	: 	: 	: 	: 	: 	: 	: 	: 	: 	: 	: 	: 	: 	: 	: 	: 	: 	: 	: 	: 	: 	: 	: 	: 	: 	: 	: 	: 	: 	: 	: 	: 	: 	: 	: 	: 	: 	: 	: 	: 	: 	: 	: 	: 	: 	: 	: 	: 	: 	: 	: 	: 	: 	: 	: 	: 	: 	: 	: 	: 	: 	: 	: 	: 	: 	: 	: 	: 	: 	: 	: 	: 	: 	: 	: 	4023 	8493 	12272 	10609 	: 	: 	4023 	3129 	2682 	2682 	3283 	4628 	4361 	3932 	3304 	3373 	35397 	10316 	11056 	12606 	9765 	3224 	2958 	4134 	3803 	3717 	3536 	4038 	4370 	4198 	3749 	2814 	3202 	43743 	: 	: 	: 	: 	: 	: 	: 	: 	: 	: 	: 	: 	: 	: 	: 	: 	: 	: 	: 	: 	: 	: 	: 	: 	: 	: 	: 	: 	: 	: 	: 	: 	: 	: 	: 	: 	: 	: 	: 	: 	: 	: 
SEAT,ST_PAS_ARR,SK_LZIB_RO_LRBS	: 	: 	: 	: 	: 	: 	: 	: 	: 	: 	: 	: 	: 	: 	: 	: 	: 	: 	: 	: 	: 	: 	: 	: 	: 	: 	: 	: 	: 	: 	: 	: 	: 	: 	: 	: 	: 	: 	: 	: 	: 	: 	: 	: 	: 	: 	: 	: 	: 	: 	: 	: 	: 	: 	: 	: 	: 	: 	: 	: 	: 	: 	: 	: 	: 	: 	: 	: 	: 	: 	: 	: 	: 	: 	: 	: 	: 	: 	: 	: 	: 	: 	: 	: 	: 	: 	: 	: 	: 	: 	: 	: 	: 	: 	: 	: 	: 	: 	: 	: 	: 	: 	: 	: 	: 	: 	: 	: 	: 	: 	: 	: 	: 	: 	: 	: 	: 	: 	: 	: 	: 	: 	: 	: 	: 	: 	: 	: 	: 	: 	: 	: 	: 	: 	: 	: 	: 	: 	: 	: 	: 	: 	: 	: 	: 	: 	: 	: 	: 	: 	: 	: 	: 	: 	: 	: 	: 	: 	: 	: 	: 	: 	: 	: 	: 	: 	: 	: 	: 	: 	: 	: 	: 	: 	: 	: 	: 	: 	: 	6262 	7655 	7124 	5346 	1878 	1974 	2410 	2942 	2303 	2410 	2261 	2458 	2405 	2176 	1496 	1674 	26387 	: 	: 	: 	: 	: 	: 	: 	: 	: 	: 	: 	: 	: 	: 	: 	: 	: 	: 	: 	: 	: 	: 	: 	: 	: 	: 	: 	: 	: 	: 	: 	: 	: 	: 	: 	: 	: 	: 	: 	: 	: 	: 
SEAT,ST_PAS_ARR,SK_LZIB_RU_UUEE	: 	: 	: 	: 	: 	: 	: 	: 	: 	: 	: 	: 	: 	: 	: 	: 	: 	: 	: 	: 	: 	: 	: 	: 	: 	: 	: 	: 	: 	: 	: 	: 	: 	: 	: 	: 	: 	: 	: 	: 	: 	: 	: 	: 	: 	: 	: 	: 	: 	: 	: 	: 	: 	: 	: 	: 	: 	: 	: 	: 	: 	: 	: 	: 	: 	: 	: 	: 	: 	: 	: 	: 	: 	: 	: 	: 	: 	: 	: 	: 	: 	: 	: 	: 	: 	: 	: 	: 	: 	: 	: 	: 	: 	: 	: 	: 	: 	: 	: 	: 	: 	: 	: 	: 	: 	: 	: 	: 	: 	: 	: 	: 	: 	: 	: 	: 	: 	: 	: 	: 	: 	: 	: 	: 	: 	: 	: 	: 	: 	: 	: 	: 	: 	: 	: 	: 	: 	: 	: 	: 	: 	: 	: 	: 	: 	: 	: 	: 	: 	: 	: 	: 	: 	: 	: 	: 	: 	: 	: 	: 	: 	: 	: 	: 	: 	: 	: 	: 	: 	: 	: 	: 	: 	: 	: 	: 	: 	: 	: 	5248 	5294 	5100 	5152 	1632 	1780 	1836 	1755 	1739 	1800 	1700 	1800 	1600 	1702 	1647 	1803 	20794 	: 	: 	: 	: 	: 	: 	: 	: 	: 	: 	: 	: 	: 	: 	: 	: 	: 	: 	: 	: 	: 	: 	: 	: 	: 	: 	: 	: 	: 	: 	: 	: 	: 	: 	: 	: 	: 	: 	: 	: 	: 	0 
SEAT,ST_PAS_ARR,SK_LZIB_RU_UUWW	10401 	11242 	3591 	3402 	3596 	3403 	4159 	3114 	3969 	12634 	8321 	13611 	17180 	4127 	3969 	4538 	3404 	2460 	2457 	2458 	5483 	5670 	5859 	5648 	5673 	51746 	: 	: 	: 	: 	: 	: 	: 	: 	: 	: 	: 	: 	: 	: 	: 	: 	: 	: 	: 	: 	: 	: 	: 	: 	: 	: 	: 	: 	: 	: 	: 	: 	: 	: 	: 	: 	: 	: 	: 	: 	: 	: 	: 	: 	: 	: 	: 	: 	: 	: 	: 	4690 	7020 	5420 	6253 	1430 	1310 	1950 	2008 	2152 	2860 	1628 	1756 	2036 	2028 	1798 	2427 	23383 	: 	: 	: 	: 	: 	: 	: 	: 	: 	: 	: 	: 	: 	: 	: 	: 	: 	: 	: 	: 	: 	: 	: 	: 	: 	: 	: 	: 	: 	: 	: 	: 	: 	: 	: 	: 	: 	: 	: 	: 	: 	: 	: 	: 	: 	: 	: 	: 	: 	: 	: 	: 	: 	: 	: 	: 	: 	: 	: 	: 	: 	: 	: 	: 	: 	: 	: 	: 	: 	: 	: 	: 	: 	: 	: 	: 	: 	: 	: 	: 	: 	: 	: 	: 	: 	: 	: 	: 	: 	: 	: 	: 	: 	: 	: 	: 	: 	: 	: 	: 	: 	: 	: 	: 	: 	: 	: 	: 	: 	: 	: 	: 	: 	: 	: 	: 	: 	: 	: 	: 	: 	: 	: 	: 	: 	: 	: 	: 	: 	: 	: 	: 	: 	: 	: 	: 	: 	: 	: 	: 	: 	: 	: 	: 
SEAT,ST_PAS_ARR,SK_LZIB_SE_ESKN	: 	: 	: 	: 	: 	: 	: 	: 	: 	: 	: 	: 	: 	: 	: 	: 	: 	: 	: 	: 	: 	: 	: 	: 	: 	: 	: 	: 	: 	: 	: 	: 	: 	: 	: 	: 	: 	: 	: 	: 	: 	: 	: 	: 	: 	: 	: 	: 	: 	: 	: 	: 	: 	: 	: 	: 	: 	: 	: 	: 	: 	: 	: 	: 	: 	: 	: 	: 	: 	: 	: 	: 	: 	: 	: 	: 	: 	: 	: 	: 	: 	: 	: 	: 	: 	: 	: 	: 	: 	: 	: 	: 	: 	: 	: 	: 	: 	: 	: 	: 	: 	: 	: 	: 	: 	: 	: 	: 	: 	: 	: 	5490 	7560 	7002 	6993 	1323 	1701 	2466 	2457 	2457 	2646 	2466 	2457 	2079 	2457 	2079 	2457 	27045 	6804 	7371 	7371 	7371 	2646 	1701 	2457 	2457 	2457 	2457 	2457 	2457 	2457 	2457 	2268 	2646 	28917 	9828 	13986 	15111 	12285 	2268 	2457 	5103 	5670 	4158 	4158 	4158 	6039 	4914 	4158 	3969 	4158 	51210 	: 	: 	: 	: 	: 	: 	: 	: 	: 	: 	: 	: 	: 	: 	: 	: 	: 	: 	: 	: 	: 	: 	: 	: 	: 	: 	: 	: 	: 	: 	: 	: 	: 	: 	: 	: 	: 	: 	: 	: 	: 	: 	: 	: 	: 	: 	: 	: 	: 	: 	: 	: 	: 	: 	: 	: 	: 	: 	: 	: 	: 	: 	: 	: 	: 	: 	: 	: 	: 	: 	: 	: 	: 	: 	: 	: 
SEAT,ST_PAS_ARR,SK_LZIB_SK_LZKZ	: 	: 	: 	: 	: 	: 	: 	: 	: 	4839 	3067 	5067 	5024 	1791 	1878 	1170 	1237 	984 	846 	2039 	1716 	1312 	1812 	1772 	1440 	17997 	5036 	3315 	3729 	3662 	1709 	1856 	1471 	1448 	896 	971 	1379 	1129 	1221 	1316 	1161 	1185 	15742 	: 	: 	: 	: 	: 	: 	: 	: 	: 	: 	: 	: 	: 	: 	: 	: 	: 	: 	: 	: 	: 	: 	: 	: 	: 	: 	: 	: 	: 	: 	: 	: 	: 	: 	6269 	8821 	8584 	8010 	1274 	1915 	3080 	2688 	3060 	3073 	2789 	2984 	2811 	2976 	2761 	2273 	31684 	8501 	9023 	10229 	8651 	2502 	2925 	3074 	2955 	3068 	3000 	3303 	3999 	2927 	3324 	2774 	2553 	36404 	8613 	11652 	10810 	11741 	2485 	3039 	3089 	3520 	4047 	4085 	3787 	3571 	3452 	4055 	3651 	4035 	42816 	12992 	25096 	36861 	27054 	4370 	4235 	4387 	4339 	9997 	10760 	11523 	11404 	13934 	8281 	7454 	11319 	102003 	36432 	37129 	42097 	42047 	11189 	12542 	12701 	12179 	12546 	12404 	13132 	14492 	14473 	14323 	13704 	14020 	157705 	40718 	27726 	31725 	25523 	12082 	13871 	14765 	9536 	8952 	9238 	10281 	11260 	10184 	9572 	7731 	8220 	125692 	23447 	24238 	23854 	23722 	7225 	8119 	8103 	7710 	8602 	7926 	8076 	8532 	7246 	8667 	7121 	7934 	95261 	: 	: 	: 	: 	: 	: 	: 	: 	: 	: 	: 	: 	: 	: 	: 	: 	: 	: 	: 	: 	: 	: 	: 	: 	: 	: 	: 	: 	: 	: 	: 	: 	: 	: 	: 	: 	: 	: 	: 	: 	: 	: 
SEAT,ST_PAS_ARR,SK_LZIB_TN_DTMB	: 	: 	: 	: 	: 	: 	: 	: 	: 	: 	: 	: 	: 	: 	: 	: 	: 	: 	: 	: 	: 	: 	: 	: 	: 	: 	: 	: 	: 	: 	: 	: 	: 	: 	: 	: 	: 	: 	: 	: 	: 	: 	: 	180 	14271 	2448 	: 	: 	: 	180 	3831 	5058 	5382 	2448 	: 	: 	: 	: 	: 	16899 	398 	14753 	2934 	: 	: 	: 	398 	3476 	5823 	5454 	2934 	: 	: 	: 	: 	: 	18085 	165 	15618 	4052 	: 	: 	: 	165 	3162 	6205 	6251 	3887 	165 	: 	: 	: 	: 	19835 	180 	11856 	1281 	: 	: 	: 	180 	3426 	4572 	3858 	1281 	: 	: 	: 	: 	: 	13317 	366 	13687 	4127 	: 	: 	: 	366 	3693 	4860 	5134 	3465 	662 	: 	: 	: 	: 	18180 	454 	13657 	5004 	: 	: 	: 	454 	3958 	4671 	5028 	4158 	846 	: 	: 	: 	: 	19115 	856 	19449 	6895 	: 	: 	: 	856 	5812 	6647 	6990 	5280 	1615 	: 	: 	: 	: 	27200 	1772 	15086 	5516 	: 	: 	: 	1772 	4250 	5039 	5797 	4625 	891 	: 	: 	: 	: 	22374 	1079 	13164 	4908 	: 	: 	: 	1079 	4186 	4555 	4423 	4148 	760 	: 	: 	: 	: 	19151 	: 	: 	: 	: 	: 	: 	: 	: 	: 	: 	: 	: 	: 	: 	: 	: 	: 	: 	: 	: 	: 	: 	: 	: 	: 	: 	: 	: 	: 	: 	: 	: 	: 	: 	: 	: 	: 	: 	: 	: 	: 	: 
SEAT,ST_PAS_ARR,SK_LZIB_TR_LTAI	5397 	14 	13992 	5019 	378 	: 	: 	6 	8 	756 	22743 	2814 	: 	: 	189 	567 	6069 	7182 	9492 	2814 	: 	: 	: 	: 	: 	26313 	1084 	61767 	14619 	525 	: 	189 	895 	15899 	22576 	23292 	13591 	1028 	: 	336 	: 	189 	77995 	1638 	49366 	12340 	: 	: 	189 	1449 	13965 	17878 	17523 	10864 	1476 	: 	: 	: 	: 	63344 	2855 	55196 	13994 	370 	190 	: 	2665 	15986 	19510 	19700 	13445 	549 	: 	370 	: 	: 	72415 	3463 	43735 	13836 	356 	: 	440 	3023 	13093 	15158 	15484 	12103 	1021 	712 	356 	: 	: 	61390 	3901 	51619 	15491 	627 	: 	438 	3463 	15510 	17802 	18307 	13066 	1327 	1098 	627 	: 	: 	71638 	3976 	33118 	11344 	: 	: 	880 	3096 	9246 	11634 	12238 	9626 	1718 	: 	: 	: 	: 	48438 	1548 	29850 	9262 	: 	: 	: 	1548 	9081 	10853 	9916 	8246 	846 	170 	: 	: 	: 	40660 	285 	25055 	8046 	5 	: 	: 	285 	6961 	8821 	9273 	8046 	: 	: 	: 	: 	5 	33391 	624 	19231 	5749 	: 	: 	385 	239 	5490 	6908 	6833 	5749 	: 	: 	: 	: 	: 	25604 	482 	10229 	2595 	235 	334 	: 	148 	2609 	3780 	3840 	2595 	: 	: 	235 	: 	: 	13541 	: 	: 	: 	: 	: 	: 	: 	: 	: 	: 	: 	: 	: 	: 	: 	: 	: 	: 	: 	: 	: 	: 	: 	: 	: 	: 	: 	: 	: 	: 	: 	: 	: 	: 	: 	: 	: 	: 	: 	: 	: 	: 
SEAT,ST_PAS_ARR,SK_LZIB_UK_EGBB	7371 	7371 	2457 	2457 	2457 	2457 	2457 	2268 	2646 	7560 	7645 	7371 	7920 	2646 	2457 	2457 	2457 	2731 	2457 	2457 	2457 	2457 	2646 	2628 	2646 	30496 	7560 	7371 	7371 	7371 	2835 	2079 	2646 	2457 	2457 	2457 	2457 	2457 	2457 	2457 	2268 	2646 	29673 	6431 	6808 	7375 	5111 	2268 	2457 	1706 	1701 	2461 	2646 	2272 	2646 	2457 	1701 	1515 	1895 	25725 	6237 	7371 	7371 	4534 	1890 	1701 	2646 	2268 	2646 	2457 	2457 	2457 	2457 	1512 	1512 	1510 	25513 	5481 	7371 	7378 	7371 	1890 	1323 	2268 	2457 	2457 	2457 	2457 	2653 	2268 	2646 	2268 	2457 	27601 	7560 	7371 	7371 	7560 	2646 	2457 	2457 	2457 	2457 	2457 	2457 	2457 	2457 	2646 	2268 	2646 	29862 	7368 	7749 	6854 	7182 	2457 	2454 	2457 	2457 	2646 	2646 	2507 	2457 	1890 	2457 	2268 	2457 	29153 	7560 	7182 	7791 	3235 	2646 	2268 	2646 	2457 	2457 	2268 	2457 	2457 	2877 	1239 	865 	1131 	25768 	9120 	15159 	9554 	12550 	2997 	3261 	2862 	4841 	5139 	5179 	2818 	2817 	3919 	4662 	3968 	3920 	46383 	: 	: 	: 	: 	: 	: 	: 	: 	: 	: 	: 	: 	: 	: 	: 	: 	: 	: 	: 	: 	: 	: 	: 	: 	: 	: 	: 	: 	: 	: 	: 	: 	: 	: 	: 	: 	: 	: 	: 	: 	: 	: 	: 	: 	: 	: 	: 	: 	: 	: 	: 	: 	: 	: 	: 	: 	: 	: 	: 	: 	: 	: 	: 	: 	: 	: 	: 	: 	: 	: 	: 	: 	: 	: 	: 	: 
SEAT,ST_PAS_ARR,SK_LZIB_UK_EGCC	7371 	7560 	2457 	2457 	2457 	2457 	2457 	2268 	2835 	7560 	7560 	7371 	: 	2646 	2457 	2457 	2457 	2457 	2646 	2457 	2457 	2457 	: 	: 	: 	22491 	: 	: 	: 	: 	: 	: 	: 	: 	: 	: 	: 	: 	: 	: 	: 	: 	: 	: 	: 	: 	: 	: 	: 	: 	: 	: 	: 	: 	: 	: 	: 	: 	: 	: 	: 	: 	: 	: 	: 	: 	: 	: 	: 	: 	: 	: 	: 	: 	: 	: 	: 	: 	: 	: 	: 	: 	: 	: 	: 	: 	: 	: 	: 	: 	: 	: 	: 	: 	: 	: 	: 	: 	: 	: 	: 	: 	: 	: 	: 	: 	: 	: 	: 	: 	: 	: 	: 	: 	: 	: 	: 	: 	: 	: 	: 	: 	: 	: 	: 	: 	: 	: 	1463 	5607 	10441 	11015 	1458 	5 	: 	: 	2659 	2948 	3115 	3584 	3742 	4302 	3604 	3109 	28526 	12963 	13708 	13708 	13559 	4470 	3874 	4619 	4470 	4619 	4619 	4470 	4619 	4619 	4619 	4321 	4619 	53938 	11557 	7748 	7832 	6039 	4470 	4107 	2980 	2533 	2682 	2533 	2682 	2687 	2463 	1974 	1740 	2325 	33176 	6028 	7144 	7060 	5410 	1926 	1793 	2309 	2425 	2293 	2426 	2293 	2458 	2309 	1926 	1628 	1856 	25642 	: 	: 	: 	: 	: 	: 	: 	: 	: 	: 	: 	: 	: 	: 	: 	: 	: 	: 	: 	: 	: 	: 	: 	: 	: 	: 	: 	: 	: 	: 	: 	: 	: 	: 	: 	: 	: 	: 	: 	: 	: 	: 
SEAT,ST_PAS_ARR,SK_LZIB_UK_EGGD	: 	: 	: 	: 	: 	: 	: 	: 	: 	: 	: 	: 	: 	: 	: 	: 	: 	: 	: 	: 	: 	: 	: 	: 	: 	: 	: 	: 	: 	: 	: 	: 	: 	: 	: 	: 	: 	: 	: 	: 	: 	: 	: 	: 	: 	: 	: 	: 	: 	: 	: 	: 	: 	: 	: 	: 	: 	: 	: 	: 	1890 	4914 	4914 	567 	: 	189 	1701 	1701 	1701 	1512 	1701 	1701 	1512 	567 	: 	: 	12285 	1701 	5103 	4914 	4914 	: 	378 	1323 	1701 	1701 	1701 	1512 	1701 	1701 	1512 	1701 	1701 	16632 	: 	: 	: 	: 	: 	: 	: 	: 	: 	: 	: 	: 	: 	: 	: 	: 	: 	5481 	4914 	4347 	4725 	2079 	1512 	1890 	1512 	1701 	1701 	1512 	1512 	1323 	1512 	1512 	1701 	19467 	4914 	4914 	4725 	4725 	1701 	1512 	1701 	1512 	1701 	1701 	1701 	1701 	1323 	1701 	1323 	1701 	19278 	5481 	4725 	6237 	7371 	1323 	1701 	2457 	1512 	1512 	1701 	1701 	2079 	2457 	2457 	2268 	2646 	23814 	: 	: 	: 	: 	: 	: 	: 	: 	: 	: 	: 	: 	: 	: 	: 	: 	: 	: 	: 	: 	: 	: 	: 	: 	: 	: 	: 	: 	: 	: 	: 	: 	: 	: 	: 	: 	: 	: 	: 	: 	: 	: 	: 	: 	: 	: 	: 	: 	: 	: 	: 	: 	: 	: 	: 	: 	: 	: 	: 	: 	: 	: 	: 	: 	: 	: 	: 	: 	: 	: 	: 	: 	: 	: 	: 	: 
SEAT,ST_PAS_ARR,SK_LZIB_UK_EGGP	: 	: 	: 	: 	: 	: 	: 	: 	: 	: 	: 	: 	: 	: 	: 	: 	: 	: 	: 	: 	: 	: 	: 	: 	: 	: 	7749 	7371 	7371 	7371 	2835 	2268 	2646 	2457 	2457 	2457 	2457 	2457 	2457 	2457 	2268 	2646 	29862 	7182 	6048 	5670 	5103 	2268 	2457 	2457 	1701 	1701 	2646 	1512 	1701 	2457 	1701 	1512 	1890 	24003 	6237 	7190 	7371 	5670 	1890 	1701 	2646 	2276 	2646 	2268 	2457 	2457 	2457 	2268 	1512 	1890 	26468 	5859 	7371 	7371 	7371 	1890 	1512 	2457 	2457 	2457 	2457 	2457 	2646 	2268 	2646 	2268 	2457 	27972 	6805 	4916 	4914 	5103 	2646 	2457 	1702 	1512 	1703 	1701 	1512 	1701 	1701 	1701 	1512 	1890 	21738 	6048 	7560 	6806 	6993 	1890 	1701 	2457 	2457 	2457 	2646 	2457 	2459 	1890 	2457 	2268 	2268 	27407 	: 	: 	: 	: 	: 	: 	: 	: 	: 	: 	: 	: 	: 	: 	: 	: 	: 	: 	: 	: 	: 	: 	: 	: 	: 	: 	: 	: 	: 	: 	: 	: 	: 	: 	: 	: 	: 	: 	: 	: 	: 	: 	: 	: 	: 	: 	: 	: 	: 	: 	: 	: 	: 	: 	: 	: 	: 	: 	: 	: 	: 	: 	: 	: 	: 	: 	: 	: 	: 	: 	: 	: 	: 	: 	: 	: 	: 	: 	: 	: 	: 	: 	: 	: 	: 	: 	: 	: 	: 	: 	: 	: 	: 	: 	: 	: 	: 	: 	: 	: 	: 	: 	: 	: 	: 	: 	: 	: 	: 	: 
SEAT,ST_PAS_ARR,SK_LZIB_UK_EGGW	: 	: 	: 	: 	: 	: 	: 	: 	: 	3591 	10017 	9830 	9838 	: 	189 	3402 	3213 	3402 	3402 	3215 	3213 	3402 	3024 	3213 	3601 	33276 	9833 	10966 	11341 	9644 	3403 	3213 	3217 	3213 	3426 	4327 	3214 	4158 	3969 	3403 	3024 	3217 	41784 	10395 	10587 	9831 	9262 	3024 	3213 	4158 	3971 	3403 	3213 	3403 	3214 	3214 	3025 	3024 	3213 	40075 	10027 	10025 	9864 	7767 	3591 	3223 	3213 	3410 	3213 	3402 	3231 	3412 	3221 	2646 	2278 	2843 	37683 	9480 	12488 	12381 	8720 	2835 	2843 	3802 	4158 	4164 	4166 	4158 	4057 	4166 	3410 	2465 	2845 	43069 	11364 	17428 	17215 	17216 	3213 	2465 	5686 	5680 	5864 	5884 	5670 	5867 	5678 	5859 	5301 	6056 	63223 	17222 	17397 	15913 	783 	5679 	5670 	5873 	5670 	5868 	5859 	5670 	5859 	4384 	765 	9 	9 	51315 	23 	6880 	12325 	18574 	: 	: 	23 	13 	3275 	3592 	3584 	4330 	4411 	5317 	5193 	8064 	37802 	24752 	29371 	26127 	23253 	7459 	8195 	9098 	9536 	9685 	10150 	7932 	9255 	8940 	8344 	7152 	7757 	103503 	: 	: 	: 	: 	: 	: 	: 	: 	: 	: 	: 	: 	: 	: 	: 	: 	: 	176 	11035 	12989 	12836 	9 	8 	159 	4331 	3724 	2980 	4496 	4172 	4321 	4616 	3739 	4481 	37036 	: 	: 	: 	: 	: 	: 	: 	: 	: 	: 	: 	: 	: 	: 	: 	: 	: 	: 	: 	: 	: 	: 	: 	: 	: 	: 	: 	: 	: 	: 	: 	: 	: 	: 	: 	: 	: 	: 	: 	: 	: 	: 
SEAT,ST_PAS_ARR,SK_LZIB_UK_EGNM	4914 	4915 	1715 	1701 	1701 	1512 	1702 	1512 	1701 	: 	: 	: 	: 	: 	: 	: 	: 	: 	: 	: 	: 	: 	: 	: 	: 	: 	: 	: 	: 	: 	: 	: 	: 	: 	: 	: 	: 	: 	: 	: 	: 	: 	: 	: 	: 	: 	: 	: 	: 	: 	: 	: 	: 	: 	: 	: 	: 	: 	: 	: 	: 	: 	: 	: 	: 	: 	: 	: 	: 	: 	: 	: 	: 	: 	: 	: 	: 	: 	: 	: 	: 	: 	: 	: 	: 	: 	: 	: 	: 	: 	: 	: 	: 	: 	: 	: 	: 	: 	: 	: 	: 	: 	: 	: 	: 	: 	: 	: 	: 	: 	: 	: 	: 	: 	: 	: 	: 	: 	: 	: 	: 	: 	: 	: 	: 	: 	: 	: 	: 	: 	: 	: 	: 	: 	: 	: 	: 	: 	: 	: 	: 	: 	: 	: 	: 	: 	: 	: 	: 	: 	: 	: 	: 	: 	: 	: 	: 	: 	: 	: 	: 	: 	: 	: 	: 	: 	: 	: 	: 	: 	: 	: 	: 	: 	: 	: 	: 	: 	: 	: 	: 	: 	: 	: 	: 	: 	: 	: 	: 	: 	: 	: 	: 	: 	: 	: 	: 	: 	: 	: 	: 	: 	: 	: 	: 	: 	: 	: 	: 	: 	: 	: 	: 	: 	: 	: 	: 	: 	: 	: 	: 	: 	: 	: 	: 	: 	: 	: 	: 	: 	: 	: 	: 	: 	: 	: 	: 	: 
SEAT,ST_PAS_ARR,SK_LZIB_UK_EGNX	: 	: 	: 	: 	: 	: 	: 	: 	: 	: 	: 	: 	: 	: 	: 	: 	: 	: 	: 	: 	: 	: 	: 	: 	: 	: 	: 	: 	: 	: 	: 	: 	: 	: 	: 	: 	: 	: 	: 	: 	: 	: 	: 	: 	: 	: 	: 	: 	: 	: 	: 	: 	: 	: 	: 	: 	: 	: 	: 	: 	: 	: 	: 	: 	: 	: 	: 	: 	: 	: 	: 	: 	: 	: 	: 	: 	: 	: 	: 	: 	: 	: 	: 	: 	: 	: 	: 	: 	: 	: 	: 	: 	: 	: 	: 	: 	: 	: 	: 	: 	: 	: 	: 	: 	: 	: 	: 	: 	: 	: 	: 	: 	: 	: 	: 	: 	: 	: 	: 	: 	: 	: 	: 	: 	: 	: 	: 	: 	: 	945 	4914 	9072 	: 	: 	: 	: 	: 	945 	1512 	1701 	1701 	3024 	2835 	3213 	14931 	9639 	9828 	9874 	9639 	3024 	3213 	3402 	3213 	3402 	3213 	3448 	3213 	3213 	3402 	3213 	3024 	38980 	9639 	10017 	9828 	3591 	3024 	3213 	3402 	3213 	3402 	3402 	3213 	3213 	3402 	3213 	378 	: 	33075 	: 	: 	: 	: 	: 	: 	: 	: 	: 	: 	: 	: 	: 	: 	: 	: 	: 	: 	: 	: 	: 	: 	: 	: 	: 	: 	: 	: 	: 	: 	: 	: 	: 	: 	: 	: 	: 	: 	: 	: 	: 	: 	: 	: 	: 	: 	: 	: 	: 	: 	: 	: 	: 	: 	: 	: 	: 	: 	: 
SEAT,ST_PAS_ARR,SK_LZIB_UK_EGPH	4914 	4914 	2457 	1701 	1512 	1701 	1701 	1512 	1701 	4914 	5864 	4914 	756 	1701 	1512 	1701 	1517 	1701 	2646 	1701 	1701 	1512 	756 	: 	: 	16448 	1282 	6048 	4915 	189 	: 	: 	1282 	1701 	1701 	2646 	1513 	1701 	1701 	189 	: 	: 	12434 	1323 	5957 	4914 	: 	: 	: 	1323 	1701 	1799 	2457 	1512 	1701 	1701 	: 	: 	: 	12194 	3024 	7371 	7371 	378 	: 	378 	2646 	2268 	2646 	2457 	2457 	2457 	2457 	378 	: 	: 	18144 	2268 	5103 	6245 	4914 	: 	: 	2268 	2457 	945 	1701 	2457 	2276 	1512 	1512 	1701 	1701 	18530 	5670 	7371 	7182 	5670 	1323 	1701 	2646 	2457 	2457 	2457 	2457 	2268 	2457 	2457 	1512 	1701 	25893 	6048 	10017 	8883 	4914 	1323 	1512 	3213 	3402 	3213 	3402 	3213 	3213 	2457 	1890 	1512 	1512 	29862 	6048 	10017 	9261 	6996 	1323 	1701 	3024 	3213 	3402 	3402 	3213 	3402 	2646 	2457 	2079 	2460 	32322 	: 	: 	: 	: 	: 	: 	: 	: 	: 	: 	: 	: 	: 	: 	: 	: 	: 	: 	: 	: 	: 	: 	: 	: 	: 	: 	: 	: 	: 	: 	: 	: 	: 	: 	: 	: 	: 	: 	: 	: 	: 	: 	: 	: 	: 	: 	: 	: 	: 	: 	: 	: 	: 	: 	: 	: 	: 	: 	: 	: 	: 	: 	: 	: 	: 	: 	: 	: 	: 	: 	: 	: 	: 	: 	: 	: 	: 	: 	: 	: 	: 	: 	: 	: 	: 	: 	: 	: 	: 	: 	: 	: 	: 
SEAT,ST_PAS_ARR,SK_LZIB_UK_EGSS	24570 	25326 	7371 	8127 	8316 	8127 	8505 	7938 	8883 	28728 	33323 	32847 	34209 	8694 	8316 	11718 	11342 	10263 	11718 	11340 	11718 	9789 	11718 	10962 	11529 	129107 	34400 	30639 	30647 	34083 	11529 	11153 	11718 	11340 	8799 	10500 	10109 	10458 	10080 	11592 	10773 	11718 	129769 	33831 	27594 	29486 	27405 	11718 	11151 	10962 	9828 	8316 	9450 	9641 	10206 	9639 	9072 	8505 	9828 	118316 	30240 	28407 	30249 	26838 	9639 	9072 	11529 	11151 	8552 	8704 	10395 	10215 	9639 	9639 	7938 	9261 	115734 	31374 	37422 	30616 	27783 	9261 	9072 	13041 	12852 	12474 	12096 	11529 	10582 	8505 	9072 	8694 	10017 	127195 	29862 	34593 	34398 	32886 	9639 	8505 	11718 	11346 	11529 	11718 	11340 	11718 	11340 	11718 	9450 	11718 	131739 	33266 	34779 	31941 	48202 	10964 	10584 	11718 	11343 	11718 	11718 	11340 	11718 	8883 	16065 	15127 	17010 	148188 	46495 	36099 	34398 	33642 	15310 	16254 	14931 	12663 	11718 	11718 	11340 	11718 	11340 	11718 	10206 	11718 	150634 	33264 	34776 	34398 	34737 	10584 	11340 	11340 	11340 	11718 	11718 	11340 	11718 	11340 	11907 	10963 	11867 	137175 	40687 	55861 	55269 	48498 	11220 	11340 	18127 	18012 	19019 	18830 	18343 	18987 	17939 	17353 	14955 	16190 	200315 	51412 	54311 	53809 	48677 	16719 	16179 	18514 	17750 	18331 	18230 	17937 	18427 	17445 	17693 	14594 	16390 	208209 	: 	: 	: 	: 	: 	: 	: 	: 	: 	: 	: 	: 	: 	: 	: 	: 	: 	: 	: 	: 	: 	: 	: 	: 	: 	: 	: 	: 	: 	: 	: 	: 	: 	: 	: 	: 	: 	: 	: 	: 	: 	: 
SEAT,ST_PAS_ARR,SK_LZKZ_AT_LOWW	13470 	10229 	4496 	4490 	4782 	4198 	4688 	2564 	2977 	12120 	13657 	13397 	9914 	3708 	4082 	4330 	4748 	5069 	3840 	3863 	4918 	4616 	3652 	3052 	3210 	49088 	10915 	13082 	12938 	9348 	3027 	3456 	4432 	4426 	4316 	4340 	4620 	4488 	3830 	3356 	2976 	3016 	46283 	9669 	12444 	11940 	9031 	2823 	2946 	3900 	4072 	4132 	4240 	4028 	4024 	3888 	3106 	2838 	3087 	43084 	10063 	11565 	11148 	9139 	3131 	3116 	3816 	3840 	3824 	3901 	3680 	3708 	3760 	3150 	2944 	3045 	41915 	9242 	9752 	11662 	9560 	2876 	3142 	3224 	3133 	3268 	3351 	5372 	3128 	3162 	3430 	3082 	3048 	40216 	9372 	9629 	9380 	9104 	2848 	3160 	3364 	3283 	3196 	3150 	2799 	3602 	2979 	3276 	2864 	2964 	37485 	8371 	8798 	7695 	5703 	2653 	2796 	2922 	2956 	3020 	2822 	2852 	2719 	2124 	1988 	1814 	1901 	30567 	5872 	6405 	5270 	5808 	1594 	2060 	2218 	2349 	2012 	2044 	1688 	1816 	1766 	2158 	1852 	1798 	23355 	5945 	8441 	7949 	6939 	1454 	2075 	2416 	2547 	2822 	3072 	2672 	2579 	2698 	2248 	2366 	2325 	29274 	6885 	8142 	7376 	6966 	1938 	2321 	2626 	2522 	2916 	2704 	2566 	2588 	2222 	2466 	2222 	2278 	29369 	6649 	7296 	6922 	6345 	1922 	2255 	2472 	2394 	2502 	2400 	2398 	2380 	2144 	2266 	1972 	2107 	27212 	: 	: 	: 	: 	: 	: 	: 	: 	: 	: 	: 	: 	: 	: 	: 	: 	: 	: 	: 	: 	: 	: 	: 	: 	: 	: 	: 	: 	: 	: 	: 	: 	: 	: 	: 	: 	: 	: 	: 	: 	: 	11315 
SEAT,ST_PAS_ARR,SK_LZKZ_BG_LBBG	: 	: 	: 	: 	: 	: 	: 	: 	: 	: 	15758 	2002 	: 	: 	: 	: 	1808 	6885 	7065 	2002 	: 	: 	: 	: 	: 	17760 	: 	13482 	1460 	: 	: 	: 	: 	1608 	5578 	6296 	1460 	: 	: 	: 	: 	: 	14942 	: 	13573 	1970 	: 	: 	: 	: 	869 	6518 	6186 	1970 	: 	: 	: 	: 	: 	15543 	: 	13254 	1237 	: 	: 	: 	: 	963 	6338 	5953 	1237 	: 	: 	: 	: 	: 	14491 	: 	13275 	1626 	: 	: 	: 	: 	1248 	6302 	5725 	1626 	: 	: 	: 	: 	: 	14901 	: 	9867 	1198 	: 	: 	: 	: 	799 	4547 	4521 	1198 	: 	: 	: 	: 	: 	11065 	: 	: 	: 	: 	: 	: 	: 	: 	: 	: 	: 	: 	: 	: 	: 	: 	: 	: 	: 	: 	: 	: 	: 	: 	: 	: 	: 	: 	: 	: 	: 	: 	: 	: 	: 	: 	: 	: 	: 	: 	: 	: 	: 	: 	: 	: 	: 	: 	: 	: 	: 	: 	: 	: 	: 	: 	: 	: 	: 	: 	: 	: 	: 	: 	: 	: 	: 	: 	: 	: 	: 	: 	: 	: 	: 	: 	: 	: 	: 	: 	: 	: 	: 	: 	: 	: 	: 	: 	: 	: 	: 	: 	: 	: 	: 	: 	: 	: 	: 	: 	: 	: 	: 	: 	: 	: 	: 	: 	: 	: 	: 	: 	: 	: 	: 	: 	: 	: 	: 	: 	: 	: 	: 	: 	: 	: 	: 
SEAT,ST_PAS_ARR,SK_LZKZ_CZ_LKPR	9354 	6954 	3293 	3075 	3431 	2848 	2246 	2194 	2514 	11704 	11945 	11211 	9061 	4732 	3149 	3823 	4423 	3921 	3601 	3740 	3567 	3904 	3520 	2601 	2940 	43921 	11383 	10629 	8345 	6420 	3458 	4007 	3918 	3734 	3286 	3609 	3051 	2748 	2546 	2244 	2120 	2056 	36777 	7748 	8824 	9418 	8694 	2364 	2464 	2920 	3346 	2790 	2688 	3066 	3242 	3110 	3168 	2604 	2922 	34684 	10794 	9734 	9547 	8932 	4326 	2989 	3479 	3664 	3003 	3067 	2826 	3347 	3374 	3350 	2812 	2770 	39007 	10772 	8549 	11633 	10763 	3608 	3583 	3581 	3196 	2652 	2701 	3844 	3844 	3945 	3317 	3708 	3738 	41717 	13009 	14872 	17059 	16741 	3841 	4031 	5137 	5117 	4922 	4833 	5429 	6131 	5499 	5343 	5566 	5832 	61681 	18310 	18740 	18357 	17435 	5774 	6188 	6348 	6061 	6325 	6354 	6226 	6546 	5585 	6298 	5354 	5783 	72842 	19870 	23173 	18948 	20738 	6348 	6064 	7458 	7507 	7647 	8019 	5076 	7075 	6797 	6540 	6842 	7356 	82729 	25771 	40034 	41078 	37449 	7216 	7687 	10868 	13579 	13158 	13297 	13198 	14891 	12989 	13083 	11384 	12982 	144332 	33920 	24715 	24539 	23064 	12444 	12681 	8795 	7662 	8504 	8549 	8156 	8386 	7997 	8167 	7270 	7627 	106238 	23088 	21394 	21152 	20598 	7881 	8078 	7129 	7226 	7148 	7020 	7240 	6962 	6950 	7040 	6394 	7164 	86232 	: 	: 	: 	: 	: 	: 	: 	: 	: 	: 	: 	: 	: 	: 	: 	: 	: 	: 	: 	: 	: 	: 	: 	: 	: 	: 	: 	: 	: 	: 	: 	: 	: 	: 	: 	: 	: 	: 	: 	: 	: 	75878 
SEAT,ST_PAS_ARR,SK_LZKZ_EG_HEGN	: 	: 	: 	: 	: 	: 	: 	: 	: 	: 	: 	: 	: 	: 	: 	: 	: 	: 	: 	: 	: 	: 	: 	: 	: 	: 	: 	: 	: 	: 	: 	: 	: 	: 	: 	: 	: 	: 	: 	: 	: 	: 	: 	: 	: 	: 	: 	: 	: 	: 	: 	: 	: 	: 	: 	: 	: 	: 	: 	: 	: 	: 	: 	: 	: 	: 	: 	: 	: 	: 	: 	: 	: 	: 	: 	: 	: 	: 	: 	: 	: 	: 	: 	: 	: 	: 	: 	: 	: 	: 	: 	: 	: 	: 	: 	: 	: 	: 	: 	: 	: 	: 	: 	: 	: 	: 	: 	: 	: 	: 	: 	673 	6853 	2252 	: 	: 	: 	673 	2102 	2160 	2591 	1966 	286 	: 	: 	: 	: 	9778 	297 	6668 	2881 	: 	: 	: 	297 	2137 	2149 	2382 	1489 	1392 	: 	: 	: 	: 	9846 	799 	8123 	3008 	: 	: 	: 	799 	2348 	2780 	2995 	2444 	564 	: 	: 	: 	: 	11930 	1145 	5859 	2587 	: 	: 	: 	1145 	1571 	2166 	2122 	2046 	541 	: 	: 	: 	: 	9591 	: 	: 	: 	: 	: 	: 	: 	: 	: 	: 	: 	: 	: 	: 	: 	: 	: 	: 	: 	: 	: 	: 	: 	: 	: 	: 	: 	: 	: 	: 	: 	: 	: 	: 	: 	: 	: 	: 	: 	: 	: 	: 	: 	: 	: 	: 	: 	: 	: 	: 	: 	: 	: 	: 	: 	: 	: 	: 	: 
SEAT,ST_PAS_ARR,SK_LZKZ_IE_EIDW	: 	: 	: 	: 	: 	: 	: 	: 	: 	: 	: 	: 	: 	: 	: 	: 	: 	: 	: 	: 	: 	: 	: 	: 	: 	: 	: 	: 	: 	: 	: 	: 	: 	: 	: 	: 	: 	: 	: 	: 	: 	: 	: 	: 	: 	: 	: 	: 	: 	: 	: 	: 	: 	: 	: 	: 	: 	: 	: 	: 	: 	: 	: 	: 	: 	: 	: 	: 	: 	: 	: 	: 	: 	: 	: 	: 	: 	: 	: 	: 	: 	: 	: 	: 	: 	: 	: 	: 	: 	: 	: 	: 	: 	: 	: 	: 	: 	: 	: 	: 	: 	: 	: 	: 	: 	: 	: 	: 	: 	: 	: 	: 	: 	: 	: 	: 	: 	: 	: 	: 	: 	: 	: 	: 	: 	: 	: 	: 	: 	: 	: 	: 	: 	: 	: 	: 	: 	: 	: 	: 	: 	: 	: 	: 	: 	1639 	5960 	5811 	5811 	: 	: 	1639 	1937 	1937 	2086 	1788 	2086 	1937 	1937 	1788 	2086 	19221 	: 	: 	: 	: 	: 	: 	: 	: 	: 	: 	: 	: 	: 	: 	: 	: 	: 	: 	: 	: 	: 	: 	: 	: 	: 	: 	: 	: 	: 	: 	: 	: 	: 	: 	: 	: 	: 	: 	: 	: 	: 	: 	: 	: 	: 	: 	: 	: 	: 	: 	: 	: 	: 	: 	: 	: 	: 	: 	: 	: 	: 	: 	: 	: 	: 	: 	: 	: 	: 	: 	: 	: 	: 	: 	: 	: 
SEAT,ST_PAS_ARR,SK_LZKZ_IT_LIME	: 	: 	: 	: 	: 	: 	: 	: 	: 	: 	: 	: 	: 	: 	: 	: 	: 	: 	: 	: 	: 	: 	: 	: 	: 	: 	4662 	4680 	1440 	0 	1260 	1620 	1782 	1440 	1620 	1620 	1440 	: 	0 	: 	0 	: 	10782 	: 	: 	: 	: 	: 	: 	: 	: 	: 	: 	: 	: 	: 	: 	: 	: 	: 	: 	: 	: 	: 	: 	: 	: 	: 	: 	: 	: 	: 	: 	: 	: 	: 	: 	: 	: 	: 	: 	: 	: 	: 	: 	: 	: 	: 	: 	: 	: 	: 	: 	: 	: 	: 	: 	: 	: 	: 	: 	: 	: 	: 	: 	: 	: 	: 	: 	: 	: 	: 	: 	: 	: 	: 	: 	: 	: 	: 	: 	: 	: 	: 	: 	: 	: 	: 	: 	: 	: 	: 	: 	: 	: 	: 	: 	: 	: 	: 	: 	: 	: 	: 	: 	: 	: 	: 	: 	: 	: 	: 	: 	: 	: 	: 	: 	: 	: 	: 	: 	: 	: 	: 	: 	: 	: 	: 	: 	: 	: 	: 	: 	: 	: 	: 	: 	: 	: 	: 	: 	: 	: 	: 	: 	: 	: 	: 	: 	: 	: 	: 	: 	: 	: 	: 	: 	: 	: 	: 	: 	: 	: 	: 	: 	: 	: 	: 	: 	: 	: 	: 	: 	: 	: 	: 	: 	: 	: 	: 	: 	: 	: 	: 	: 	: 	: 	: 	: 	: 	: 	: 	: 	: 	: 	: 	: 	: 
SEAT,ST_PAS_ARR,SK_LZKZ_PL_EPWA	: 	: 	: 	: 	: 	: 	: 	: 	: 	5620 	5586 	4589 	237 	1800 	1945 	1875 	1929 	1865 	1792 	1950 	769 	1870 	232 	5 	: 	16032 	: 	: 	: 	: 	: 	: 	: 	: 	: 	: 	: 	: 	: 	: 	: 	: 	: 	: 	: 	: 	: 	: 	: 	: 	: 	: 	: 	: 	: 	: 	: 	: 	: 	: 	: 	: 	: 	: 	: 	: 	: 	: 	: 	: 	: 	: 	: 	: 	: 	: 	: 	: 	: 	: 	: 	: 	: 	: 	: 	: 	: 	: 	: 	: 	: 	: 	: 	: 	: 	: 	: 	: 	: 	: 	: 	: 	: 	: 	: 	: 	: 	: 	: 	: 	: 	: 	: 	: 	: 	: 	: 	: 	: 	: 	: 	: 	: 	: 	: 	: 	: 	: 	: 	: 	: 	: 	: 	: 	: 	: 	: 	: 	: 	: 	: 	: 	: 	: 	: 	: 	: 	: 	: 	: 	: 	: 	: 	: 	: 	: 	: 	: 	: 	: 	: 	: 	: 	: 	: 	: 	: 	: 	: 	: 	: 	: 	: 	: 	: 	: 	: 	: 	: 	: 	: 	: 	: 	: 	: 	: 	: 	: 	: 	: 	: 	: 	: 	: 	: 	: 	: 	: 	: 	: 	: 	: 	: 	: 	: 	: 	: 	: 	: 	: 	: 	: 	: 	: 	: 	: 	: 	: 	: 	: 	: 	: 	: 	: 	: 	: 	: 	: 	: 	: 	: 	: 	: 	: 	: 	: 	: 	: 
SEAT,ST_PAS_ARR,SK_LZKZ_SK_LZIB	4362 	4945 	1855 	1772 	1461 	1129 	1752 	1797 	1396 	4931 	5731 	6286 	5168 	1797 	1798 	1336 	1933 	1759 	2039 	3232 	1744 	1310 	1806 	1755 	1607 	22116 	4823 	4986 	4800 	3795 	1668 	1856 	1299 	1271 	1268 	2447 	2439 	1137 	1224 	1349 	1225 	1221 	18404 	4510 	4952 	7049 	3925 	1355 	1260 	1895 	1942 	1264 	1746 	2595 	2071 	2383 	1283 	1386 	1256 	20436 	839 	1902 	5611 	7376 	27 	502 	310 	319 	847 	736 	2890 	1281 	1440 	3276 	2913 	1187 	15728 	3689 	5525 	4398 	3330 	1214 	1084 	1391 	1280 	2112 	2133 	1600 	1440 	1358 	1297 	1053 	980 	16942 	4118 	4510 	4958 	3862 	1200 	1486 	1432 	1852 	1259 	1399 	1549 	2081 	1328 	1446 	1269 	1147 	17448 	5278 	6098 	6648 	5384 	1389 	1628 	2261 	2088 	1994 	2016 	2939 	2068 	1641 	2027 	1759 	1598 	23408 	6511 	10948 	17126 	16908 	2033 	2048 	2430 	2488 	4016 	4444 	5371 	5576 	6179 	4664 	4447 	7797 	51493 	36417 	37380 	43257 	41900 	11208 	12537 	12672 	12154 	12840 	12386 	14079 	14696 	14482 	14169 	13714 	14017 	158954 	40736 	30870 	32328 	25578 	12382 	13481 	14873 	10124 	10491 	10255 	10729 	11254 	10345 	9468 	7743 	8367 	129512 	23580 	25069 	24202 	23973 	7231 	8146 	8203 	8037 	8995 	8037 	8085 	8863 	7254 	8938 	7326 	7709 	96824 	: 	: 	: 	: 	: 	: 	: 	: 	: 	: 	: 	: 	: 	: 	: 	: 	: 	: 	: 	: 	: 	: 	: 	: 	: 	: 	: 	: 	: 	: 	: 	: 	: 	: 	: 	: 	: 	: 	: 	: 	: 	: 
SEAT,ST_PAS_ARR,SK_LZKZ_TR_LTAI	: 	: 	: 	: 	: 	: 	: 	: 	: 	: 	8697 	1113 	: 	: 	: 	: 	2019 	3150 	3528 	1113 	: 	: 	: 	: 	: 	9810 	: 	22428 	6639 	378 	: 	: 	: 	6072 	7896 	8460 	6639 	: 	: 	378 	: 	: 	29445 	162 	18873 	4943 	: 	: 	: 	162 	5309 	6754 	6810 	4943 	0 	: 	: 	: 	: 	23978 	: 	16767 	4338 	: 	: 	: 	: 	4500 	5940 	6327 	4338 	: 	0 	: 	: 	: 	21105 	369 	15033 	4674 	: 	: 	: 	369 	4491 	5295 	5247 	4674 	: 	: 	: 	: 	: 	20076 	186 	15700 	4625 	: 	: 	: 	186 	4757 	5346 	5597 	4625 	: 	: 	: 	: 	: 	20511 	361 	10198 	3888 	: 	: 	: 	361 	2475 	3690 	4033 	3552 	336 	: 	: 	: 	: 	14447 	: 	: 	: 	: 	: 	: 	: 	: 	: 	: 	: 	: 	: 	: 	: 	: 	: 	: 	: 	: 	: 	: 	: 	: 	: 	: 	: 	: 	: 	: 	: 	: 	: 	: 	: 	: 	: 	: 	: 	: 	: 	: 	: 	: 	: 	: 	: 	: 	: 	: 	: 	: 	: 	: 	: 	: 	: 	: 	: 	: 	: 	: 	: 	: 	: 	: 	: 	: 	: 	: 	: 	: 	: 	: 	: 	: 	: 	: 	: 	: 	: 	: 	: 	: 	: 	: 	: 	: 	: 	: 	: 	: 	: 	: 	: 	: 	: 	: 	: 	: 	: 	: 	: 	: 	: 	: 	: 	: 	: 	: 
SEAT,ST_PAS_ARR,SK_LZKZ_UA_UKBB	: 	: 	: 	: 	: 	: 	: 	: 	: 	8182 	6191 	6508 	6567 	3516 	2068 	2598 	2377 	1960 	1854 	2250 	1899 	2359 	2153 	2153 	2261 	27448 	: 	: 	: 	: 	: 	: 	: 	: 	: 	: 	: 	: 	: 	: 	: 	: 	: 	: 	: 	: 	: 	: 	: 	: 	: 	: 	: 	: 	: 	: 	: 	: 	: 	: 	: 	: 	: 	: 	: 	: 	: 	: 	: 	: 	: 	: 	: 	: 	: 	: 	: 	: 	: 	: 	: 	: 	: 	: 	: 	: 	: 	: 	: 	: 	: 	: 	: 	: 	: 	: 	: 	: 	: 	: 	: 	: 	: 	: 	: 	: 	: 	: 	: 	: 	: 	: 	: 	: 	: 	: 	: 	: 	: 	: 	: 	: 	: 	: 	: 	: 	: 	: 	: 	: 	: 	: 	: 	: 	: 	: 	: 	: 	: 	: 	: 	: 	: 	: 	: 	: 	: 	: 	: 	: 	: 	: 	: 	: 	: 	: 	: 	: 	: 	: 	: 	: 	: 	: 	: 	: 	: 	: 	: 	: 	: 	: 	: 	: 	: 	: 	: 	: 	: 	: 	: 	: 	: 	: 	: 	: 	: 	: 	: 	: 	: 	: 	: 	: 	: 	: 	: 	: 	: 	: 	: 	: 	: 	: 	: 	: 	: 	: 	: 	: 	: 	: 	: 	: 	: 	: 	: 	: 	: 	: 	: 	: 	: 	: 	: 	: 	: 	: 	: 	: 	: 	: 	: 	: 	: 	: 	: 	: 
SEAT,ST_PAS_ARR,SK_LZKZ_UK_EGCN	5580 	4680 	2340 	1980 	1620 	1980 	1440 	1440 	1800 	4860 	6660 	5040 	4680 	1620 	1620 	1620 	1980 	2340 	2340 	1800 	1620 	1620 	1620 	1440 	1620 	21240 	4680 	4860 	1260 	: 	1620 	1620 	1440 	1620 	1620 	1620 	1260 	: 	: 	: 	: 	: 	10800 	: 	: 	: 	: 	: 	: 	: 	: 	: 	: 	: 	: 	: 	: 	: 	: 	: 	: 	: 	: 	: 	: 	: 	: 	: 	: 	: 	: 	: 	: 	: 	: 	: 	: 	: 	: 	: 	: 	: 	: 	: 	: 	: 	: 	: 	: 	: 	: 	: 	: 	: 	: 	: 	: 	: 	: 	: 	: 	: 	: 	: 	: 	: 	: 	: 	: 	: 	: 	: 	: 	: 	: 	: 	: 	: 	: 	: 	: 	: 	: 	: 	: 	: 	: 	: 	: 	: 	: 	: 	: 	: 	: 	: 	: 	: 	: 	: 	: 	: 	: 	: 	: 	: 	: 	: 	: 	: 	: 	: 	: 	: 	: 	: 	: 	: 	: 	: 	: 	: 	: 	: 	: 	: 	: 	: 	: 	: 	: 	: 	: 	: 	: 	: 	: 	: 	: 	: 	: 	: 	: 	: 	: 	: 	: 	: 	: 	: 	: 	: 	: 	: 	: 	: 	: 	: 	: 	: 	: 	: 	: 	: 	: 	: 	: 	: 	: 	: 	: 	: 	: 	: 	: 	: 	: 	: 	: 	: 	: 	: 	: 	: 	: 	: 	: 	: 	: 	: 	: 	: 	: 	: 	: 	: 	: 	: 
SEAT,ST_PAS_ARR,SK_LZKZ_UK_EGGD	: 	: 	: 	: 	: 	: 	: 	: 	: 	4680 	4860 	4500 	3060 	1620 	1440 	1620 	1620 	1620 	1620 	1260 	1620 	1620 	1080 	720 	1260 	17100 	: 	: 	: 	: 	: 	: 	: 	: 	: 	: 	: 	: 	: 	: 	: 	: 	: 	: 	: 	: 	: 	: 	: 	: 	: 	: 	: 	: 	: 	: 	: 	: 	: 	: 	: 	: 	: 	: 	: 	: 	: 	: 	: 	: 	: 	: 	: 	: 	: 	: 	: 	: 	: 	: 	: 	: 	: 	: 	: 	: 	: 	: 	: 	: 	: 	: 	: 	: 	: 	: 	: 	: 	: 	: 	: 	: 	: 	: 	: 	: 	: 	: 	: 	: 	: 	: 	: 	: 	: 	: 	: 	: 	: 	: 	: 	: 	: 	: 	: 	: 	: 	: 	: 	: 	: 	: 	: 	: 	: 	: 	: 	: 	: 	: 	: 	: 	: 	: 	: 	: 	: 	: 	: 	: 	: 	: 	: 	: 	: 	: 	: 	: 	: 	: 	: 	: 	: 	: 	: 	: 	: 	: 	: 	: 	: 	: 	: 	: 	: 	: 	: 	: 	: 	: 	: 	: 	: 	: 	: 	: 	: 	: 	: 	: 	: 	: 	: 	: 	: 	: 	: 	: 	: 	: 	: 	: 	: 	: 	: 	: 	: 	: 	: 	: 	: 	: 	: 	: 	: 	: 	: 	: 	: 	: 	: 	: 	: 	: 	: 	: 	: 	: 	: 	: 	: 	: 	: 	: 	: 	: 	: 	: 
SEAT,ST_PAS_ARR,SK_LZKZ_UK_EGGW	19080 	16380 	5400 	6120 	6300 	6660 	5760 	5040 	5580 	18900 	20880 	19260 	16560 	6300 	6120 	6480 	6480 	7200 	7200 	6660 	6480 	6120 	6120 	5220 	5220 	75600 	16200 	22140 	18540 	16020 	5220 	5400 	5580 	6480 	7920 	7740 	7560 	5580 	5400 	5580 	5040 	5400 	72900 	16380 	22320 	13500 	11881 	5220 	5580 	5580 	6480 	7740 	8100 	5760 	3960 	3780 	3960 	3601 	4320 	64081 	: 	: 	: 	: 	: 	: 	: 	: 	: 	: 	: 	: 	: 	: 	: 	: 	: 	: 	: 	: 	: 	: 	: 	: 	: 	: 	: 	: 	: 	: 	: 	: 	: 	: 	: 	: 	: 	: 	: 	: 	: 	: 	: 	: 	: 	: 	: 	: 	: 	: 	: 	: 	: 	: 	: 	: 	: 	: 	: 	: 	: 	: 	: 	: 	: 	: 	: 	: 	: 	3631 	9216 	5204 	: 	: 	: 	: 	1937 	1694 	5970 	1522 	1724 	1755 	1465 	1984 	18051 	7599 	7748 	5811 	5811 	2533 	2533 	2533 	2533 	2682 	2533 	1937 	1937 	1937 	1937 	1937 	1937 	26969 	: 	: 	: 	: 	: 	: 	: 	: 	: 	: 	: 	: 	: 	: 	: 	: 	: 	: 	: 	: 	: 	: 	: 	: 	: 	: 	: 	: 	: 	: 	: 	: 	: 	: 	: 	: 	: 	: 	: 	: 	: 	: 	: 	: 	: 	: 	: 	: 	: 	: 	: 	: 	: 	: 	: 	: 	: 	: 	: 	: 	: 	: 	: 	: 	: 	: 	: 	: 	: 	: 	: 	: 	: 	: 	: 	: 
SEAT,ST_PAS_DEP,SK_LZ99_AT_LO99	: 	: 	: 	: 	: 	: 	: 	: 	: 	: 	: 	: 	: 	: 	: 	: 	: 	: 	: 	: 	: 	: 	: 	: 	: 	: 	: 	: 	: 	: 	: 	: 	: 	: 	: 	: 	: 	: 	: 	: 	: 	: 	: 	: 	: 	: 	: 	: 	: 	: 	: 	: 	: 	: 	: 	: 	: 	: 	: 	: 	: 	: 	: 	: 	: 	: 	: 	: 	: 	: 	: 	: 	: 	: 	: 	: 	: 	: 	: 	: 	: 	: 	: 	: 	: 	: 	: 	: 	: 	: 	: 	: 	: 	: 	: 	: 	: 	: 	: 	: 	: 	: 	: 	: 	: 	: 	: 	: 	: 	: 	: 	: 	: 	: 	: 	: 	: 	: 	: 	: 	: 	: 	: 	: 	: 	: 	: 	: 	: 	: 	: 	: 	: 	: 	: 	: 	: 	: 	: 	: 	: 	: 	: 	: 	: 	: 	: 	: 	: 	: 	: 	: 	: 	: 	: 	: 	: 	: 	: 	: 	: 	: 	: 	: 	: 	: 	: 	: 	: 	: 	: 	: 	: 	: 	: 	: 	: 	: 	: 	: 	: 	: 	: 	: 	: 	: 	: 	: 	: 	: 	: 	: 	: 	: 	: 	: 	306930 	8090 	7688 	606264 	102235 	202029 	2666 	2652 	2772 	2666 	2666 	2550 	2472 	402366 	101799 	102099 	928972 	1005552 	6841 	6292 	5328 	301654 	601799 	102099 	2532 	2147 	2162 	2200 	2091 	2001 	1024013 	: 	: 	: 	: 	: 	: 	: 	: 	: 	: 	: 
SEAT,ST_PAS_DEP,SK_LZ99_BE_EB99	: 	: 	: 	: 	: 	: 	: 	: 	: 	: 	: 	: 	: 	: 	: 	: 	: 	: 	: 	: 	: 	: 	: 	: 	: 	: 	: 	: 	: 	: 	: 	: 	: 	: 	: 	: 	: 	: 	: 	: 	: 	: 	: 	: 	: 	: 	: 	: 	: 	: 	: 	: 	: 	: 	: 	: 	: 	: 	: 	: 	: 	: 	: 	: 	: 	: 	: 	: 	: 	: 	: 	: 	: 	: 	: 	: 	: 	: 	: 	: 	: 	: 	: 	: 	: 	: 	: 	: 	: 	: 	: 	: 	: 	: 	: 	: 	: 	: 	: 	: 	: 	: 	: 	: 	: 	: 	: 	: 	: 	: 	: 	: 	: 	: 	: 	: 	: 	: 	: 	: 	: 	: 	: 	: 	: 	: 	: 	: 	: 	: 	: 	: 	: 	: 	: 	: 	: 	: 	: 	: 	: 	: 	: 	: 	: 	: 	: 	: 	: 	: 	: 	: 	: 	: 	: 	: 	: 	: 	: 	: 	: 	: 	: 	: 	: 	: 	: 	: 	: 	: 	: 	: 	: 	: 	: 	: 	: 	: 	: 	: 	: 	: 	: 	: 	: 	: 	: 	: 	: 	: 	: 	: 	: 	: 	: 	: 	211572 	10573 	13659 	106495 	103612 	104285 	3675 	4138 	3180 	3255 	4305 	4749 	4605 	2656 	2240 	101599 	342299 	: 	: 	: 	: 	: 	: 	: 	: 	: 	: 	: 	: 	: 	: 	: 	: 	: 	: 	: 	: 	: 	: 	: 	: 	: 
SEAT,ST_PAS_DEP,SK_LZ99_BG_LB99	: 	: 	: 	: 	: 	: 	: 	: 	: 	: 	: 	: 	: 	: 	: 	: 	: 	: 	: 	: 	: 	: 	: 	: 	: 	: 	: 	: 	: 	: 	: 	: 	: 	: 	: 	: 	: 	: 	: 	: 	: 	: 	: 	: 	: 	: 	: 	: 	: 	: 	: 	: 	: 	: 	: 	: 	: 	: 	: 	: 	: 	: 	: 	: 	: 	: 	: 	: 	: 	: 	: 	: 	: 	: 	: 	: 	: 	: 	: 	: 	: 	: 	: 	: 	: 	: 	: 	: 	: 	: 	: 	: 	: 	: 	: 	: 	: 	: 	: 	: 	: 	: 	: 	: 	: 	: 	: 	: 	: 	: 	: 	: 	: 	: 	: 	: 	: 	: 	: 	: 	: 	: 	: 	: 	: 	: 	: 	: 	: 	: 	: 	: 	: 	: 	: 	: 	: 	: 	: 	: 	: 	: 	: 	: 	: 	: 	: 	: 	: 	: 	: 	: 	: 	: 	: 	: 	: 	: 	: 	: 	: 	: 	: 	: 	: 	: 	: 	: 	: 	: 	: 	: 	: 	: 	: 	: 	: 	: 	: 	: 	: 	: 	: 	: 	: 	: 	: 	: 	: 	: 	: 	: 	: 	: 	: 	: 	101389 	22330 	3516 	0 	101389 	: 	: 	3551 	9435 	9344 	3516 	: 	: 	0 	: 	: 	127235 	: 	116332 	3069 	152 	: 	: 	: 	101881 	6821 	7630 	3067 	2 	: 	119553 	152 	13527 	1678 	205 	15562 	222 	9234 	1308 	304 	11068 	: 
SEAT,ST_PAS_DEP,SK_LZ99_CZ_LK99	: 	: 	: 	: 	: 	: 	: 	: 	: 	: 	: 	: 	: 	: 	: 	: 	: 	: 	: 	: 	: 	: 	: 	: 	: 	: 	: 	: 	: 	: 	: 	: 	: 	: 	: 	: 	: 	: 	: 	: 	: 	: 	: 	: 	: 	: 	: 	: 	: 	: 	: 	: 	: 	: 	: 	: 	: 	: 	: 	: 	: 	: 	: 	: 	: 	: 	: 	: 	: 	: 	: 	: 	: 	: 	: 	: 	: 	: 	: 	: 	: 	: 	: 	: 	: 	: 	: 	: 	: 	: 	: 	: 	: 	: 	: 	: 	: 	: 	: 	: 	: 	: 	: 	: 	: 	: 	: 	: 	: 	: 	: 	: 	: 	: 	: 	: 	: 	: 	: 	: 	: 	: 	: 	: 	: 	: 	: 	: 	: 	: 	: 	: 	: 	: 	: 	: 	: 	: 	: 	: 	: 	: 	: 	: 	: 	: 	: 	: 	: 	: 	: 	: 	: 	: 	: 	: 	: 	: 	: 	: 	: 	: 	: 	: 	: 	: 	: 	: 	: 	: 	: 	: 	: 	: 	: 	: 	: 	: 	: 	: 	: 	: 	: 	: 	: 	: 	: 	: 	: 	: 	: 	: 	: 	: 	: 	: 	938624 	41360 	39605 	738364 	712437 	212636 	13551 	13452 	14136 	13772 	13744 	13246 	12615 	313514 	111941 	312909 	1757953 	1839871 	641929 	39906 	34700 	13939 	813347 	1012585 	613449 	13937 	14543 	13233 	13662 	13011 	2556406 	36401 	37326 	35478 	31683 	140888 	32295 	31690 	29496 	14064 	107545 	: 
SEAT,ST_PAS_DEP,SK_LZ99_DE_ED99	: 	: 	: 	: 	: 	: 	: 	: 	: 	: 	: 	: 	: 	: 	: 	: 	: 	: 	: 	: 	: 	: 	: 	: 	: 	: 	: 	: 	: 	: 	: 	: 	: 	: 	: 	: 	: 	: 	: 	: 	: 	: 	: 	: 	: 	: 	: 	: 	: 	: 	: 	: 	: 	: 	: 	: 	: 	: 	: 	: 	: 	: 	: 	: 	: 	: 	: 	: 	: 	: 	: 	: 	: 	: 	: 	: 	: 	: 	: 	: 	: 	: 	: 	: 	: 	: 	: 	: 	: 	: 	: 	: 	: 	: 	: 	: 	: 	: 	: 	: 	: 	: 	: 	: 	: 	: 	: 	: 	: 	: 	: 	: 	: 	: 	: 	: 	: 	: 	: 	: 	: 	: 	: 	: 	: 	: 	: 	: 	: 	: 	: 	: 	: 	: 	: 	: 	: 	: 	: 	: 	: 	: 	: 	: 	: 	: 	: 	: 	: 	: 	: 	: 	: 	: 	: 	: 	: 	: 	: 	: 	: 	: 	: 	: 	: 	: 	: 	: 	: 	: 	: 	: 	: 	: 	: 	: 	: 	: 	: 	: 	: 	: 	: 	: 	: 	: 	: 	: 	: 	: 	: 	: 	: 	: 	: 	: 	1032525 	16995 	19174 	1625804 	512455 	513742 	6328 	5770 	5818 	5407 	6124 	5649 	7401 	709226 	308022 	608556 	2694498 	2321813 	713016 	9543 	5361 	711861 	505737 	1104215 	704195 	4315 	4506 	4015 	4052 	1476 	3049733 	: 	: 	: 	: 	: 	: 	: 	: 	: 	: 	: 
SEAT,ST_PAS_DEP,SK_LZ99_EG_HE99	: 	: 	: 	: 	: 	: 	: 	: 	: 	: 	: 	: 	: 	: 	: 	: 	: 	: 	: 	: 	: 	: 	: 	: 	: 	: 	: 	: 	: 	: 	: 	: 	: 	: 	: 	: 	: 	: 	: 	: 	: 	: 	: 	: 	: 	: 	: 	: 	: 	: 	: 	: 	: 	: 	: 	: 	: 	: 	: 	: 	: 	: 	: 	: 	: 	: 	: 	: 	: 	: 	: 	: 	: 	: 	: 	: 	: 	: 	: 	: 	: 	: 	: 	: 	: 	: 	: 	: 	: 	: 	: 	: 	: 	: 	: 	: 	: 	: 	: 	: 	: 	: 	: 	: 	: 	: 	: 	: 	: 	: 	: 	: 	: 	: 	: 	: 	: 	: 	: 	: 	: 	: 	: 	: 	: 	: 	: 	: 	: 	: 	: 	: 	: 	: 	: 	: 	: 	: 	: 	: 	: 	: 	: 	: 	: 	: 	: 	: 	: 	: 	: 	: 	: 	: 	: 	: 	: 	: 	: 	: 	: 	: 	: 	: 	: 	: 	: 	: 	: 	: 	: 	: 	: 	: 	: 	: 	: 	: 	: 	: 	: 	: 	: 	: 	: 	: 	: 	: 	: 	: 	: 	: 	: 	: 	: 	: 	107532 	26435 	22503 	3189 	1332 	101183 	5017 	7235 	8894 	10306 	10838 	8847 	2818 	1637 	664 	888 	159659 	513743 	231814 	19950 	3163 	1924 	3048 	508771 	210091 	10524 	11199 	10735 	7250 	1965 	768670 	10768 	14208 	5338 	2090 	32404 	6140 	9640 	5203 	: 	20983 	: 
SEAT,ST_PAS_DEP,SK_LZ99_EL_LG99	: 	: 	: 	: 	: 	: 	: 	: 	: 	: 	: 	: 	: 	: 	: 	: 	: 	: 	: 	: 	: 	: 	: 	: 	: 	: 	: 	: 	: 	: 	: 	: 	: 	: 	: 	: 	: 	: 	: 	: 	: 	: 	: 	: 	: 	: 	: 	: 	: 	: 	: 	: 	: 	: 	: 	: 	: 	: 	: 	: 	: 	: 	: 	: 	: 	: 	: 	: 	: 	: 	: 	: 	: 	: 	: 	: 	: 	: 	: 	: 	: 	: 	: 	: 	: 	: 	: 	: 	: 	: 	: 	: 	: 	: 	: 	: 	: 	: 	: 	: 	: 	: 	: 	: 	: 	: 	: 	: 	: 	: 	: 	: 	: 	: 	: 	: 	: 	: 	: 	: 	: 	: 	: 	: 	: 	: 	: 	: 	: 	: 	: 	: 	: 	: 	: 	: 	: 	: 	: 	: 	: 	: 	: 	: 	: 	: 	: 	: 	: 	: 	: 	: 	: 	: 	: 	: 	: 	: 	: 	: 	: 	: 	: 	: 	: 	: 	: 	: 	: 	: 	: 	: 	: 	: 	: 	: 	: 	: 	: 	: 	: 	: 	: 	: 	: 	: 	: 	: 	: 	: 	: 	: 	: 	: 	: 	: 	828 	50984 	13452 	148 	: 	: 	828 	14428 	17864 	18692 	12772 	680 	: 	: 	: 	148 	65412 	1389 	44740 	11774 	389 	399 	162 	828 	13151 	15831 	15758 	11079 	695 	: 	58292 	1419 	44073 	10952 	408 	56852 	1954 	32189 	9054 	: 	43197 	: 
SEAT,ST_PAS_DEP,SK_LZ99_ES_LE99	: 	: 	: 	: 	: 	: 	: 	: 	: 	: 	: 	: 	: 	: 	: 	: 	: 	: 	: 	: 	: 	: 	: 	: 	: 	: 	: 	: 	: 	: 	: 	: 	: 	: 	: 	: 	: 	: 	: 	: 	: 	: 	: 	: 	: 	: 	: 	: 	: 	: 	: 	: 	: 	: 	: 	: 	: 	: 	: 	: 	: 	: 	: 	: 	: 	: 	: 	: 	: 	: 	: 	: 	: 	: 	: 	: 	: 	: 	: 	: 	: 	: 	: 	: 	: 	: 	: 	: 	: 	: 	: 	: 	: 	: 	: 	: 	: 	: 	: 	: 	: 	: 	: 	: 	: 	: 	: 	: 	: 	: 	: 	: 	: 	: 	: 	: 	: 	: 	: 	: 	: 	: 	: 	: 	: 	: 	: 	: 	: 	: 	: 	: 	: 	: 	: 	: 	: 	: 	: 	: 	: 	: 	: 	: 	: 	: 	: 	: 	: 	: 	: 	: 	: 	: 	: 	: 	: 	: 	: 	: 	: 	: 	: 	: 	: 	: 	: 	: 	: 	: 	: 	: 	: 	: 	: 	: 	: 	: 	: 	: 	: 	: 	: 	: 	: 	: 	: 	: 	: 	: 	: 	: 	: 	: 	: 	: 	104920 	14285 	6329 	3568 	1241 	101811 	1868 	4132 	5215 	4938 	3814 	1205 	1310 	1314 	1057 	1197 	129102 	3584 	11577 	5352 	256 	1064 	1190 	1330 	2928 	4245 	4404 	3061 	1345 	946 	20769 	: 	: 	: 	: 	: 	: 	: 	: 	: 	: 	: 
SEAT,ST_PAS_DEP,SK_LZ99_FR_LF99	: 	: 	: 	: 	: 	: 	: 	: 	: 	: 	: 	: 	: 	: 	: 	: 	: 	: 	: 	: 	: 	: 	: 	: 	: 	: 	: 	: 	: 	: 	: 	: 	: 	: 	: 	: 	: 	: 	: 	: 	: 	: 	: 	: 	: 	: 	: 	: 	: 	: 	: 	: 	: 	: 	: 	: 	: 	: 	: 	: 	: 	: 	: 	: 	: 	: 	: 	: 	: 	: 	: 	: 	: 	: 	: 	: 	: 	: 	: 	: 	: 	: 	: 	: 	: 	: 	: 	: 	: 	: 	: 	: 	: 	: 	: 	: 	: 	: 	: 	: 	: 	: 	: 	: 	: 	: 	: 	: 	: 	: 	: 	: 	: 	: 	: 	: 	: 	: 	: 	: 	: 	: 	: 	: 	: 	: 	: 	: 	: 	: 	: 	: 	: 	: 	: 	: 	: 	: 	: 	: 	: 	: 	: 	: 	: 	: 	: 	: 	: 	: 	: 	: 	: 	: 	: 	: 	: 	: 	: 	: 	: 	: 	: 	: 	: 	: 	: 	: 	: 	: 	: 	: 	: 	: 	: 	: 	: 	: 	: 	: 	: 	: 	: 	: 	: 	: 	: 	: 	: 	: 	: 	: 	: 	: 	: 	: 	228579 	20961 	25442 	14765 	109365 	110191 	9023 	7824 	6599 	6538 	7803 	8789 	8850 	5439 	4788 	4538 	289747 	621545 	222334 	21954 	8947 	5448 	307233 	308864 	207627 	7250 	7457 	7734 	10200 	4020 	874780 	11692 	2975 	100 	158 	14925 	: 	: 	: 	: 	: 	: 
SEAT,ST_PAS_DEP,SK_LZ99_HR_LD99	: 	: 	: 	: 	: 	: 	: 	: 	: 	: 	: 	: 	: 	: 	: 	: 	: 	: 	: 	: 	: 	: 	: 	: 	: 	: 	: 	: 	: 	: 	: 	: 	: 	: 	: 	: 	: 	: 	: 	: 	: 	: 	: 	: 	: 	: 	: 	: 	: 	: 	: 	: 	: 	: 	: 	: 	: 	: 	: 	: 	: 	: 	: 	: 	: 	: 	: 	: 	: 	: 	: 	: 	: 	: 	: 	: 	: 	: 	: 	: 	: 	: 	: 	: 	: 	: 	: 	: 	: 	: 	: 	: 	: 	: 	: 	: 	: 	: 	: 	: 	: 	: 	: 	: 	: 	: 	: 	: 	: 	: 	: 	: 	: 	: 	: 	: 	: 	: 	: 	: 	: 	: 	: 	: 	: 	: 	: 	: 	: 	: 	: 	: 	: 	: 	: 	: 	: 	: 	: 	: 	: 	: 	: 	: 	: 	: 	: 	: 	: 	: 	: 	: 	: 	: 	: 	: 	: 	: 	: 	: 	: 	: 	: 	: 	: 	: 	: 	: 	: 	: 	: 	: 	: 	: 	: 	: 	: 	: 	: 	: 	: 	: 	: 	: 	: 	: 	: 	: 	: 	: 	: 	: 	: 	: 	: 	: 	445 	12999 	4309 	10 	377 	60 	8 	3269 	4881 	4849 	3309 	1000 	: 	: 	: 	10 	17763 	: 	: 	: 	: 	: 	: 	: 	: 	: 	: 	: 	: 	: 	: 	: 	: 	: 	: 	: 	: 	: 	: 	: 	: 	: 
SEAT,ST_PAS_DEP,SK_LZ99_IN_VI99	: 	: 	: 	: 	: 	: 	: 	: 	: 	: 	: 	: 	: 	: 	: 	: 	: 	: 	: 	: 	: 	: 	: 	: 	: 	: 	: 	: 	: 	: 	: 	: 	: 	: 	: 	: 	: 	: 	: 	: 	: 	: 	: 	: 	: 	: 	: 	: 	: 	: 	: 	: 	: 	: 	: 	: 	: 	: 	: 	: 	: 	: 	: 	: 	: 	: 	: 	: 	: 	: 	: 	: 	: 	: 	: 	: 	: 	: 	: 	: 	: 	: 	: 	: 	: 	: 	: 	: 	: 	: 	: 	: 	: 	: 	: 	: 	: 	: 	: 	: 	: 	: 	: 	: 	: 	: 	: 	: 	: 	: 	: 	: 	: 	: 	: 	: 	: 	: 	: 	: 	: 	: 	: 	: 	: 	: 	: 	: 	: 	: 	: 	: 	: 	: 	: 	: 	: 	: 	: 	: 	: 	: 	: 	: 	: 	: 	: 	: 	: 	: 	: 	: 	: 	: 	: 	: 	: 	: 	: 	: 	: 	: 	: 	: 	: 	: 	: 	: 	: 	: 	: 	: 	: 	: 	: 	: 	: 	: 	: 	: 	: 	: 	: 	: 	: 	: 	: 	: 	: 	: 	: 	: 	: 	: 	: 	: 	6528 	7344 	6732 	9397 	1836 	2040 	2652 	1836 	3060 	2448 	1224 	1632 	3876 	4080 	3481 	1836 	30001 	: 	: 	: 	: 	: 	: 	: 	: 	: 	: 	: 	: 	: 	: 	: 	: 	: 	: 	: 	: 	: 	: 	: 	: 	: 
SEAT,ST_PAS_DEP,SK_LZ99_IT_LI99	: 	: 	: 	: 	: 	: 	: 	: 	: 	: 	: 	: 	: 	: 	: 	: 	: 	: 	: 	: 	: 	: 	: 	: 	: 	: 	: 	: 	: 	: 	: 	: 	: 	: 	: 	: 	: 	: 	: 	: 	: 	: 	: 	: 	: 	: 	: 	: 	: 	: 	: 	: 	: 	: 	: 	: 	: 	: 	: 	: 	: 	: 	: 	: 	: 	: 	: 	: 	: 	: 	: 	: 	: 	: 	: 	: 	: 	: 	: 	: 	: 	: 	: 	: 	: 	: 	: 	: 	: 	: 	: 	: 	: 	: 	: 	: 	: 	: 	: 	: 	: 	: 	: 	: 	: 	: 	: 	: 	: 	: 	: 	: 	: 	: 	: 	: 	: 	: 	: 	: 	: 	: 	: 	: 	: 	: 	: 	: 	: 	: 	: 	: 	: 	: 	: 	: 	: 	: 	: 	: 	: 	: 	: 	: 	: 	: 	: 	: 	: 	: 	: 	: 	: 	: 	: 	: 	: 	: 	: 	: 	: 	: 	: 	: 	: 	: 	: 	: 	: 	: 	: 	: 	: 	: 	: 	: 	: 	: 	: 	: 	: 	: 	: 	: 	: 	: 	: 	: 	: 	: 	: 	: 	: 	: 	: 	: 	440202 	22677 	24829 	421691 	213299 	214187 	12716 	7562 	7687 	7428 	7597 	8289 	8943 	8329 	207264 	206098 	909399 	316765 	311746 	11377 	4273 	5777 	106630 	204358 	305007 	3513 	3226 	3785 	4232 	3360 	644161 	: 	: 	: 	: 	: 	: 	: 	: 	: 	: 	: 
SEAT,ST_PAS_DEP,SK_LZ99_NL_EH99	: 	: 	: 	: 	: 	: 	: 	: 	: 	: 	: 	: 	: 	: 	: 	: 	: 	: 	: 	: 	: 	: 	: 	: 	: 	: 	: 	: 	: 	: 	: 	: 	: 	: 	: 	: 	: 	: 	: 	: 	: 	: 	: 	: 	: 	: 	: 	: 	: 	: 	: 	: 	: 	: 	: 	: 	: 	: 	: 	: 	: 	: 	: 	: 	: 	: 	: 	: 	: 	: 	: 	: 	: 	: 	: 	: 	: 	: 	: 	: 	: 	: 	: 	: 	: 	: 	: 	: 	: 	: 	: 	: 	: 	: 	: 	: 	: 	: 	: 	: 	: 	: 	: 	: 	: 	: 	: 	: 	: 	: 	: 	: 	: 	: 	: 	: 	: 	: 	: 	: 	: 	: 	: 	: 	: 	: 	: 	: 	: 	: 	: 	: 	: 	: 	: 	: 	: 	: 	: 	: 	: 	: 	: 	: 	: 	: 	: 	: 	: 	: 	: 	: 	: 	: 	: 	: 	: 	: 	: 	: 	: 	: 	: 	: 	: 	: 	: 	: 	: 	: 	: 	: 	: 	: 	: 	: 	: 	: 	: 	: 	: 	: 	: 	: 	: 	: 	: 	: 	: 	: 	: 	: 	: 	: 	: 	: 	110578 	10845 	12690 	8276 	3131 	103324 	4123 	3748 	3624 	3473 	3956 	4284 	4450 	3074 	2527 	2675 	142389 	8196 	106890 	6884 	402 	2979 	2793 	2424 	102260 	2369 	2261 	2264 	2409 	2211 	122372 	: 	: 	: 	: 	: 	: 	: 	: 	: 	: 	: 
SEAT,ST_PAS_DEP,SK_LZ99_RU_UU99	: 	: 	: 	: 	: 	: 	: 	: 	: 	: 	: 	: 	: 	: 	: 	: 	: 	: 	: 	: 	: 	: 	: 	: 	: 	: 	: 	: 	: 	: 	: 	: 	: 	: 	: 	: 	: 	: 	: 	: 	: 	: 	: 	: 	: 	: 	: 	: 	: 	: 	: 	: 	: 	: 	: 	: 	: 	: 	: 	: 	: 	: 	: 	: 	: 	: 	: 	: 	: 	: 	: 	: 	: 	: 	: 	: 	: 	: 	: 	: 	: 	: 	: 	: 	: 	: 	: 	: 	: 	: 	: 	: 	: 	: 	: 	: 	: 	: 	: 	: 	: 	: 	: 	: 	: 	: 	: 	: 	: 	: 	: 	: 	: 	: 	: 	: 	: 	: 	: 	: 	: 	: 	: 	: 	: 	: 	: 	: 	: 	: 	: 	: 	: 	: 	: 	: 	: 	: 	: 	: 	: 	: 	: 	: 	: 	: 	: 	: 	: 	: 	: 	: 	: 	: 	: 	: 	: 	: 	: 	: 	: 	: 	: 	: 	: 	: 	: 	: 	: 	: 	: 	: 	: 	: 	: 	: 	: 	: 	: 	: 	: 	: 	: 	: 	: 	: 	: 	: 	: 	: 	: 	: 	: 	: 	: 	: 	206198 	5579 	8238 	5813 	201783 	1976 	2439 	1792 	1897 	1890 	2520 	2878 	2840 	1477 	1820 	2516 	225828 	207460 	107552 	7449 	7646 	102219 	2552 	102689 	102444 	2743 	2365 	2246 	2682 	2521 	330107 	7411 	6069 	5961 	5873 	25314 	5802 	6338 	6263 	154 	18557 	: 
SEAT,ST_PAS_DEP,SK_LZ99_SK_LZ99	: 	: 	: 	: 	: 	: 	: 	: 	: 	: 	: 	: 	: 	: 	: 	: 	: 	: 	: 	: 	: 	: 	: 	: 	: 	: 	: 	: 	: 	: 	: 	: 	: 	: 	: 	: 	: 	: 	: 	: 	: 	: 	: 	: 	: 	: 	: 	: 	: 	: 	: 	: 	: 	: 	: 	: 	: 	: 	: 	: 	: 	: 	: 	: 	: 	: 	: 	: 	: 	: 	: 	: 	: 	: 	: 	: 	: 	: 	: 	: 	: 	: 	: 	: 	: 	: 	: 	: 	: 	: 	: 	: 	: 	: 	: 	: 	: 	: 	: 	: 	: 	: 	: 	: 	: 	: 	: 	: 	: 	: 	: 	: 	: 	: 	: 	: 	: 	: 	: 	: 	: 	: 	: 	: 	: 	: 	: 	: 	: 	: 	: 	: 	: 	: 	: 	: 	: 	: 	: 	: 	: 	: 	: 	: 	: 	: 	: 	: 	: 	: 	: 	: 	: 	: 	: 	: 	: 	: 	: 	: 	: 	: 	: 	: 	: 	: 	: 	: 	: 	: 	: 	: 	: 	: 	: 	: 	: 	: 	: 	: 	: 	: 	: 	: 	: 	: 	: 	: 	: 	: 	: 	: 	: 	: 	: 	: 	139690 	32499 	37368 	617489 	112959 	13092 	13639 	11896 	10399 	10204 	11182 	12135 	14051 	507500 	5460 	104529 	827046 	812712 	414037 	14692 	15618 	203838 	4500 	604374 	404695 	4734 	4608 	5311 	4766 	4615 	1257059 	16228 	17839 	13768 	9854 	57689 	13094 	12454 	17592 	5106 	48246 	: 
SEAT,ST_PAS_DEP,SK_LZ99_TN_DT99	: 	: 	: 	: 	: 	: 	: 	: 	: 	: 	: 	: 	: 	: 	: 	: 	: 	: 	: 	: 	: 	: 	: 	: 	: 	: 	: 	: 	: 	: 	: 	: 	: 	: 	: 	: 	: 	: 	: 	: 	: 	: 	: 	: 	: 	: 	: 	: 	: 	: 	: 	: 	: 	: 	: 	: 	: 	: 	: 	: 	: 	: 	: 	: 	: 	: 	: 	: 	: 	: 	: 	: 	: 	: 	: 	: 	: 	: 	: 	: 	: 	: 	: 	: 	: 	: 	: 	: 	: 	: 	: 	: 	: 	: 	: 	: 	: 	: 	: 	: 	: 	: 	: 	: 	: 	: 	: 	: 	: 	: 	: 	: 	: 	: 	: 	: 	: 	: 	: 	: 	: 	: 	: 	: 	: 	: 	: 	: 	: 	: 	: 	: 	: 	: 	: 	: 	: 	: 	: 	: 	: 	: 	: 	: 	: 	: 	: 	: 	: 	: 	: 	: 	: 	: 	: 	: 	: 	: 	: 	: 	: 	: 	: 	: 	: 	: 	: 	: 	: 	: 	: 	: 	: 	: 	: 	: 	: 	: 	: 	: 	: 	: 	: 	: 	: 	: 	: 	: 	: 	: 	: 	: 	: 	: 	: 	: 	1701 	32808 	10618 	126 	: 	: 	1701 	9375 	11836 	11597 	8786 	1832 	: 	: 	: 	126 	45253 	301866 	23939 	8449 	: 	: 	: 	301866 	7164 	8184 	8591 	6177 	2272 	: 	334254 	1692 	15245 	5735 	: 	22672 	1092 	10563 	4308 	: 	15963 	: 
SEAT,ST_PAS_DEP,SK_LZ99_TR_LT99	: 	: 	: 	: 	: 	: 	: 	: 	: 	: 	: 	: 	: 	: 	: 	: 	: 	: 	: 	: 	: 	: 	: 	: 	: 	: 	: 	: 	: 	: 	: 	: 	: 	: 	: 	: 	: 	: 	: 	: 	: 	: 	: 	: 	: 	: 	: 	: 	: 	: 	: 	: 	: 	: 	: 	: 	: 	: 	: 	: 	: 	: 	: 	: 	: 	: 	: 	: 	: 	: 	: 	: 	: 	: 	: 	: 	: 	: 	: 	: 	: 	: 	: 	: 	: 	: 	: 	: 	: 	: 	: 	: 	: 	: 	: 	: 	: 	: 	: 	: 	: 	: 	: 	: 	: 	: 	: 	: 	: 	: 	: 	: 	: 	: 	: 	: 	: 	: 	: 	: 	: 	: 	: 	: 	: 	: 	: 	: 	: 	: 	: 	: 	: 	: 	: 	: 	: 	: 	: 	: 	: 	: 	: 	: 	: 	: 	: 	: 	: 	: 	: 	: 	: 	: 	: 	: 	: 	: 	: 	: 	: 	: 	: 	: 	: 	: 	: 	: 	: 	: 	: 	: 	: 	: 	: 	: 	: 	: 	: 	: 	: 	: 	: 	: 	: 	: 	: 	: 	: 	: 	: 	: 	: 	: 	: 	: 	296 	15344 	5053 	0 	: 	: 	296 	4623 	5069 	5652 	5053 	: 	0 	: 	0 	: 	20693 	220 	18589 	4835 	189 	: 	0 	220 	6017 	5954 	6618 	4827 	0 	8 	23833 	123 	10558 	2719 	: 	13400 	440 	20334 	5198 	: 	25972 	: 
SEAT,ST_PAS_DEP,SK_LZ99_UK_EG99	: 	: 	: 	: 	: 	: 	: 	: 	: 	: 	: 	: 	: 	: 	: 	: 	: 	: 	: 	: 	: 	: 	: 	: 	: 	: 	: 	: 	: 	: 	: 	: 	: 	: 	: 	: 	: 	: 	: 	: 	: 	: 	: 	: 	: 	: 	: 	: 	: 	: 	: 	: 	: 	: 	: 	: 	: 	: 	: 	: 	: 	: 	: 	: 	: 	: 	: 	: 	: 	: 	: 	: 	: 	: 	: 	: 	: 	: 	: 	: 	: 	: 	: 	: 	: 	: 	: 	: 	: 	: 	: 	: 	: 	: 	: 	: 	: 	: 	: 	: 	: 	: 	: 	: 	: 	: 	: 	: 	: 	: 	: 	: 	: 	: 	: 	: 	: 	: 	: 	: 	: 	: 	: 	: 	: 	: 	: 	: 	: 	: 	: 	: 	: 	: 	: 	: 	: 	: 	: 	: 	: 	: 	: 	: 	: 	: 	: 	: 	: 	: 	: 	: 	: 	: 	: 	: 	: 	: 	: 	: 	: 	: 	: 	: 	: 	: 	: 	: 	: 	: 	: 	: 	: 	: 	: 	: 	: 	: 	: 	: 	: 	: 	: 	: 	: 	: 	: 	: 	: 	: 	: 	: 	: 	: 	: 	: 	563662 	43607 	39550 	335070 	223187 	324433 	16042 	13969 	14972 	14666 	12464 	12279 	14807 	212914 	10425 	111731 	981889 	226248 	28545 	26340 	18909 	9205 	208008 	9035 	7963 	10848 	9734 	7810 	10498 	8032 	300042 	15528 	8218 	8 	8 	23762 	: 	: 	: 	: 	: 	: 
SEAT,ST_PAS_DEP,SK_LZIB_AE_OMDB	7164 	9252 	2262 	2262 	2466 	2436 	2958 	2784 	3510 	8874 	7952 	7137 	6980 	3306 	3132 	2436 	3024 	2318 	2610 	2262 	2436 	2439 	2262 	2088 	2630 	30943 	6122 	6612 	6795 	6438 	2262 	2078 	1782 	2088 	2262 	2262 	2265 	2264 	2266 	2262 	2088 	2088 	25967 	: 	: 	: 	: 	: 	: 	: 	: 	: 	: 	: 	: 	: 	: 	: 	: 	: 	: 	: 	: 	: 	: 	: 	: 	: 	: 	: 	: 	: 	: 	: 	: 	: 	: 	: 	: 	: 	: 	: 	: 	: 	: 	: 	: 	: 	: 	: 	: 	: 	: 	: 	: 	: 	: 	: 	: 	: 	: 	: 	: 	: 	: 	: 	: 	: 	: 	: 	: 	: 	: 	: 	: 	: 	: 	: 	: 	: 	: 	: 	: 	: 	: 	: 	: 	: 	: 	: 	: 	: 	: 	: 	: 	: 	: 	: 	: 	: 	: 	: 	: 	: 	: 	: 	: 	: 	: 	: 	: 	: 	: 	: 	: 	: 	: 	: 	: 	: 	: 	: 	: 	: 	: 	: 	: 	: 	: 	: 	: 	: 	: 	: 	: 	: 	: 	: 	: 	: 	: 	: 	: 	: 	: 	: 	: 	: 	: 	: 	: 	: 	: 	: 	: 	: 	: 	: 	: 	: 	: 	: 	: 	: 	: 	: 	: 	: 	: 	: 	: 	: 	: 	: 	: 	: 	: 	: 	: 	: 	: 	: 	: 	: 	: 	: 	: 	: 	: 	: 	: 	: 	: 	: 	: 	: 	: 	: 
SEAT,ST_PAS_DEP,SK_LZIB_BE_EBBR	: 	: 	: 	: 	: 	: 	: 	: 	: 	6526 	15062 	13426 	7 	: 	1512 	5014 	4945 	5103 	5014 	4921 	5103 	3402 	0 	7 	0 	35021 	: 	: 	: 	: 	: 	: 	: 	: 	: 	: 	: 	: 	: 	: 	: 	: 	: 	: 	: 	: 	: 	: 	: 	: 	: 	: 	: 	: 	: 	: 	: 	: 	: 	: 	: 	: 	: 	: 	: 	: 	: 	: 	: 	: 	: 	: 	: 	: 	: 	: 	: 	: 	: 	: 	: 	: 	: 	: 	: 	: 	: 	: 	: 	: 	: 	: 	: 	: 	: 	: 	: 	: 	: 	: 	: 	: 	: 	: 	: 	: 	: 	: 	: 	: 	: 	: 	: 	: 	: 	: 	: 	: 	: 	: 	: 	: 	: 	: 	: 	: 	: 	: 	: 	: 	: 	: 	: 	: 	: 	: 	: 	: 	: 	: 	: 	: 	: 	: 	: 	: 	: 	: 	: 	: 	: 	: 	: 	: 	: 	: 	: 	: 	: 	: 	: 	: 	: 	: 	: 	: 	: 	: 	: 	: 	: 	: 	: 	: 	: 	: 	: 	: 	: 	9672 	9645 	11588 	11386 	2652 	3154 	3866 	3183 	3162 	3300 	3900 	4080 	3608 	3700 	3496 	4190 	42291 	: 	: 	: 	: 	: 	: 	: 	: 	: 	: 	: 	: 	: 	: 	: 	: 	: 	: 	: 	: 	: 	: 	: 	: 	: 	: 	: 	: 	: 	: 	: 	: 	: 	: 	: 	: 	: 	: 	: 	: 	: 	: 
SEAT,ST_PAS_DEP,SK_LZIB_BE_EBCI	9828 	7560 	3402 	3213 	3402 	3213 	2835 	2268 	2457 	4158 	: 	1134 	11247 	2457 	1701 	: 	: 	: 	: 	: 	: 	1134 	3120 	3969 	4158 	16539 	10395 	7056 	6405 	9429 	3591 	3969 	2835 	2457 	2205 	2394 	2184 	2037 	2184 	3192 	3024 	3213 	33285 	9072 	7371 	7371 	9450 	3024 	3213 	2835 	2457 	2457 	2457 	2457 	2457 	2457 	3213 	3024 	3213 	33264 	9639 	10017 	9828 	9639 	3213 	3213 	3213 	3402 	3213 	3402 	3213 	3402 	3213 	3402 	3024 	3213 	39123 	10962 	9450 	9635 	9828 	3780 	3213 	3969 	3969 	2646 	2835 	3213 	3213 	3209 	3024 	3213 	3591 	39875 	10395 	10017 	9639 	11718 	3780 	3213 	3402 	3213 	3402 	3402 	3213 	3402 	3024 	3969 	3591 	4158 	41769 	10962 	9261 	9072 	10017 	3591 	3969 	3402 	3024 	3213 	3024 	3213 	3402 	2457 	3591 	3024 	3402 	39312 	9828 	7371 	7371 	189 	3780 	3213 	2835 	2457 	2457 	2457 	2457 	2457 	2457 	189 	: 	: 	24759 	: 	: 	: 	: 	: 	: 	: 	: 	: 	: 	: 	: 	: 	: 	: 	: 	: 	: 	: 	: 	: 	: 	: 	: 	: 	: 	: 	: 	: 	: 	: 	: 	: 	: 	: 	: 	: 	: 	: 	: 	: 	: 	: 	: 	: 	: 	: 	: 	: 	: 	: 	: 	: 	: 	: 	: 	: 	: 	: 	: 	: 	: 	: 	: 	: 	: 	: 	: 	: 	: 	: 	: 	: 	: 	: 	: 	: 	: 	: 	: 	: 	: 	: 	: 	: 	: 	: 	: 	: 	: 	: 	: 	: 
SEAT,ST_PAS_DEP,SK_LZIB_BG_LBBG	3630 	: 	10259 	3630 	: 	: 	: 	: 	: 	: 	24304 	3952 	: 	: 	: 	: 	2735 	10448 	11121 	3952 	: 	: 	: 	: 	: 	28256 	: 	20417 	3929 	: 	: 	: 	: 	1756 	8796 	9865 	3929 	: 	: 	: 	: 	: 	24346 	: 	21131 	3742 	: 	: 	: 	: 	1911 	9584 	9636 	3742 	: 	: 	: 	: 	: 	24873 	: 	81489 	14254 	: 	: 	: 	: 	12017 	20580 	48892 	14254 	: 	: 	: 	: 	: 	95743 	: 	23415 	4344 	: 	: 	: 	: 	2166 	10816 	10433 	4344 	: 	: 	: 	: 	: 	27759 	: 	23935 	3925 	: 	: 	: 	: 	2168 	10829 	10938 	3925 	: 	: 	: 	: 	: 	27860 	: 	17720 	2821 	: 	: 	: 	: 	1117 	8602 	8001 	2821 	: 	: 	: 	: 	: 	20541 	: 	16671 	3531 	: 	: 	: 	: 	1430 	7744 	7497 	3531 	: 	: 	: 	: 	: 	20202 	: 	24999 	5425 	: 	: 	: 	: 	4147 	10195 	10657 	5425 	: 	: 	: 	: 	: 	30424 	: 	21260 	3722 	: 	: 	: 	: 	3456 	8742 	9062 	3722 	: 	: 	: 	: 	: 	24982 	: 	18602 	2836 	: 	: 	: 	: 	2583 	8277 	7742 	2836 	: 	: 	: 	: 	: 	21438 	: 	: 	: 	: 	: 	: 	: 	: 	: 	: 	: 	: 	: 	: 	: 	: 	: 	: 	: 	: 	: 	: 	: 	: 	: 	: 	: 	: 	: 	: 	: 	: 	: 	: 	: 	: 	: 	: 	: 	: 	: 	: 
SEAT,ST_PAS_DEP,SK_LZIB_BG_LBSF	: 	: 	: 	: 	: 	: 	: 	: 	: 	: 	: 	: 	: 	: 	: 	: 	: 	: 	: 	: 	: 	: 	: 	: 	: 	: 	: 	: 	: 	: 	: 	: 	: 	: 	: 	: 	: 	: 	: 	: 	: 	: 	: 	: 	: 	: 	: 	: 	: 	: 	: 	: 	: 	: 	: 	: 	: 	: 	: 	: 	: 	: 	: 	: 	: 	: 	: 	: 	: 	: 	: 	: 	: 	: 	: 	: 	: 	: 	: 	: 	: 	: 	: 	: 	: 	: 	: 	: 	: 	: 	: 	: 	: 	: 	: 	: 	: 	: 	: 	: 	: 	: 	: 	: 	: 	: 	: 	: 	: 	: 	: 	: 	: 	: 	: 	: 	: 	: 	: 	: 	: 	: 	: 	: 	: 	: 	: 	: 	: 	: 	: 	: 	: 	: 	: 	: 	: 	: 	: 	: 	: 	: 	: 	: 	: 	: 	: 	: 	: 	: 	: 	: 	: 	: 	: 	: 	: 	: 	: 	: 	: 	: 	: 	: 	: 	: 	: 	: 	: 	: 	: 	: 	: 	: 	: 	: 	: 	: 	: 	7044 	7825 	7010 	6220 	1894 	2458 	2692 	2958 	2590 	2277 	2384 	2349 	2277 	2490 	1747 	1983 	28099 	: 	: 	: 	: 	: 	: 	: 	: 	: 	: 	: 	: 	: 	: 	: 	: 	: 	: 	: 	: 	: 	: 	: 	: 	: 	: 	: 	: 	: 	: 	: 	: 	: 	: 	: 	: 	: 	: 	: 	: 	: 	: 
SEAT,ST_PAS_DEP,SK_LZIB_CZ_LKPR	: 	: 	: 	: 	: 	: 	: 	: 	: 	5653 	3849 	5918 	5647 	2365 	2046 	1242 	1558 	1010 	1281 	2553 	1782 	1583 	2270 	1872 	1505 	21067 	: 	: 	: 	: 	: 	: 	: 	: 	: 	: 	: 	: 	: 	: 	: 	: 	: 	: 	: 	: 	: 	: 	: 	: 	: 	: 	: 	: 	: 	: 	: 	: 	: 	: 	: 	: 	: 	: 	: 	: 	: 	: 	: 	: 	: 	: 	: 	: 	: 	: 	: 	: 	: 	: 	: 	: 	: 	: 	: 	: 	: 	: 	: 	: 	: 	: 	: 	: 	651 	3178 	9356 	8265 	260 	196 	195 	217 	161 	2800 	2799 	3779 	2778 	2836 	2623 	2806 	21450 	11409 	16739 	15973 	15352 	3070 	2711 	5628 	5480 	5718 	5541 	5484 	5585 	4904 	5458 	4732 	5162 	59473 	16227 	17275 	15727 	16550 	4982 	5585 	5660 	5738 	5792 	5745 	5636 	5125 	4966 	5850 	5183 	5517 	65779 	17424 	17670 	18067 	38946 	5481 	5614 	6329 	5997 	5662 	6011 	6060 	6038 	5969 	12468 	12693 	13785 	92107 	36162 	23017 	22946 	19587 	13087 	14297 	8778 	7707 	7821 	7489 	7778 	7912 	7256 	6767 	6307 	6513 	101712 	19307 	20331 	18910 	17939 	6501 	6177 	6629 	6739 	7125 	6467 	6686 	6152 	6072 	6170 	5688 	6081 	76487 	: 	: 	: 	: 	: 	: 	: 	: 	: 	: 	: 	: 	: 	: 	: 	: 	: 	: 	: 	: 	: 	: 	: 	: 	: 	: 	: 	: 	: 	: 	: 	: 	: 	: 	: 	: 	: 	: 	: 	: 	: 	0 
SEAT,ST_PAS_DEP,SK_LZIB_DE_EDDB	9830 	8505 	3402 	3215 	3213 	3402 	2835 	2646 	3024 	11340 	17394 	17203 	17199 	3024 	2457 	5859 	5676 	5859 	5859 	5674 	5859 	5670 	5859 	5481 	5859 	63136 	: 	: 	: 	: 	: 	: 	: 	: 	: 	: 	: 	: 	: 	: 	: 	: 	: 	: 	: 	: 	: 	: 	: 	: 	: 	: 	: 	: 	: 	: 	: 	: 	: 	: 	: 	: 	: 	: 	: 	: 	: 	: 	: 	: 	: 	: 	: 	: 	: 	: 	: 	: 	: 	: 	: 	: 	: 	: 	: 	: 	: 	: 	: 	: 	: 	: 	: 	: 	: 	: 	: 	: 	: 	: 	: 	: 	: 	: 	: 	: 	: 	: 	: 	: 	: 	: 	: 	: 	: 	: 	: 	: 	: 	: 	: 	: 	: 	: 	: 	: 	: 	: 	: 	: 	: 	: 	: 	: 	: 	: 	: 	: 	: 	: 	: 	: 	: 	: 	: 	: 	: 	: 	: 	: 	: 	: 	: 	: 	: 	: 	: 	: 	: 	: 	: 	: 	: 	: 	: 	: 	: 	: 	: 	: 	: 	: 	: 	: 	: 	: 	: 	: 	: 	: 	: 	: 	: 	: 	: 	: 	: 	: 	: 	: 	: 	: 	: 	: 	: 	: 	: 	: 	: 	: 	: 	: 	: 	: 	: 	: 	: 	: 	: 	: 	: 	: 	: 	: 	: 	: 	: 	: 	: 	: 	: 	: 	: 	: 	: 	: 	: 	: 	: 	: 	: 	: 	: 	: 	: 	: 	: 	: 
SEAT,ST_PAS_DEP,SK_LZIB_DE_EDDK	: 	: 	: 	: 	: 	: 	: 	: 	: 	: 	: 	: 	: 	: 	: 	: 	: 	: 	: 	: 	: 	: 	: 	: 	: 	: 	: 	: 	: 	: 	: 	: 	: 	: 	: 	: 	: 	: 	: 	: 	: 	: 	: 	: 	: 	: 	: 	: 	: 	: 	: 	: 	: 	: 	: 	: 	: 	: 	: 	: 	: 	: 	: 	: 	: 	: 	: 	: 	: 	: 	: 	: 	: 	: 	: 	: 	: 	: 	: 	: 	: 	: 	: 	: 	: 	: 	: 	: 	: 	: 	: 	: 	: 	: 	: 	: 	: 	: 	: 	: 	: 	: 	: 	: 	: 	: 	: 	: 	: 	: 	: 	: 	: 	: 	: 	: 	: 	: 	: 	: 	: 	: 	: 	: 	: 	: 	: 	: 	: 	: 	: 	: 	: 	: 	: 	: 	: 	: 	: 	: 	: 	: 	: 	: 	: 	: 	: 	: 	: 	: 	: 	: 	: 	: 	: 	: 	: 	: 	: 	: 	: 	: 	: 	: 	: 	: 	: 	: 	: 	: 	: 	: 	: 	: 	: 	: 	: 	: 	: 	5448 	5349 	5309 	5736 	1744 	1498 	2206 	1781 	1792 	1776 	1723 	1926 	1660 	2059 	1784 	1893 	21842 	: 	: 	: 	: 	: 	: 	: 	: 	: 	: 	: 	: 	: 	: 	: 	: 	: 	: 	: 	: 	: 	: 	: 	: 	: 	: 	: 	: 	: 	: 	: 	: 	: 	: 	: 	: 	: 	: 	: 	: 	: 	: 
SEAT,ST_PAS_DEP,SK_LZIB_DE_EDDM	: 	: 	: 	: 	: 	: 	: 	: 	: 	: 	: 	: 	: 	: 	: 	: 	: 	: 	: 	: 	: 	: 	: 	: 	: 	: 	: 	: 	: 	: 	: 	: 	: 	: 	: 	: 	: 	: 	: 	: 	: 	: 	: 	: 	: 	: 	: 	: 	: 	: 	: 	: 	: 	: 	: 	: 	: 	: 	: 	: 	: 	: 	: 	: 	: 	: 	: 	: 	: 	: 	: 	: 	: 	: 	: 	: 	: 	: 	: 	: 	: 	: 	: 	: 	: 	: 	: 	: 	: 	: 	: 	: 	: 	: 	: 	: 	: 	: 	: 	: 	: 	: 	: 	: 	: 	: 	: 	: 	: 	: 	: 	: 	: 	: 	: 	: 	: 	: 	: 	: 	: 	: 	: 	: 	: 	: 	: 	: 	: 	: 	: 	: 	: 	: 	: 	: 	: 	: 	: 	: 	: 	: 	: 	: 	: 	10843 	10931 	11614 	11453 	3105 	3764 	3974 	3751 	3562 	3618 	3945 	3778 	3891 	3663 	3899 	3891 	44841 	11701 	11723 	12407 	12669 	3643 	3801 	4257 	4268 	3252 	4203 	4368 	4211 	3828 	4782 	4057 	3830 	48500 	12633 	11766 	11807 	11629 	3882 	4584 	4167 	3850 	3774 	4142 	4006 	4237 	3564 	4701 	3486 	3442 	47835 	: 	: 	: 	: 	: 	: 	: 	: 	: 	: 	: 	: 	: 	: 	: 	: 	: 	: 	: 	: 	: 	: 	: 	: 	: 	: 	: 	: 	: 	: 	: 	: 	: 	: 	: 	: 	: 	: 	: 	: 	: 	: 
SEAT,ST_PAS_DEP,SK_LZIB_DE_EDFH	: 	: 	: 	: 	: 	: 	: 	: 	: 	: 	: 	: 	: 	: 	: 	: 	: 	: 	: 	: 	: 	: 	: 	: 	: 	: 	: 	: 	: 	: 	: 	: 	: 	: 	: 	: 	: 	: 	: 	: 	: 	: 	: 	: 	: 	: 	: 	: 	: 	: 	: 	: 	: 	: 	: 	: 	: 	: 	: 	: 	: 	: 	: 	: 	: 	: 	: 	: 	: 	: 	: 	: 	: 	: 	: 	: 	: 	: 	: 	: 	: 	: 	: 	: 	: 	: 	: 	: 	: 	: 	: 	: 	: 	: 	: 	: 	: 	: 	: 	: 	: 	: 	: 	: 	: 	: 	: 	: 	: 	: 	: 	: 	: 	: 	: 	: 	: 	: 	: 	: 	: 	: 	: 	: 	: 	: 	: 	: 	7182 	7386 	7371 	9072 	2268 	2268 	2646 	2472 	2457 	2457 	2457 	2457 	2457 	3024 	2835 	3213 	31011 	11718 	17318 	17199 	15120 	3024 	3213 	5481 	5599 	5859 	5860 	5670 	5859 	5670 	5670 	5481 	3969 	61355 	13419 	17388 	17199 	17201 	3969 	3591 	5859 	5670 	5859 	5859 	5670 	5859 	5670 	5861 	5670 	5670 	65207 	17010 	17388 	17203 	16632 	5292 	5859 	5859 	5670 	5859 	5859 	5670 	5863 	5670 	5859 	5103 	5670 	68233 	: 	: 	: 	: 	: 	: 	: 	: 	: 	: 	: 	: 	: 	: 	: 	: 	: 	: 	: 	: 	: 	: 	: 	: 	: 	: 	: 	: 	: 	: 	: 	: 	: 	: 	: 	: 	: 	: 	: 	: 	: 	: 
SEAT,ST_PAS_DEP,SK_LZIB_DK_EKCH	: 	: 	: 	: 	: 	: 	: 	: 	: 	: 	: 	: 	: 	: 	: 	: 	: 	: 	: 	: 	: 	: 	: 	: 	: 	: 	: 	: 	: 	: 	: 	: 	: 	: 	: 	: 	: 	: 	: 	: 	: 	: 	: 	: 	: 	: 	: 	: 	: 	: 	: 	: 	: 	: 	: 	: 	: 	: 	: 	: 	: 	: 	: 	: 	: 	: 	: 	: 	: 	: 	: 	: 	: 	: 	: 	: 	: 	: 	: 	: 	: 	: 	: 	: 	: 	: 	: 	: 	: 	: 	: 	: 	: 	: 	: 	: 	: 	: 	: 	: 	: 	: 	: 	: 	: 	: 	: 	: 	: 	: 	: 	: 	: 	: 	: 	: 	: 	: 	: 	: 	: 	: 	: 	: 	: 	: 	: 	: 	: 	: 	: 	: 	: 	: 	: 	: 	: 	: 	: 	: 	: 	: 	: 	: 	: 	: 	: 	: 	: 	: 	: 	: 	: 	: 	: 	: 	: 	: 	: 	: 	: 	: 	: 	: 	: 	: 	: 	: 	: 	: 	: 	: 	: 	: 	: 	: 	: 	: 	: 	3623 	3506 	3542 	4349 	1213 	1197 	1213 	1080 	1213 	1213 	1213 	1113 	1216 	1612 	1376 	1361 	15020 	: 	: 	: 	: 	: 	: 	: 	: 	: 	: 	: 	: 	: 	: 	: 	: 	: 	: 	: 	: 	: 	: 	: 	: 	: 	: 	: 	: 	: 	: 	: 	: 	: 	: 	: 	: 	: 	: 	: 	: 	: 	: 
SEAT,ST_PAS_DEP,SK_LZIB_EG_HEGN	7207 	2433 	5721 	3666 	2830 	711 	945 	732 	756 	3828 	13185 	2415 	: 	1287 	723 	1818 	4455 	4266 	4464 	2415 	: 	: 	: 	: 	: 	19428 	1845 	12393 	7155 	720 	: 	: 	1845 	2970 	4599 	4824 	3861 	1827 	1467 	360 	: 	360 	22113 	3447 	12222 	5328 	: 	360 	720 	2367 	3465 	4554 	4203 	3483 	1485 	360 	: 	: 	: 	20997 	1306 	6851 	7161 	189 	: 	540 	766 	578 	2007 	4266 	4182 	2034 	945 	189 	: 	: 	15507 	2761 	12921 	9047 	525 	: 	756 	2005 	3628 	4587 	4706 	4831 	2804 	1412 	360 	: 	165 	25254 	6192 	18565 	10007 	1642 	495 	1533 	4164 	5835 	6327 	6403 	5149 	3249 	1609 	756 	130 	756 	36406 	7425 	22422 	13169 	2984 	1233 	1685 	4507 	6869 	7724 	7829 	6873 	4545 	1751 	1066 	712 	1206 	46000 	7626 	19880 	14095 	3847 	1391 	1594 	4641 	6468 	6753 	6659 	6767 	5130 	2198 	1919 	1006 	922 	45448 	8699 	27157 	18156 	6149 	1404 	2234 	5061 	8462 	9123 	9572 	9530 	5581 	3045 	2728 	1956 	1465 	60161 	8800 	22359 	14528 	2772 	1614 	1947 	5239 	6715 	7822 	7822 	7417 	4454 	2657 	1341 	650 	781 	48459 	5247 	13031 	10506 	2859 	943 	1009 	3295 	3674 	4861 	4496 	4579 	3827 	2100 	1484 	632 	743 	31643 	: 	: 	: 	: 	: 	: 	: 	: 	: 	: 	: 	: 	: 	: 	: 	: 	: 	: 	: 	: 	: 	: 	: 	: 	: 	: 	: 	: 	: 	: 	: 	: 	: 	: 	: 	: 	: 	: 	: 	: 	: 	: 
SEAT,ST_PAS_DEP,SK_LZIB_EL_LGAV	4982 	4725 	1736 	1580 	1701 	1701 	1512 	1512 	1701 	6541 	7566 	7350 	7545 	2383 	1701 	2457 	2652 	2457 	2457 	2457 	2457 	2436 	2646 	2268 	2631 	29002 	7692 	8502 	7731 	168 	2778 	2268 	2646 	2457 	3026 	3019 	2817 	2457 	2457 	: 	: 	168 	24093 	: 	: 	: 	: 	: 	: 	: 	: 	: 	: 	: 	: 	: 	: 	: 	: 	: 	: 	: 	: 	: 	: 	: 	: 	: 	: 	: 	: 	: 	: 	: 	: 	: 	: 	: 	: 	: 	: 	: 	: 	: 	: 	: 	: 	: 	: 	: 	: 	: 	: 	: 	: 	: 	: 	: 	: 	: 	: 	: 	: 	: 	: 	: 	: 	: 	: 	: 	: 	: 	: 	: 	: 	: 	: 	: 	: 	: 	: 	: 	: 	: 	: 	: 	: 	: 	: 	: 	: 	: 	: 	: 	: 	: 	: 	: 	: 	: 	: 	: 	: 	: 	: 	: 	: 	: 	: 	: 	: 	: 	: 	: 	: 	: 	: 	: 	: 	: 	: 	: 	: 	: 	: 	: 	: 	: 	: 	: 	: 	: 	: 	: 	: 	: 	: 	: 	: 	: 	: 	: 	: 	: 	: 	: 	: 	: 	: 	: 	: 	: 	: 	: 	: 	: 	: 	: 	: 	: 	: 	: 	: 	: 	: 	: 	: 	: 	: 	: 	: 	: 	: 	: 	: 	: 	: 	: 	: 	: 	: 	: 	: 	: 	: 	: 	: 	: 	: 	: 	: 	: 	: 	: 	: 	: 	: 	: 
SEAT,ST_PAS_DEP,SK_LZIB_EL_LGIR	: 	: 	: 	: 	: 	: 	: 	: 	: 	180 	20622 	5670 	: 	: 	: 	180 	5859 	7194 	7569 	5670 	: 	: 	: 	: 	: 	26472 	: 	15295 	3906 	: 	: 	: 	: 	4254 	5616 	5425 	3726 	180 	: 	: 	: 	: 	19201 	469 	11418 	2754 	180 	280 	: 	189 	3132 	4230 	4056 	2754 	: 	: 	180 	: 	: 	14821 	: 	9445 	2396 	: 	: 	: 	: 	2632 	3519 	3294 	2396 	: 	: 	: 	: 	: 	11841 	: 	: 	: 	: 	: 	: 	: 	: 	: 	: 	: 	: 	: 	: 	: 	: 	: 	: 	9519 	2799 	: 	: 	: 	: 	2581 	3302 	3636 	2799 	: 	: 	: 	: 	: 	12318 	: 	8949 	2599 	6 	: 	: 	: 	2365 	3054 	3530 	2599 	: 	: 	6 	: 	: 	11554 	: 	: 	: 	: 	: 	: 	: 	: 	: 	: 	: 	: 	: 	: 	: 	: 	: 	434 	13900 	4179 	: 	: 	298 	136 	4319 	4839 	4742 	4021 	154 	4 	: 	: 	: 	18513 	148 	10144 	3395 	: 	: 	: 	148 	2727 	3800 	3617 	3245 	150 	: 	: 	: 	: 	13687 	282 	13893 	3817 	: 	149 	: 	133 	3657 	4925 	5311 	3482 	335 	: 	: 	: 	: 	17992 	: 	: 	: 	: 	: 	: 	: 	: 	: 	: 	: 	: 	: 	: 	: 	: 	: 	: 	: 	: 	: 	: 	: 	: 	: 	: 	: 	: 	: 	: 	: 	: 	: 	: 	: 	: 	: 	: 	: 	: 	: 	: 
SEAT,ST_PAS_DEP,SK_LZIB_EL_LGKR	: 	: 	: 	: 	: 	: 	: 	: 	: 	759 	10953 	3780 	: 	: 	: 	759 	3213 	3969 	3771 	2835 	756 	189 	: 	: 	: 	15492 	: 	: 	: 	: 	: 	: 	: 	: 	: 	: 	: 	: 	: 	: 	: 	: 	: 	: 	: 	: 	: 	: 	: 	: 	: 	: 	: 	: 	: 	: 	: 	: 	: 	: 	: 	: 	: 	: 	: 	: 	: 	: 	: 	: 	: 	: 	: 	: 	: 	: 	: 	: 	: 	: 	: 	: 	: 	: 	: 	: 	: 	: 	: 	: 	: 	: 	: 	: 	: 	: 	: 	: 	: 	: 	: 	: 	: 	: 	: 	: 	: 	: 	: 	: 	: 	: 	: 	: 	: 	: 	: 	: 	: 	: 	: 	: 	: 	: 	: 	: 	: 	: 	: 	: 	: 	: 	: 	: 	: 	: 	: 	: 	: 	: 	: 	: 	: 	: 	: 	: 	: 	: 	: 	: 	: 	: 	: 	: 	: 	: 	: 	: 	: 	: 	: 	: 	: 	: 	: 	: 	: 	: 	: 	: 	: 	: 	: 	: 	: 	: 	: 	: 	: 	: 	: 	: 	: 	: 	: 	: 	: 	: 	: 	: 	: 	: 	: 	: 	: 	: 	: 	: 	: 	: 	: 	: 	: 	: 	: 	: 	: 	: 	: 	: 	: 	: 	: 	: 	: 	: 	: 	: 	: 	: 	: 	: 	: 	: 	: 	: 	: 	: 	: 	: 	: 	: 	: 	: 	: 	: 	: 	: 
SEAT,ST_PAS_DEP,SK_LZIB_EL_LGRP	: 	: 	: 	: 	: 	: 	: 	: 	: 	: 	18333 	4725 	: 	: 	: 	: 	5481 	6426 	6426 	4725 	: 	: 	: 	: 	: 	23058 	: 	16255 	4743 	: 	: 	: 	: 	4173 	6007 	6075 	4743 	: 	: 	: 	: 	: 	20998 	189 	16341 	4471 	: 	: 	: 	189 	4704 	5718 	5919 	4471 	: 	: 	: 	: 	: 	21001 	: 	11064 	3456 	: 	: 	: 	: 	3234 	3840 	3990 	3456 	: 	: 	: 	: 	: 	14520 	187 	11676 	2990 	: 	: 	: 	187 	3205 	3953 	4518 	2990 	: 	: 	: 	: 	: 	14853 	: 	13395 	4458 	: 	: 	: 	: 	3561 	4668 	5166 	4289 	169 	: 	: 	: 	: 	17853 	: 	12302 	3232 	: 	: 	: 	: 	3764 	4464 	4074 	3232 	: 	: 	: 	: 	: 	15534 	: 	13262 	4068 	: 	: 	: 	: 	3723 	4939 	4600 	4068 	: 	: 	: 	: 	: 	17330 	297 	15460 	4734 	: 	: 	: 	297 	4806 	4920 	5734 	4536 	198 	: 	: 	: 	: 	20491 	328 	19028 	6010 	: 	: 	: 	328 	5236 	6764 	7028 	6010 	: 	: 	: 	: 	: 	25366 	977 	19253 	5756 	: 	: 	: 	977 	5561 	6578 	7114 	5623 	133 	: 	: 	: 	: 	25986 	: 	: 	: 	: 	: 	: 	: 	: 	: 	: 	: 	: 	: 	: 	: 	: 	: 	: 	: 	: 	: 	: 	: 	: 	: 	: 	: 	: 	: 	: 	: 	: 	: 	: 	: 	: 	: 	: 	: 	: 	: 	: 
SEAT,ST_PAS_DEP,SK_LZIB_ES_GCLP	: 	: 	: 	: 	: 	: 	: 	: 	: 	: 	: 	: 	: 	: 	: 	: 	: 	: 	: 	: 	: 	: 	: 	: 	: 	: 	: 	: 	: 	: 	: 	: 	: 	: 	: 	: 	: 	: 	: 	: 	: 	: 	: 	: 	: 	: 	: 	: 	: 	: 	: 	: 	: 	: 	: 	: 	: 	: 	: 	: 	: 	: 	: 	: 	: 	: 	: 	: 	: 	: 	: 	: 	: 	: 	: 	: 	: 	: 	: 	: 	: 	: 	: 	: 	: 	: 	: 	: 	: 	: 	: 	: 	: 	: 	4914 	6594 	5103 	2268 	1701 	1512 	1701 	2073 	2259 	2262 	1701 	1701 	1701 	1512 	756 	: 	18879 	: 	: 	: 	: 	: 	: 	: 	: 	: 	: 	: 	: 	: 	: 	: 	: 	: 	: 	: 	: 	: 	: 	: 	: 	: 	: 	: 	: 	: 	: 	: 	: 	: 	: 	: 	: 	: 	: 	: 	: 	: 	: 	: 	: 	: 	: 	: 	: 	: 	: 	: 	: 	: 	: 	: 	: 	: 	: 	: 	: 	: 	: 	: 	: 	: 	: 	: 	: 	: 	: 	: 	: 	: 	: 	: 	: 	: 	: 	: 	: 	: 	: 	: 	: 	: 	: 	: 	: 	: 	: 	: 	: 	: 	: 	: 	: 	: 	: 	: 	: 	: 	: 	: 	: 	: 	: 	: 	: 	: 	: 	: 	: 	: 	: 	: 	: 	: 	: 	: 	: 	: 	: 	: 	: 	: 	: 	: 
SEAT,ST_PAS_DEP,SK_LZIB_ES_LEAL	: 	: 	: 	: 	: 	: 	: 	: 	: 	: 	: 	: 	: 	: 	: 	: 	: 	: 	: 	: 	: 	: 	: 	: 	: 	: 	: 	: 	: 	: 	: 	: 	: 	: 	: 	: 	: 	: 	: 	: 	: 	: 	: 	: 	: 	: 	: 	: 	: 	: 	: 	: 	: 	: 	: 	: 	: 	: 	: 	: 	: 	: 	: 	: 	: 	: 	: 	: 	: 	: 	: 	: 	: 	: 	: 	: 	: 	: 	: 	: 	: 	: 	: 	: 	: 	: 	: 	: 	: 	: 	: 	: 	: 	: 	2268 	7371 	7371 	5103 	: 	: 	2268 	2457 	2457 	2457 	2457 	2646 	2268 	2079 	1512 	1512 	22113 	4347 	5112 	4725 	4914 	1134 	1701 	1512 	1701 	1710 	1701 	1512 	1701 	1512 	1701 	1512 	1701 	19098 	4732 	5867 	1512 	: 	1323 	1701 	1708 	1512 	2654 	1701 	1512 	: 	: 	: 	: 	: 	12111 	: 	: 	: 	: 	: 	: 	: 	: 	: 	: 	: 	: 	: 	: 	: 	: 	: 	: 	: 	: 	: 	: 	: 	: 	: 	: 	: 	: 	: 	: 	: 	: 	: 	: 	: 	: 	: 	: 	: 	: 	: 	: 	: 	: 	: 	: 	: 	: 	: 	: 	: 	: 	: 	: 	: 	: 	: 	: 	: 	: 	: 	: 	: 	: 	: 	: 	: 	: 	: 	: 	: 	: 	: 	: 	: 	: 	: 	: 	: 	: 	: 	: 	: 	: 	: 	: 	: 	: 	: 	: 	: 	: 	: 
SEAT,ST_PAS_DEP,SK_LZIB_ES_LEBL	: 	: 	: 	: 	: 	: 	: 	: 	: 	: 	: 	: 	: 	: 	: 	: 	: 	: 	: 	: 	: 	: 	: 	: 	: 	: 	: 	: 	: 	: 	: 	: 	: 	: 	: 	: 	: 	: 	: 	: 	: 	: 	: 	: 	: 	: 	: 	: 	: 	: 	: 	: 	: 	: 	: 	: 	: 	: 	: 	: 	: 	: 	: 	: 	: 	: 	: 	: 	: 	: 	: 	: 	: 	: 	: 	: 	: 	: 	: 	: 	: 	: 	: 	: 	: 	: 	: 	: 	: 	: 	: 	: 	: 	: 	: 	: 	: 	: 	: 	: 	: 	: 	: 	: 	: 	: 	: 	: 	: 	: 	: 	: 	: 	: 	: 	: 	: 	: 	: 	: 	: 	: 	: 	: 	: 	: 	: 	: 	: 	: 	: 	: 	: 	: 	: 	: 	: 	: 	: 	: 	: 	: 	: 	: 	: 	: 	: 	: 	: 	: 	: 	: 	: 	: 	: 	: 	: 	: 	: 	: 	: 	: 	4178 	7897 	6375 	3833 	627 	596 	2955 	2682 	2533 	2682 	2533 	2070 	1772 	1458 	1114 	1261 	22283 	4225 	9138 	6064 	3373 	1213 	1096 	1916 	3021 	3123 	2994 	2660 	1792 	1612 	1096 	984 	1293 	22800 	: 	: 	: 	: 	: 	: 	: 	: 	: 	: 	: 	: 	: 	: 	: 	: 	: 	: 	: 	: 	: 	: 	: 	: 	: 	: 	: 	: 	: 	: 	: 	: 	: 	: 	: 	: 	: 	: 	: 	: 	: 	: 
SEAT,ST_PAS_DEP,SK_LZIB_ES_LEGE	4914 	4914 	2646 	1701 	1701 	1512 	1701 	1512 	1701 	4914 	6811 	4914 	4725 	1701 	1512 	1701 	1701 	3409 	1701 	1512 	1701 	1701 	1323 	1701 	1701 	21364 	4725 	6510 	4914 	4734 	1323 	1701 	1701 	1512 	3297 	1701 	1701 	1701 	1512 	1710 	1512 	1512 	20883 	4914 	6615 	4914 	: 	1701 	1512 	1701 	1512 	2646 	2457 	1701 	1512 	1701 	: 	: 	: 	16443 	1890 	4914 	4744 	945 	: 	189 	1701 	1701 	1512 	1701 	1720 	1701 	1323 	945 	: 	: 	12493 	2079 	5668 	4914 	378 	: 	: 	2079 	2266 	1701 	1701 	1512 	1701 	1701 	378 	: 	: 	13039 	1512 	4914 	4922 	2646 	: 	: 	1512 	1701 	1512 	1701 	1709 	1701 	1512 	2646 	: 	0 	13994 	2268 	7560 	6804 	7371 	0 	: 	2268 	2457 	2646 	2457 	2457 	2268 	2079 	2646 	2268 	2457 	24003 	6615 	4984 	4914 	189 	2457 	2268 	1890 	1582 	1701 	1701 	1512 	1701 	1701 	189 	: 	: 	16702 	2646 	10952 	10224 	10017 	: 	: 	2646 	3485 	3797 	3670 	3798 	3213 	3213 	3402 	3213 	3402 	33839 	: 	: 	: 	: 	: 	: 	: 	: 	: 	: 	: 	: 	: 	: 	: 	: 	: 	: 	: 	: 	: 	: 	: 	: 	: 	: 	: 	: 	: 	: 	: 	: 	: 	: 	: 	: 	: 	: 	: 	: 	: 	: 	: 	: 	: 	: 	: 	: 	: 	: 	: 	: 	: 	: 	: 	: 	: 	: 	: 	: 	: 	: 	: 	: 	: 	: 	: 	: 	: 	: 	: 	: 	: 	: 	: 	: 
SEAT,ST_PAS_DEP,SK_LZIB_ES_LEMD	5150 	5470 	1701 	1701 	1701 	1748 	1701 	1879 	1890 	6048 	7560 	7371 	7560 	2079 	1512 	2457 	2457 	2646 	2457 	2457 	2457 	2457 	2457 	2457 	2646 	28539 	7564 	7560 	7374 	189 	2646 	2461 	2457 	2457 	2457 	2646 	2460 	2457 	2457 	189 	: 	: 	22687 	: 	: 	: 	: 	: 	: 	: 	: 	: 	: 	: 	: 	: 	: 	: 	: 	: 	: 	: 	: 	: 	: 	: 	: 	: 	: 	: 	: 	: 	: 	: 	: 	: 	: 	: 	: 	: 	: 	: 	: 	: 	: 	: 	: 	: 	: 	: 	: 	: 	: 	: 	: 	: 	: 	: 	: 	: 	: 	: 	: 	: 	: 	: 	: 	: 	: 	: 	: 	: 	: 	: 	: 	: 	: 	: 	: 	: 	: 	: 	: 	: 	: 	: 	: 	: 	: 	: 	: 	: 	: 	: 	: 	: 	: 	: 	: 	: 	: 	: 	: 	: 	: 	: 	: 	: 	: 	: 	: 	: 	: 	: 	: 	: 	: 	: 	: 	: 	: 	: 	: 	: 	: 	: 	: 	: 	: 	: 	: 	: 	: 	: 	: 	: 	: 	: 	: 	: 	: 	: 	: 	: 	: 	: 	: 	: 	: 	: 	: 	: 	: 	: 	: 	: 	: 	: 	: 	: 	: 	: 	: 	: 	: 	: 	: 	: 	: 	: 	: 	: 	: 	: 	: 	: 	: 	: 	: 	: 	: 	: 	: 	: 	: 	: 	: 	: 	: 	: 	: 	: 	: 	: 	: 	: 	: 	: 
SEAT,ST_PAS_DEP,SK_LZIB_ES_LEMG	: 	: 	: 	: 	: 	: 	: 	: 	: 	1512 	7255 	5487 	758 	: 	: 	1512 	2268 	2530 	2457 	2079 	1701 	1707 	756 	2 	: 	15012 	1904 	7232 	5287 	193 	: 	201 	1703 	2034 	2450 	2748 	2070 	1705 	1512 	189 	4 	: 	14616 	1892 	7267 	5277 	2 	: 	191 	1701 	2052 	2614 	2601 	2061 	1515 	1701 	2 	0 	: 	14438 	1890 	7127 	5292 	378 	: 	189 	1701 	2260 	2248 	2619 	2258 	1701 	1333 	378 	: 	: 	14687 	1897 	11523 	8720 	567 	: 	: 	1897 	3963 	3969 	3591 	3785 	2478 	2457 	567 	: 	: 	22707 	1512 	6018 	5274 	4920 	: 	: 	1512 	1522 	2241 	2255 	2061 	1701 	1512 	1707 	1512 	1701 	17724 	: 	: 	: 	: 	: 	: 	: 	: 	: 	: 	: 	: 	: 	: 	: 	: 	: 	: 	: 	: 	: 	: 	: 	: 	: 	: 	: 	: 	: 	: 	: 	: 	: 	: 	: 	: 	: 	: 	: 	: 	: 	: 	: 	: 	: 	: 	: 	: 	: 	: 	: 	: 	: 	: 	: 	: 	: 	: 	: 	: 	: 	: 	: 	: 	: 	: 	: 	: 	: 	: 	: 	: 	: 	: 	: 	: 	: 	: 	: 	: 	: 	: 	: 	: 	: 	: 	: 	: 	: 	: 	: 	: 	: 	: 	: 	: 	: 	: 	: 	: 	: 	: 	: 	: 	: 	: 	: 	: 	: 	: 	: 	: 	: 	: 	: 	: 	: 	: 	: 	: 	: 	: 	: 	: 	: 	: 	: 
SEAT,ST_PAS_DEP,SK_LZIB_ES_LEPA	: 	: 	: 	: 	: 	: 	: 	: 	: 	1701 	11459 	6975 	: 	: 	: 	1701 	2997 	4158 	4304 	3573 	1701 	1701 	: 	: 	: 	20135 	1890 	9622 	6030 	189 	: 	189 	1701 	2835 	3394 	3393 	2817 	1701 	1512 	189 	: 	: 	17731 	1136 	9531 	4887 	: 	: 	191 	945 	2808 	3177 	3546 	2430 	1701 	756 	: 	: 	: 	15554 	2079 	13490 	6740 	386 	: 	378 	1701 	4040 	4635 	4815 	3527 	1512 	1701 	378 	8 	: 	22695 	1512 	12824 	6802 	378 	: 	: 	1512 	3394 	5280 	4150 	3772 	1518 	1512 	378 	: 	: 	21516 	3213 	17746 	12178 	378 	: 	: 	3213 	4821 	6401 	6524 	5550 	3219 	3409 	378 	: 	: 	33515 	3409 	14786 	7512 	: 	: 	: 	3409 	4305 	4880 	5601 	4677 	2835 	: 	: 	: 	: 	25707 	: 	: 	: 	: 	: 	: 	: 	: 	: 	: 	: 	: 	: 	: 	: 	: 	: 	: 	: 	: 	: 	: 	: 	: 	: 	: 	: 	: 	: 	: 	: 	: 	: 	: 	: 	: 	: 	: 	: 	: 	: 	: 	: 	: 	: 	: 	: 	: 	: 	: 	: 	: 	: 	: 	: 	: 	: 	: 	: 	: 	: 	: 	: 	: 	: 	: 	: 	: 	: 	: 	: 	: 	: 	: 	: 	: 	: 	: 	: 	: 	: 	: 	: 	: 	: 	: 	: 	: 	: 	: 	: 	: 	: 	: 	: 	: 	: 	: 	: 	: 	: 	: 	: 	: 	: 	: 	: 	: 	: 	: 
SEAT,ST_PAS_DEP,SK_LZIB_FR_LFMN	: 	: 	: 	: 	: 	: 	: 	: 	: 	: 	: 	: 	: 	: 	: 	: 	: 	: 	: 	: 	: 	: 	: 	: 	: 	: 	: 	: 	: 	: 	: 	: 	: 	: 	: 	: 	: 	: 	: 	: 	: 	: 	: 	: 	: 	: 	: 	: 	: 	: 	: 	: 	: 	: 	: 	: 	: 	: 	: 	: 	: 	: 	: 	: 	: 	: 	: 	: 	: 	: 	: 	: 	: 	: 	: 	: 	: 	: 	: 	: 	: 	: 	: 	: 	: 	: 	: 	: 	: 	: 	: 	: 	: 	: 	: 	: 	: 	: 	: 	: 	: 	: 	: 	: 	: 	: 	: 	: 	: 	: 	: 	: 	: 	: 	: 	: 	: 	: 	: 	: 	: 	: 	: 	: 	: 	: 	: 	: 	: 	: 	: 	: 	: 	: 	: 	: 	: 	: 	: 	: 	: 	: 	: 	: 	: 	: 	: 	: 	: 	: 	: 	: 	: 	: 	: 	: 	: 	: 	: 	: 	: 	: 	: 	: 	: 	: 	: 	: 	: 	: 	: 	: 	: 	: 	: 	: 	: 	: 	: 	2170 	7011 	7108 	5141 	: 	: 	2170 	2289 	2312 	2410 	2264 	2545 	2299 	1955 	1380 	1806 	21430 	: 	: 	: 	: 	: 	: 	: 	: 	: 	: 	: 	: 	: 	: 	: 	: 	: 	: 	: 	: 	: 	: 	: 	: 	: 	: 	: 	: 	: 	: 	: 	: 	: 	: 	: 	: 	: 	: 	: 	: 	: 	: 
SEAT,ST_PAS_DEP,SK_LZIB_FR_LFOB	: 	: 	: 	: 	: 	: 	: 	: 	: 	3024 	6993 	6144 	: 	: 	567 	2457 	2268 	2457 	2268 	1701 	2079 	2364 	: 	: 	: 	16161 	2835 	7371 	7182 	189 	: 	189 	2646 	2457 	2457 	2457 	2457 	2457 	2268 	189 	: 	: 	17577 	1323 	7371 	6804 	1 	: 	: 	1323 	2268 	2646 	2457 	1890 	2457 	2457 	1 	: 	: 	15499 	2079 	7371 	7182 	189 	: 	: 	2079 	2457 	2457 	2457 	2268 	2646 	2268 	189 	: 	: 	16821 	2835 	9639 	9828 	6993 	: 	: 	2835 	2835 	3402 	3402 	3213 	3213 	3402 	2079 	2457 	2457 	29295 	7938 	10017 	9828 	7371 	2457 	2268 	3213 	3213 	3402 	3402 	3213 	3402 	3213 	2646 	2268 	2457 	35154 	8316 	9450 	9072 	9828 	2646 	2457 	3213 	3024 	3402 	3024 	3213 	3402 	2457 	3402 	3024 	3402 	36666 	: 	: 	: 	: 	: 	: 	: 	: 	: 	: 	: 	: 	: 	: 	: 	: 	: 	: 	: 	: 	: 	: 	: 	: 	: 	: 	: 	: 	: 	: 	: 	: 	: 	: 	: 	: 	: 	: 	: 	: 	: 	: 	: 	: 	: 	: 	: 	: 	: 	: 	: 	: 	: 	: 	: 	: 	: 	: 	: 	: 	: 	: 	: 	: 	: 	: 	: 	: 	: 	: 	: 	: 	: 	: 	: 	: 	: 	: 	: 	: 	: 	: 	: 	: 	: 	: 	: 	: 	: 	: 	: 	: 	: 	: 	: 	: 	: 	: 	: 	: 	: 	: 	: 	: 	: 	: 	: 	: 	: 	: 
SEAT,ST_PAS_DEP,SK_LZIB_FR_LFPO	: 	: 	: 	: 	: 	: 	: 	: 	: 	: 	: 	: 	: 	: 	: 	: 	: 	: 	: 	: 	: 	: 	: 	: 	: 	: 	: 	: 	: 	: 	: 	: 	: 	: 	: 	: 	: 	: 	: 	: 	: 	: 	: 	: 	: 	: 	: 	: 	: 	: 	: 	: 	: 	: 	: 	: 	: 	: 	: 	: 	: 	: 	: 	: 	: 	: 	: 	: 	: 	: 	: 	: 	: 	: 	: 	: 	: 	: 	: 	: 	: 	: 	: 	: 	: 	: 	: 	: 	: 	: 	: 	: 	: 	: 	: 	: 	: 	: 	: 	: 	: 	: 	: 	: 	: 	: 	: 	: 	: 	: 	: 	: 	: 	: 	: 	: 	: 	: 	: 	: 	: 	: 	: 	: 	: 	: 	: 	: 	: 	8565 	18571 	17872 	: 	: 	: 	: 	4901 	3664 	4449 	6831 	7291 	5789 	5435 	6648 	45008 	23691 	13112 	22201 	22052 	7897 	8195 	7599 	5215 	3874 	4023 	5364 	8493 	8344 	8046 	6705 	7301 	81056 	20711 	12367 	18853 	15978 	6854 	7152 	6705 	4321 	4023 	4023 	5215 	7088 	6550 	6470 	5060 	4448 	67909 	18669 	14148 	19650 	18082 	5618 	5927 	7124 	5706 	4234 	4208 	5666 	7435 	6549 	7066 	5554 	5462 	70549 	: 	: 	: 	: 	: 	: 	: 	: 	: 	: 	: 	: 	: 	: 	: 	: 	: 	: 	: 	: 	: 	: 	: 	: 	: 	: 	: 	: 	: 	: 	: 	: 	: 	: 	: 	: 	: 	: 	: 	: 	: 	: 
SEAT,ST_PAS_DEP,SK_LZIB_FR_LFSB	: 	: 	: 	: 	: 	: 	: 	: 	: 	: 	: 	: 	: 	: 	: 	: 	: 	: 	: 	: 	: 	: 	: 	: 	: 	: 	: 	: 	: 	: 	: 	: 	: 	: 	: 	: 	: 	: 	: 	: 	: 	: 	: 	: 	: 	: 	: 	: 	: 	: 	: 	: 	: 	: 	: 	: 	: 	: 	: 	: 	: 	: 	: 	: 	: 	: 	: 	: 	: 	: 	: 	: 	: 	: 	: 	: 	: 	: 	: 	: 	: 	: 	: 	: 	: 	: 	: 	: 	: 	: 	: 	: 	: 	: 	: 	: 	: 	: 	: 	: 	: 	: 	: 	: 	: 	: 	: 	: 	: 	: 	: 	: 	: 	: 	: 	: 	: 	: 	: 	: 	: 	: 	: 	: 	: 	: 	: 	: 	: 	: 	: 	: 	: 	: 	: 	: 	: 	: 	: 	: 	: 	: 	: 	: 	: 	: 	: 	: 	: 	: 	: 	: 	: 	: 	: 	: 	: 	: 	: 	: 	: 	: 	2235 	7897 	7626 	6837 	: 	: 	2235 	2533 	2682 	2682 	2533 	2523 	2570 	2373 	2256 	2208 	24595 	6943 	6948 	7060 	5955 	2176 	2341 	2426 	2261 	2277 	2410 	2277 	2474 	2309 	2405 	1524 	2026 	26906 	: 	: 	: 	: 	: 	: 	: 	: 	: 	: 	: 	: 	: 	: 	: 	: 	: 	: 	: 	: 	: 	: 	: 	: 	: 	: 	: 	: 	: 	: 	: 	: 	: 	: 	: 	: 	: 	: 	: 	: 	: 	: 
SEAT,ST_PAS_DEP,SK_LZIB_IE_EICK	: 	: 	: 	: 	: 	: 	: 	: 	: 	: 	: 	: 	: 	: 	: 	: 	: 	: 	: 	: 	: 	: 	: 	: 	: 	: 	: 	: 	: 	: 	: 	: 	: 	: 	: 	: 	: 	: 	: 	: 	: 	: 	: 	: 	: 	: 	: 	: 	: 	: 	: 	: 	: 	: 	: 	: 	: 	: 	: 	: 	: 	: 	: 	: 	: 	: 	: 	: 	: 	: 	: 	: 	: 	: 	: 	: 	: 	: 	: 	: 	: 	: 	: 	: 	: 	: 	: 	: 	: 	: 	: 	: 	: 	: 	: 	: 	: 	: 	: 	: 	: 	: 	: 	: 	: 	: 	: 	: 	: 	: 	: 	: 	: 	: 	: 	: 	: 	: 	: 	: 	: 	: 	: 	: 	: 	: 	: 	: 	: 	: 	: 	: 	: 	: 	: 	: 	: 	: 	: 	: 	: 	: 	: 	: 	: 	1043 	5960 	5811 	5811 	: 	: 	1043 	1937 	1937 	2086 	1788 	2086 	1937 	1937 	1788 	2086 	18625 	: 	: 	: 	: 	: 	: 	: 	: 	: 	: 	: 	: 	: 	: 	: 	: 	: 	: 	: 	: 	: 	: 	: 	: 	: 	: 	: 	: 	: 	: 	: 	: 	: 	: 	: 	: 	: 	: 	: 	: 	: 	: 	: 	: 	: 	: 	: 	: 	: 	: 	: 	: 	: 	: 	: 	: 	: 	: 	: 	: 	: 	: 	: 	: 	: 	: 	: 	: 	: 	: 	: 	: 	: 	: 	: 	: 
SEAT,ST_PAS_DEP,SK_LZIB_IE_EIDW	17235 	27198 	5859 	5670 	5859 	5706 	15858 	5292 	6048 	18711 	17504 	16821 	17388 	6048 	6804 	5859 	5991 	5859 	5654 	5481 	5670 	5670 	6048 	5481 	5859 	70424 	17010 	17686 	17206 	17199 	5481 	5670 	5859 	5673 	5859 	6154 	5670 	5859 	5677 	5859 	5481 	5859 	69101 	17010 	14424 	13041 	12852 	6048 	5859 	5103 	4914 	4646 	4864 	4914 	4158 	3969 	4347 	3780 	4725 	57327 	14022 	14931 	14569 	11718 	4761 	4158 	5103 	4914 	4914 	5103 	4725 	4914 	4930 	4347 	3402 	3969 	55240 	11358 	13230 	14022 	10980 	4347 	3420 	3591 	3780 	4914 	4536 	4005 	5103 	4914 	3780 	3231 	3969 	49590 	10584 	12794 	12285 	12493 	3969 	3213 	3402 	4316 	4320 	4158 	4158 	4158 	3969 	4158 	3793 	4542 	48156 	13152 	13797 	11529 	9639 	4158 	4158 	4836 	4158 	5103 	4536 	4536 	3780 	3213 	3402 	3024 	3213 	48117 	10774 	10773 	9828 	7371 	3403 	3402 	3969 	3969 	3402 	3402 	3213 	3402 	3213 	2646 	2268 	2457 	38746 	15883 	29755 	24997 	24959 	3402 	4914 	7567 	8799 	10478 	10478 	8352 	8392 	8253 	8541 	8018 	8400 	95594 	22887 	16154 	15875 	15148 	8359 	8203 	6325 	5876 	5139 	5139 	4990 	6084 	4801 	5437 	4620 	5091 	70064 	15327 	13212 	12465 	5266 	5610 	5188 	4529 	4242 	4737 	4233 	4186 	4250 	4029 	1825 	1494 	1947 	46270 	: 	: 	: 	: 	: 	: 	: 	: 	: 	: 	: 	: 	: 	: 	: 	: 	: 	: 	: 	: 	: 	: 	: 	: 	: 	: 	: 	: 	: 	: 	: 	: 	: 	: 	: 	: 	: 	: 	: 	: 	: 	: 
SEAT,ST_PAS_DEP,SK_LZIB_IN_VIAR	: 	: 	: 	: 	: 	: 	: 	: 	: 	: 	: 	: 	: 	: 	: 	: 	: 	: 	: 	: 	: 	: 	: 	: 	: 	: 	: 	: 	: 	: 	: 	: 	: 	: 	: 	: 	: 	: 	: 	: 	: 	: 	: 	: 	: 	: 	: 	: 	: 	: 	: 	: 	: 	: 	: 	: 	: 	: 	: 	: 	: 	: 	: 	: 	: 	: 	: 	: 	: 	: 	: 	: 	: 	: 	: 	: 	: 	: 	: 	: 	: 	: 	: 	: 	: 	: 	: 	: 	: 	: 	: 	: 	: 	: 	: 	: 	: 	: 	: 	: 	: 	: 	: 	: 	: 	: 	: 	: 	: 	: 	: 	: 	: 	: 	: 	: 	: 	: 	: 	: 	: 	: 	: 	: 	: 	: 	: 	: 	: 	: 	: 	: 	: 	: 	: 	: 	: 	: 	: 	: 	: 	: 	: 	: 	: 	2978 	: 	2574 	7611 	1308 	1076 	594 	: 	: 	: 	198 	396 	1980 	2524 	2574 	2513 	13163 	: 	: 	: 	: 	: 	: 	: 	: 	: 	: 	: 	: 	: 	: 	: 	: 	: 	: 	: 	: 	: 	: 	: 	: 	: 	: 	: 	: 	: 	: 	: 	: 	: 	: 	: 	: 	: 	: 	: 	: 	: 	: 	: 	: 	: 	: 	: 	: 	: 	: 	: 	: 	: 	: 	: 	: 	: 	: 	: 	: 	: 	: 	: 	: 	: 	: 	: 	: 	: 	: 	: 	: 	: 	: 	: 	: 
SEAT,ST_PAS_DEP,SK_LZIB_IT_LICT	: 	: 	: 	: 	: 	: 	: 	: 	: 	1512 	4914 	4914 	: 	: 	: 	1512 	1701 	1512 	1701 	1701 	1701 	1512 	: 	: 	: 	11340 	: 	: 	: 	: 	: 	: 	: 	: 	: 	: 	: 	: 	: 	: 	: 	: 	: 	1890 	4914 	4914 	: 	: 	189 	1701 	1512 	1701 	1701 	1701 	1512 	1701 	: 	: 	: 	11718 	: 	: 	: 	: 	: 	: 	: 	: 	: 	: 	: 	: 	: 	: 	: 	: 	: 	: 	: 	: 	: 	: 	: 	: 	: 	: 	: 	: 	: 	: 	: 	: 	: 	: 	: 	: 	: 	: 	: 	: 	: 	: 	: 	: 	: 	: 	: 	: 	: 	: 	: 	: 	: 	: 	: 	: 	: 	: 	: 	: 	: 	: 	: 	: 	: 	: 	: 	: 	: 	: 	: 	: 	: 	: 	: 	: 	: 	: 	: 	: 	: 	: 	: 	: 	: 	: 	: 	: 	: 	: 	: 	: 	: 	: 	: 	: 	: 	: 	: 	: 	: 	: 	: 	: 	: 	: 	: 	: 	: 	: 	: 	: 	: 	: 	: 	: 	: 	: 	: 	: 	: 	: 	: 	: 	: 	: 	: 	: 	: 	: 	: 	: 	: 	: 	: 	: 	: 	: 	: 	: 	: 	: 	: 	: 	: 	: 	: 	: 	: 	: 	: 	: 	: 	: 	: 	: 	: 	: 	: 	: 	: 	: 	: 	: 	: 	: 	: 	: 	: 	: 	: 	: 	: 	: 	: 	: 	: 	: 
SEAT,ST_PAS_DEP,SK_LZIB_IT_LIEA	: 	: 	: 	: 	: 	: 	: 	: 	: 	1701 	4914 	4766 	4962 	: 	: 	1701 	1512 	1701 	1701 	1512 	1701 	1553 	1560 	1512 	1890 	16343 	4725 	4557 	4368 	4893 	2079 	1323 	1323 	1701 	1512 	1344 	1512 	1512 	1344 	1680 	1512 	1701 	18543 	5481 	5859 	4914 	4914 	1701 	1701 	2079 	2646 	1512 	1701 	1701 	1701 	1512 	1701 	1512 	1701 	21168 	4914 	5103 	4914 	378 	1701 	1512 	1701 	1701 	1701 	1701 	1512 	1701 	1701 	378 	: 	: 	15309 	: 	: 	: 	: 	: 	: 	: 	: 	: 	: 	: 	: 	: 	: 	: 	: 	: 	: 	: 	: 	: 	: 	: 	: 	: 	: 	: 	: 	: 	: 	: 	: 	: 	: 	: 	: 	: 	: 	: 	: 	: 	: 	: 	: 	: 	: 	: 	: 	: 	: 	: 	: 	: 	: 	: 	: 	: 	: 	: 	: 	: 	: 	: 	: 	: 	: 	: 	: 	: 	: 	: 	: 	: 	: 	: 	: 	: 	: 	: 	: 	: 	: 	: 	: 	: 	: 	: 	: 	: 	: 	: 	: 	: 	: 	: 	: 	: 	: 	: 	: 	: 	: 	: 	: 	: 	: 	: 	: 	: 	: 	: 	: 	: 	: 	: 	: 	: 	: 	: 	: 	: 	: 	: 	: 	: 	: 	: 	: 	: 	: 	: 	: 	: 	: 	: 	: 	: 	: 	: 	: 	: 	: 	: 	: 	: 	: 	: 	: 	: 	: 	: 	: 	: 	: 	: 	: 	: 	: 	: 	: 	: 
SEAT,ST_PAS_DEP,SK_LZIB_IT_LIME	9828 	9828 	3402 	3213 	3402 	3213 	3213 	3024 	3591 	10022 	10017 	9392 	9924 	3402 	3213 	3407 	3213 	3402 	3402 	3024 	3402 	2966 	2931 	3213 	3780 	39355 	10395 	10017 	9828 	9639 	3780 	3402 	3213 	3213 	3402 	3402 	3213 	3402 	3213 	3402 	3024 	3213 	39879 	10017 	10017 	7560 	12096 	3402 	3213 	3402 	3402 	3213 	3402 	3024 	1323 	3213 	4158 	3780 	4158 	39690 	12497 	12474 	12285 	12285 	4181 	4158 	4158 	3969 	4347 	4158 	3969 	4158 	4158 	4158 	3591 	4536 	49541 	13228 	13795 	10962 	12472 	4158 	3969 	5101 	4725 	4725 	4345 	3969 	3969 	3024 	4158 	3778 	4536 	50457 	12474 	12481 	12285 	17010 	4536 	3969 	3969 	4165 	4158 	4158 	3969 	4158 	4158 	5481 	5292 	6237 	54250 	16065 	12904 	11151 	18582 	6048 	5670 	4347 	3969 	4230 	4705 	3780 	3969 	3402 	5617 	6366 	6599 	58702 	19088 	19610 	18607 	28227 	6287 	6398 	6403 	6644 	6427 	6539 	6102 	6279 	6226 	9797 	9032 	9398 	85532 	25337 	17388 	18530 	20022 	9233 	9489 	6615 	5670 	5859 	5859 	5813 	6255 	6462 	7047 	6971 	6004 	81277 	16985 	20253 	20909 	33799 	5304 	5069 	6612 	6434 	7005 	6814 	6434 	6939 	7536 	10851 	10910 	12038 	91946 	33931 	33159 	32764 	35862 	11888 	10435 	11608 	11227 	10982 	10950 	10379 	11126 	11259 	12783 	11374 	11705 	135716 	: 	: 	: 	: 	: 	: 	: 	: 	: 	: 	: 	: 	: 	: 	: 	: 	: 	: 	: 	: 	: 	: 	: 	: 	: 	: 	: 	: 	: 	: 	: 	: 	: 	: 	: 	: 	: 	: 	: 	: 	: 	: 
SEAT,ST_PAS_DEP,SK_LZIB_IT_LIPE	: 	: 	: 	: 	: 	: 	: 	: 	: 	: 	: 	: 	: 	: 	: 	: 	: 	: 	: 	: 	: 	: 	: 	: 	: 	: 	: 	: 	: 	: 	: 	: 	: 	: 	: 	: 	: 	: 	: 	: 	: 	: 	: 	: 	: 	: 	: 	: 	: 	: 	: 	: 	: 	: 	: 	: 	: 	: 	: 	: 	: 	: 	: 	: 	: 	: 	: 	: 	: 	: 	: 	: 	: 	: 	: 	: 	: 	: 	: 	: 	: 	: 	: 	: 	: 	: 	: 	: 	: 	: 	: 	: 	: 	: 	: 	: 	: 	: 	: 	: 	: 	: 	: 	: 	: 	: 	: 	: 	: 	: 	: 	2467 	7920 	7857 	10025 	10 	: 	2457 	2459 	2597 	2864 	2745 	2745 	2367 	3247 	3198 	3580 	28269 	: 	: 	: 	: 	: 	: 	: 	: 	: 	: 	: 	: 	: 	: 	: 	: 	: 	: 	: 	: 	: 	: 	: 	: 	: 	: 	: 	: 	: 	: 	: 	: 	: 	: 	: 	: 	: 	: 	: 	: 	: 	: 	: 	: 	: 	: 	: 	: 	: 	: 	: 	: 	: 	: 	: 	: 	: 	: 	: 	: 	: 	: 	: 	: 	: 	: 	: 	: 	: 	: 	: 	: 	: 	: 	: 	: 	: 	: 	: 	: 	: 	: 	: 	: 	: 	: 	: 	: 	: 	: 	: 	: 	: 	: 	: 	: 	: 	: 	: 	: 	: 	: 	: 	: 	: 	: 	: 	: 	: 	: 
SEAT,ST_PAS_DEP,SK_LZIB_IT_LIRA	7384 	7373 	2457 	2464 	2652 	2268 	2646 	2268 	2459 	5859 	7560 	7182 	7560 	2268 	2457 	1134 	2457 	2646 	2457 	2268 	2457 	2457 	2646 	2268 	2646 	28161 	8127 	10209 	9832 	7371 	2646 	2079 	3402 	3591 	3402 	3216 	3213 	3402 	3217 	2646 	2079 	2646 	35539 	7763 	9828 	10032 	5110 	2268 	2463 	3032 	3213 	3402 	3213 	3591 	3221 	3220 	2084 	1514 	1512 	32733 	5893 	7383 	7389 	4731 	1701 	1707 	2485 	2469 	2457 	2457 	2475 	2646 	2268 	1701 	1518 	1512 	25396 	5143 	6993 	7379 	7199 	1323 	1331 	2489 	1890 	2646 	2457 	2457 	2457 	2465 	2660 	2079 	2460 	26714 	7394 	7619 	7389 	6646 	2646 	2466 	2282 	2471 	2497 	2651 	2461 	2471 	2457 	2669 	2276 	1701 	29048 	7291 	7373 	6804 	7371 	2279 	2473 	2539 	2457 	2457 	2459 	2457 	2457 	1890 	2646 	2268 	2457 	28839 	: 	: 	: 	: 	: 	: 	: 	: 	: 	: 	: 	: 	: 	: 	: 	: 	: 	: 	: 	: 	: 	: 	: 	: 	: 	: 	: 	: 	: 	: 	: 	: 	: 	: 	: 	: 	: 	: 	: 	: 	: 	: 	: 	: 	: 	: 	: 	: 	: 	: 	: 	: 	: 	: 	: 	: 	: 	: 	: 	: 	: 	: 	: 	: 	: 	: 	: 	: 	: 	: 	: 	: 	: 	: 	: 	: 	: 	: 	: 	: 	: 	: 	: 	: 	: 	: 	: 	: 	: 	: 	: 	: 	: 	: 	: 	: 	: 	: 	: 	: 	: 	: 	: 	: 	: 	: 	: 	: 	: 	: 
SEAT,ST_PAS_DEP,SK_LZIB_IT_LIRF	: 	: 	: 	: 	: 	: 	: 	: 	: 	: 	: 	: 	: 	: 	: 	: 	: 	: 	: 	: 	: 	: 	: 	: 	: 	: 	: 	: 	: 	: 	: 	: 	: 	: 	: 	: 	: 	: 	: 	: 	: 	: 	: 	: 	: 	: 	: 	: 	: 	: 	: 	: 	: 	: 	: 	: 	: 	: 	: 	: 	: 	: 	: 	: 	: 	: 	: 	: 	: 	: 	: 	: 	: 	: 	: 	: 	: 	: 	: 	: 	: 	: 	: 	: 	: 	: 	: 	: 	: 	: 	: 	: 	: 	: 	: 	: 	: 	: 	: 	: 	: 	: 	: 	: 	: 	: 	: 	: 	: 	: 	: 	: 	: 	: 	: 	: 	: 	: 	: 	: 	: 	: 	: 	: 	: 	: 	: 	: 	9180 	6053 	10855 	10769 	2880 	3240 	3060 	1260 	2305 	2488 	2708 	4043 	4104 	3904 	3361 	3504 	36857 	13559 	8344 	12367 	13261 	4470 	4470 	4619 	3129 	2682 	2533 	3278 	4619 	4470 	4619 	4321 	4321 	47531 	12515 	8351 	10823 	8939 	4470 	4023 	4022 	2987 	2682 	2682 	3278 	3767 	3778 	3863 	2304 	2772 	40628 	10365 	9518 	10474 	7441 	3485 	3272 	3608 	3318 	2967 	3233 	3256 	3600 	3618 	3123 	2190 	2128 	37798 	: 	: 	: 	: 	: 	: 	: 	: 	: 	: 	: 	: 	: 	: 	: 	: 	: 	: 	: 	: 	: 	: 	: 	: 	: 	: 	: 	: 	: 	: 	: 	: 	: 	: 	: 	: 	: 	: 	: 	: 	: 	: 
SEAT,ST_PAS_DEP,SK_LZIB_IT_LIRP	: 	: 	: 	: 	: 	: 	: 	: 	: 	: 	: 	: 	: 	: 	: 	: 	: 	: 	: 	: 	: 	: 	: 	: 	: 	: 	: 	: 	: 	: 	: 	: 	: 	: 	: 	: 	: 	: 	: 	: 	: 	: 	: 	: 	: 	: 	: 	: 	: 	: 	: 	: 	: 	: 	: 	: 	: 	: 	: 	: 	: 	: 	: 	: 	: 	: 	: 	: 	: 	: 	: 	: 	: 	: 	: 	: 	: 	: 	: 	: 	: 	: 	: 	: 	: 	: 	: 	: 	: 	: 	: 	: 	: 	: 	: 	: 	: 	: 	: 	: 	: 	: 	: 	: 	: 	: 	: 	: 	: 	: 	: 	1519 	5103 	4536 	4733 	7 	: 	1512 	1701 	1701 	1701 	1512 	1512 	1512 	1512 	1512 	1709 	15891 	: 	: 	: 	: 	: 	: 	: 	: 	: 	: 	: 	: 	: 	: 	: 	: 	: 	: 	: 	: 	: 	: 	: 	: 	: 	: 	: 	: 	: 	: 	: 	: 	: 	: 	: 	: 	: 	: 	: 	: 	: 	: 	: 	: 	: 	: 	: 	: 	: 	: 	: 	: 	: 	: 	: 	: 	: 	: 	: 	: 	: 	: 	: 	: 	: 	: 	: 	: 	: 	: 	: 	: 	: 	: 	: 	: 	: 	: 	: 	: 	: 	: 	: 	: 	: 	: 	: 	: 	: 	: 	: 	: 	: 	: 	: 	: 	: 	: 	: 	: 	: 	: 	: 	: 	: 	: 	: 	: 	: 	: 
SEAT,ST_PAS_DEP,SK_LZIB_MK_LWSK	5712 	5400 	2520 	1668 	2148 	1896 	2352 	1428 	1620 	4596 	6444 	5208 	180 	1440 	1464 	1692 	2148 	2172 	2124 	1968 	1620 	1620 	180 	0 	0 	16428 	: 	: 	: 	: 	: 	: 	: 	: 	: 	: 	: 	: 	: 	: 	: 	: 	: 	: 	: 	: 	: 	: 	: 	: 	: 	: 	: 	: 	: 	: 	: 	: 	: 	: 	: 	: 	: 	: 	: 	: 	: 	: 	: 	: 	: 	: 	: 	: 	: 	: 	: 	: 	: 	: 	: 	: 	: 	: 	: 	: 	: 	: 	: 	: 	: 	: 	: 	: 	: 	: 	: 	: 	: 	: 	: 	: 	: 	: 	: 	: 	: 	: 	: 	: 	: 	: 	: 	: 	: 	: 	: 	: 	: 	: 	: 	: 	: 	: 	: 	: 	: 	: 	: 	: 	: 	: 	: 	: 	: 	: 	: 	: 	: 	: 	: 	: 	: 	: 	: 	: 	: 	: 	: 	: 	: 	: 	: 	: 	: 	: 	: 	: 	: 	: 	: 	: 	: 	: 	: 	: 	: 	: 	: 	: 	: 	: 	: 	: 	: 	: 	: 	: 	: 	: 	: 	: 	: 	: 	: 	: 	: 	: 	: 	: 	: 	: 	: 	: 	: 	: 	: 	: 	: 	: 	: 	: 	: 	: 	: 	: 	: 	: 	: 	: 	: 	: 	: 	: 	: 	: 	: 	: 	: 	: 	: 	: 	: 	: 	: 	: 	: 	: 	: 	: 	: 	: 	: 	: 	: 	: 	: 	: 
SEAT,ST_PAS_DEP,SK_LZIB_NL_EHAM	: 	: 	: 	: 	: 	: 	: 	: 	: 	: 	: 	: 	: 	: 	: 	: 	: 	: 	: 	: 	: 	: 	: 	: 	: 	: 	: 	: 	: 	: 	: 	: 	: 	: 	: 	: 	: 	: 	: 	: 	: 	: 	: 	: 	: 	: 	: 	: 	: 	: 	: 	: 	: 	: 	: 	: 	: 	: 	: 	: 	: 	: 	: 	: 	: 	: 	: 	: 	: 	: 	: 	: 	: 	: 	: 	: 	: 	: 	: 	: 	: 	: 	: 	: 	: 	: 	: 	: 	: 	: 	: 	: 	: 	: 	: 	: 	: 	: 	: 	: 	: 	: 	: 	: 	: 	: 	: 	: 	: 	: 	: 	: 	: 	: 	: 	: 	: 	: 	: 	: 	: 	: 	: 	: 	: 	: 	: 	: 	: 	: 	: 	: 	: 	: 	: 	: 	: 	: 	: 	: 	: 	: 	: 	: 	: 	: 	: 	: 	: 	: 	: 	: 	: 	: 	: 	: 	: 	: 	: 	: 	: 	: 	4023 	8493 	12255 	10758 	: 	: 	4023 	3129 	2682 	2682 	3278 	4628 	4349 	3932 	3304 	3522 	35529 	10316 	11056 	12468 	10047 	3224 	2958 	4134 	3803 	3717 	3536 	3924 	4346 	4198 	3749 	2947 	3351 	43887 	: 	: 	: 	: 	: 	: 	: 	: 	: 	: 	: 	: 	: 	: 	: 	: 	: 	: 	: 	: 	: 	: 	: 	: 	: 	: 	: 	: 	: 	: 	: 	: 	: 	: 	: 	: 	: 	: 	: 	: 	: 	: 
SEAT,ST_PAS_DEP,SK_LZIB_RO_LRBS	: 	: 	: 	: 	: 	: 	: 	: 	: 	: 	: 	: 	: 	: 	: 	: 	: 	: 	: 	: 	: 	: 	: 	: 	: 	: 	: 	: 	: 	: 	: 	: 	: 	: 	: 	: 	: 	: 	: 	: 	: 	: 	: 	: 	: 	: 	: 	: 	: 	: 	: 	: 	: 	: 	: 	: 	: 	: 	: 	: 	: 	: 	: 	: 	: 	: 	: 	: 	: 	: 	: 	: 	: 	: 	: 	: 	: 	: 	: 	: 	: 	: 	: 	: 	: 	: 	: 	: 	: 	: 	: 	: 	: 	: 	: 	: 	: 	: 	: 	: 	: 	: 	: 	: 	: 	: 	: 	: 	: 	: 	: 	: 	: 	: 	: 	: 	: 	: 	: 	: 	: 	: 	: 	: 	: 	: 	: 	: 	: 	: 	: 	: 	: 	: 	: 	: 	: 	: 	: 	: 	: 	: 	: 	: 	: 	: 	: 	: 	: 	: 	: 	: 	: 	: 	: 	: 	: 	: 	: 	: 	: 	: 	: 	: 	: 	: 	: 	: 	: 	: 	: 	: 	: 	: 	: 	: 	: 	: 	: 	6265 	7651 	7124 	5668 	1881 	1974 	2410 	2942 	2299 	2410 	2261 	2458 	2405 	2333 	1661 	1674 	26708 	: 	: 	: 	: 	: 	: 	: 	: 	: 	: 	: 	: 	: 	: 	: 	: 	: 	: 	: 	: 	: 	: 	: 	: 	: 	: 	: 	: 	: 	: 	: 	: 	: 	: 	: 	: 	: 	: 	: 	: 	: 	: 
SEAT,ST_PAS_DEP,SK_LZIB_RU_UUEE	: 	: 	: 	: 	: 	: 	: 	: 	: 	: 	: 	: 	: 	: 	: 	: 	: 	: 	: 	: 	: 	: 	: 	: 	: 	: 	: 	: 	: 	: 	: 	: 	: 	: 	: 	: 	: 	: 	: 	: 	: 	: 	: 	: 	: 	: 	: 	: 	: 	: 	: 	: 	: 	: 	: 	: 	: 	: 	: 	: 	: 	: 	: 	: 	: 	: 	: 	: 	: 	: 	: 	: 	: 	: 	: 	: 	: 	: 	: 	: 	: 	: 	: 	: 	: 	: 	: 	: 	: 	: 	: 	: 	: 	: 	: 	: 	: 	: 	: 	: 	: 	: 	: 	: 	: 	: 	: 	: 	: 	: 	: 	: 	: 	: 	: 	: 	: 	: 	: 	: 	: 	: 	: 	: 	: 	: 	: 	: 	: 	: 	: 	: 	: 	: 	: 	: 	: 	: 	: 	: 	: 	: 	: 	: 	: 	: 	: 	: 	: 	: 	: 	: 	: 	: 	: 	: 	: 	: 	: 	: 	: 	: 	: 	: 	: 	: 	: 	: 	: 	: 	: 	: 	: 	: 	: 	: 	: 	: 	: 	5248 	5289 	5101 	5157 	1632 	1780 	1836 	1755 	1734 	1800 	1701 	1800 	1600 	1700 	1647 	1810 	20795 	: 	: 	: 	: 	: 	: 	: 	: 	: 	: 	: 	: 	: 	: 	: 	: 	: 	: 	: 	: 	: 	: 	: 	: 	: 	: 	: 	: 	: 	: 	: 	: 	: 	: 	: 	: 	: 	: 	: 	: 	: 	: 
SEAT,ST_PAS_DEP,SK_LZIB_RU_UUWW	10410 	11488 	3591 	3416 	3591 	3403 	4158 	3024 	4306 	12476 	8319 	13612 	17290 	3969 	3969 	4538 	3404 	2458 	2457 	2460 	5482 	5670 	5859 	5648 	5783 	51697 	: 	: 	: 	: 	: 	: 	: 	: 	: 	: 	: 	: 	: 	: 	: 	: 	: 	: 	: 	: 	: 	: 	: 	: 	: 	: 	: 	: 	: 	: 	: 	: 	: 	: 	: 	: 	: 	: 	: 	: 	: 	: 	: 	: 	: 	: 	: 	: 	: 	: 	: 	4568 	7019 	5424 	6068 	1406 	1310 	1852 	2016 	2152 	2851 	1628 	1756 	2040 	2020 	1694 	2354 	23079 	: 	: 	: 	: 	: 	: 	: 	: 	: 	: 	: 	: 	: 	: 	: 	: 	: 	: 	: 	: 	: 	: 	: 	: 	: 	: 	: 	: 	: 	: 	: 	: 	: 	: 	: 	: 	: 	: 	: 	: 	: 	: 	: 	: 	: 	: 	: 	: 	: 	: 	: 	: 	: 	: 	: 	: 	: 	: 	: 	: 	: 	: 	: 	: 	: 	: 	: 	: 	: 	: 	: 	: 	: 	: 	: 	: 	: 	: 	: 	: 	: 	: 	: 	: 	: 	: 	: 	: 	: 	: 	: 	: 	: 	: 	: 	: 	: 	: 	: 	: 	: 	: 	: 	: 	: 	: 	: 	: 	: 	: 	: 	: 	: 	: 	: 	: 	: 	: 	: 	: 	: 	: 	: 	: 	: 	: 	: 	: 	: 	: 	: 	: 	: 	: 	: 	: 	: 	: 	: 	: 	: 	: 	: 	: 
SEAT,ST_PAS_DEP,SK_LZIB_SE_ESKN	: 	: 	: 	: 	: 	: 	: 	: 	: 	: 	: 	: 	: 	: 	: 	: 	: 	: 	: 	: 	: 	: 	: 	: 	: 	: 	: 	: 	: 	: 	: 	: 	: 	: 	: 	: 	: 	: 	: 	: 	: 	: 	: 	: 	: 	: 	: 	: 	: 	: 	: 	: 	: 	: 	: 	: 	: 	: 	: 	: 	: 	: 	: 	: 	: 	: 	: 	: 	: 	: 	: 	: 	: 	: 	: 	: 	: 	: 	: 	: 	: 	: 	: 	: 	: 	: 	: 	: 	: 	: 	: 	: 	: 	: 	: 	: 	: 	: 	: 	: 	: 	: 	: 	: 	: 	: 	: 	: 	: 	: 	: 	5481 	7560 	7002 	7182 	1323 	1701 	2457 	2457 	2457 	2646 	2466 	2457 	2079 	2457 	2268 	2457 	27225 	6804 	7371 	7371 	7371 	2646 	1701 	2457 	2457 	2457 	2457 	2457 	2457 	2457 	2457 	2268 	2646 	28917 	9828 	13986 	14931 	12285 	2268 	2457 	5103 	5670 	4158 	4158 	4158 	5859 	4914 	4158 	3969 	4158 	51030 	: 	: 	: 	: 	: 	: 	: 	: 	: 	: 	: 	: 	: 	: 	: 	: 	: 	: 	: 	: 	: 	: 	: 	: 	: 	: 	: 	: 	: 	: 	: 	: 	: 	: 	: 	: 	: 	: 	: 	: 	: 	: 	: 	: 	: 	: 	: 	: 	: 	: 	: 	: 	: 	: 	: 	: 	: 	: 	: 	: 	: 	: 	: 	: 	: 	: 	: 	: 	: 	: 	: 	: 	: 	: 	: 	: 
SEAT,ST_PAS_DEP,SK_LZIB_SK_LZKZ	: 	: 	: 	: 	: 	: 	: 	: 	: 	5118 	3264 	5556 	5117 	1809 	1952 	1357 	1246 	971 	1047 	2235 	1840 	1481 	1822 	1796 	1499 	19055 	5022 	13134 	3890 	3800 	1712 	1866 	1444 	1271 	10895 	968 	1391 	1267 	1232 	1330 	1295 	1175 	25846 	: 	: 	: 	: 	: 	: 	: 	: 	: 	: 	: 	: 	: 	: 	: 	: 	: 	: 	: 	: 	: 	: 	: 	: 	: 	: 	: 	: 	: 	: 	: 	: 	: 	: 	6380 	8872 	8637 	8031 	1280 	1993 	3107 	2719 	3074 	3079 	2840 	2974 	2823 	3010 	2754 	2267 	31920 	8522 	8954 	10014 	8667 	2509 	2939 	3074 	2872 	3082 	3000 	3147 	3785 	3082 	3350 	2762 	2555 	36157 	8608 	11638 	10280 	11750 	2481 	3045 	3082 	3511 	4051 	4076 	3726 	3378 	3176 	4135 	3452 	4163 	42276 	12860 	24775 	36682 	27188 	4317 	4301 	4242 	4346 	9841 	10588 	11474 	11481 	13727 	8424 	7453 	11311 	101505 	36420 	37175 	42236 	42040 	11195 	12541 	12684 	12032 	12545 	12598 	13272 	14491 	14473 	14316 	13704 	14020 	157871 	40420 	27726 	31725 	25523 	12231 	13580 	14609 	9536 	8952 	9238 	10132 	11260 	10333 	9439 	7731 	8353 	125394 	23330 	24103 	23854 	23644 	7225 	8002 	8103 	7708 	8469 	7926 	8076 	8532 	7246 	8536 	7323 	7785 	94931 	: 	: 	: 	: 	: 	: 	: 	: 	: 	: 	: 	: 	: 	: 	: 	: 	: 	: 	: 	: 	: 	: 	: 	: 	: 	: 	: 	: 	: 	: 	: 	: 	: 	: 	: 	: 	: 	: 	: 	: 	: 	: 
SEAT,ST_PAS_DEP,SK_LZIB_TN_DTMB	: 	: 	: 	: 	: 	: 	: 	: 	: 	: 	: 	: 	: 	: 	: 	: 	: 	: 	: 	: 	: 	: 	: 	: 	: 	: 	: 	: 	: 	: 	: 	: 	: 	: 	: 	: 	: 	: 	: 	: 	: 	: 	: 	: 	14103 	3555 	: 	: 	: 	: 	3663 	5058 	5382 	3366 	189 	: 	: 	: 	: 	17658 	: 	14365 	4188 	: 	: 	: 	: 	3277 	5643 	5445 	4023 	165 	: 	: 	: 	: 	18553 	: 	15107 	4995 	: 	: 	: 	: 	2462 	6394 	6251 	4830 	165 	: 	: 	: 	: 	20102 	180 	11511 	1833 	: 	: 	: 	180 	3123 	4563 	3825 	1833 	: 	: 	: 	: 	: 	13524 	366 	13687 	4275 	: 	: 	: 	366 	3693 	4674 	5320 	3465 	810 	: 	: 	: 	: 	18328 	454 	13604 	5181 	: 	: 	: 	454 	3958 	4618 	5028 	4158 	1023 	: 	: 	: 	: 	19239 	177 	19477 	6921 	: 	: 	: 	177 	5840 	6647 	6990 	5429 	1492 	: 	: 	: 	: 	26575 	1595 	15086 	5847 	: 	: 	: 	1595 	4250 	5039 	5797 	4625 	1216 	6 	: 	: 	: 	22528 	1079 	13164 	5085 	: 	: 	: 	1079 	4186 	4555 	4423 	4148 	937 	: 	: 	: 	: 	19328 	: 	: 	: 	: 	: 	: 	: 	: 	: 	: 	: 	: 	: 	: 	: 	: 	: 	: 	: 	: 	: 	: 	: 	: 	: 	: 	: 	: 	: 	: 	: 	: 	: 	: 	: 	: 	: 	: 	: 	: 	: 	: 
SEAT,ST_PAS_DEP,SK_LZIB_TR_LTAI	7761 	8 	13614 	7383 	378 	: 	: 	: 	8 	189 	21693 	3885 	3 	: 	189 	: 	5376 	6993 	9324 	3696 	189 	: 	: 	: 	3 	25770 	558 	59506 	18258 	336 	: 	189 	369 	14011 	22216 	23279 	17085 	1173 	: 	336 	: 	: 	78658 	1098 	47737 	14743 	: 	189 	189 	720 	12336 	17694 	17707 	13078 	1665 	: 	: 	: 	: 	63578 	1744 	53368 	16879 	550 	: 	190 	1554 	14320 	19339 	19709 	15803 	907 	169 	370 	180 	: 	72541 	1561 	43005 	15145 	: 	: 	220 	1341 	11977 	15158 	15870 	13967 	1178 	: 	: 	: 	: 	59711 	2958 	50372 	19107 	840 	: 	219 	2739 	14451 	17622 	18299 	15980 	2029 	1098 	840 	: 	: 	73277 	2884 	32038 	14043 	: 	: 	880 	2004 	8551 	11935 	11552 	11805 	2068 	170 	: 	: 	: 	48965 	1230 	29141 	10134 	: 	: 	: 	1230 	8540 	10685 	9916 	8602 	1194 	338 	: 	: 	: 	40505 	285 	25005 	8231 	6 	: 	: 	285 	6961 	8771 	9273 	8231 	: 	: 	: 	: 	6 	33527 	624 	19460 	5750 	: 	: 	385 	239 	5679 	6939 	6842 	5750 	: 	: 	: 	: 	: 	25834 	630 	10218 	2595 	705 	334 	: 	296 	2609 	3769 	3840 	2595 	: 	: 	705 	: 	: 	14148 	: 	: 	: 	: 	: 	: 	: 	: 	: 	: 	: 	: 	: 	: 	: 	: 	: 	: 	: 	: 	: 	: 	: 	: 	: 	: 	: 	: 	: 	: 	: 	: 	: 	: 	: 	: 	: 	: 	: 	: 	: 	: 
SEAT,ST_PAS_DEP,SK_LZIB_UK_EGBB	7371 	7371 	2457 	2457 	2457 	2457 	2457 	2268 	2646 	7560 	7640 	7371 	7965 	2646 	2457 	2457 	2457 	2726 	2457 	2457 	2457 	2457 	2646 	2563 	2756 	30536 	7560 	7371 	7397 	7371 	2835 	2079 	2646 	2457 	2457 	2457 	2464 	2457 	2476 	2457 	2268 	2646 	29699 	6431 	6804 	7377 	5113 	2268 	2457 	1706 	1701 	2457 	2646 	2268 	2652 	2457 	1701 	1517 	1895 	25725 	6275 	7371 	7457 	4534 	1890 	1701 	2684 	2268 	2646 	2457 	2523 	2477 	2457 	1512 	1512 	1510 	25637 	5500 	7390 	7409 	7390 	1909 	1323 	2268 	2457 	2457 	2476 	2457 	2646 	2306 	2646 	2287 	2457 	27689 	7560 	7371 	7371 	7560 	2646 	2457 	2457 	2457 	2457 	2457 	2457 	2457 	2457 	2646 	2268 	2646 	29862 	7557 	7749 	6854 	7182 	2457 	2643 	2457 	2457 	2646 	2646 	2507 	2457 	1890 	2457 	2268 	2457 	29342 	7569 	7182 	8347 	2783 	2646 	2277 	2646 	2457 	2457 	2268 	2457 	2593 	3297 	807 	717 	1259 	25881 	8922 	15159 	9578 	12254 	2997 	3261 	2664 	4841 	5139 	5179 	2830 	2829 	3919 	4464 	3721 	4069 	45913 	: 	: 	: 	: 	: 	: 	: 	: 	: 	: 	: 	: 	: 	: 	: 	: 	: 	: 	: 	: 	: 	: 	: 	: 	: 	: 	: 	: 	: 	: 	: 	: 	: 	: 	: 	: 	: 	: 	: 	: 	: 	: 	: 	: 	: 	: 	: 	: 	: 	: 	: 	: 	: 	: 	: 	: 	: 	: 	: 	: 	: 	: 	: 	: 	: 	: 	: 	: 	: 	: 	: 	: 	: 	: 	: 	: 
SEAT,ST_PAS_DEP,SK_LZIB_UK_EGCC	7371 	7560 	2457 	2457 	2457 	2457 	2457 	2268 	2835 	7560 	7560 	7371 	: 	2646 	2457 	2457 	2457 	2457 	2646 	2457 	2457 	2457 	: 	: 	: 	22491 	: 	: 	: 	: 	: 	: 	: 	: 	: 	: 	: 	: 	: 	: 	: 	: 	: 	: 	: 	: 	: 	: 	: 	: 	: 	: 	: 	: 	: 	: 	: 	: 	: 	: 	: 	: 	: 	: 	: 	: 	: 	: 	: 	: 	: 	: 	: 	: 	: 	: 	: 	: 	: 	: 	: 	: 	: 	: 	: 	: 	: 	: 	: 	: 	: 	: 	: 	: 	: 	: 	: 	: 	: 	: 	: 	: 	: 	: 	: 	: 	: 	: 	: 	: 	: 	: 	: 	: 	: 	: 	: 	: 	: 	: 	: 	: 	: 	: 	: 	: 	: 	: 	1308 	5607 	10443 	12893 	1296 	12 	: 	: 	2659 	2948 	3117 	3584 	3742 	4512 	4024 	4357 	30251 	12963 	13708 	13708 	13559 	4470 	3874 	4619 	4470 	4619 	4619 	4470 	4619 	4619 	4619 	4321 	4619 	53938 	11557 	7751 	7662 	6039 	4470 	4107 	2980 	2535 	2682 	2534 	2682 	2517 	2463 	1974 	1740 	2325 	33009 	6028 	7144 	7060 	5410 	1926 	1793 	2309 	2425 	2293 	2426 	2293 	2458 	2309 	1926 	1628 	1856 	25642 	: 	: 	: 	: 	: 	: 	: 	: 	: 	: 	: 	: 	: 	: 	: 	: 	: 	: 	: 	: 	: 	: 	: 	: 	: 	: 	: 	: 	: 	: 	: 	: 	: 	: 	: 	: 	: 	: 	: 	: 	: 	: 
SEAT,ST_PAS_DEP,SK_LZIB_UK_EGGD	: 	: 	: 	: 	: 	: 	: 	: 	: 	: 	: 	: 	: 	: 	: 	: 	: 	: 	: 	: 	: 	: 	: 	: 	: 	: 	: 	: 	: 	: 	: 	: 	: 	: 	: 	: 	: 	: 	: 	: 	: 	: 	: 	: 	: 	: 	: 	: 	: 	: 	: 	: 	: 	: 	: 	: 	: 	: 	: 	: 	1890 	4914 	4914 	567 	: 	189 	1701 	1701 	1701 	1512 	1701 	1701 	1512 	567 	: 	: 	12285 	1701 	5103 	4914 	4914 	: 	378 	1323 	1701 	1701 	1701 	1512 	1701 	1701 	1512 	1701 	1701 	16632 	: 	: 	: 	: 	: 	: 	: 	: 	: 	: 	: 	: 	: 	: 	: 	: 	: 	5481 	4914 	4347 	4725 	2079 	1512 	1890 	1512 	1701 	1701 	1512 	1512 	1323 	1512 	1512 	1701 	19467 	4914 	4914 	4914 	4725 	1701 	1512 	1701 	1512 	1701 	1701 	1701 	1701 	1512 	1701 	1323 	1701 	19467 	5481 	4914 	6237 	7371 	1323 	1701 	2457 	1701 	1512 	1701 	1701 	2079 	2457 	2457 	2268 	2646 	24003 	: 	: 	: 	: 	: 	: 	: 	: 	: 	: 	: 	: 	: 	: 	: 	: 	: 	: 	: 	: 	: 	: 	: 	: 	: 	: 	: 	: 	: 	: 	: 	: 	: 	: 	: 	: 	: 	: 	: 	: 	: 	: 	: 	: 	: 	: 	: 	: 	: 	: 	: 	: 	: 	: 	: 	: 	: 	: 	: 	: 	: 	: 	: 	: 	: 	: 	: 	: 	: 	: 	: 	: 	: 	: 	: 	: 
SEAT,ST_PAS_DEP,SK_LZIB_UK_EGGP	: 	: 	: 	: 	: 	: 	: 	: 	: 	: 	: 	: 	: 	: 	: 	: 	: 	: 	: 	: 	: 	: 	: 	: 	: 	: 	7749 	7371 	7371 	7371 	2835 	2268 	2646 	2457 	2457 	2457 	2457 	2457 	2457 	2457 	2268 	2646 	29862 	7182 	6052 	5671 	5103 	2268 	2457 	2457 	1701 	1705 	2646 	1512 	1702 	2457 	1701 	1512 	1890 	24008 	6237 	7190 	7371 	5670 	1890 	1701 	2646 	2276 	2646 	2268 	2457 	2457 	2457 	2268 	1512 	1890 	26468 	5878 	7378 	7371 	7371 	1890 	1512 	2476 	2464 	2457 	2457 	2457 	2646 	2268 	2646 	2268 	2457 	27998 	6804 	4914 	4914 	5103 	2646 	2457 	1701 	1512 	1701 	1701 	1512 	1701 	1701 	1701 	1512 	1890 	21735 	6048 	7560 	6804 	6993 	1890 	1701 	2457 	2457 	2457 	2646 	2457 	2457 	1890 	2457 	2268 	2268 	27405 	: 	: 	: 	: 	: 	: 	: 	: 	: 	: 	: 	: 	: 	: 	: 	: 	: 	: 	: 	: 	: 	: 	: 	: 	: 	: 	: 	: 	: 	: 	: 	: 	: 	: 	: 	: 	: 	: 	: 	: 	: 	: 	: 	: 	: 	: 	: 	: 	: 	: 	: 	: 	: 	: 	: 	: 	: 	: 	: 	: 	: 	: 	: 	: 	: 	: 	: 	: 	: 	: 	: 	: 	: 	: 	: 	: 	: 	: 	: 	: 	: 	: 	: 	: 	: 	: 	: 	: 	: 	: 	: 	: 	: 	: 	: 	: 	: 	: 	: 	: 	: 	: 	: 	: 	: 	: 	: 	: 	: 	: 
SEAT,ST_PAS_DEP,SK_LZIB_UK_EGGW	: 	: 	: 	: 	: 	: 	: 	: 	: 	3591 	10017 	9829 	9828 	: 	189 	3402 	3213 	3402 	3402 	3213 	3214 	3402 	3024 	3213 	3591 	33265 	9832 	10799 	11349 	9640 	3402 	3213 	3217 	3213 	3428 	4158 	3213 	4167 	3969 	3402 	3024 	3214 	41620 	10395 	10589 	9831 	9262 	3024 	3213 	4158 	3969 	3402 	3218 	3405 	3213 	3213 	3025 	3024 	3213 	40077 	10027 	10025 	9864 	7757 	3601 	3213 	3213 	3410 	3213 	3402 	3241 	3402 	3221 	2646 	2268 	2843 	37673 	9480 	12494 	12375 	8702 	2835 	2843 	3802 	4158 	4164 	4172 	4158 	4051 	4166 	3402 	2457 	2843 	43051 	11372 	17430 	17207 	17213 	3221 	2465 	5686 	5688 	5867 	5875 	5678 	5859 	5670 	5863 	5294 	6056 	63222 	17220 	17408 	15912 	765 	5688 	5670 	5862 	5672 	5877 	5859 	5688 	5859 	4365 	765 	: 	: 	51305 	41 	6876 	12337 	16904 	14 	: 	27 	9 	3275 	3592 	3584 	4333 	4420 	5317 	5203 	6384 	36158 	24617 	29529 	26294 	23253 	7459 	8209 	8949 	9694 	9685 	10150 	8090 	9264 	8940 	8344 	7152 	7757 	103693 	: 	: 	: 	: 	: 	: 	: 	: 	: 	: 	: 	: 	: 	: 	: 	: 	: 	164 	11030 	12975 	12819 	7 	: 	157 	4321 	3726 	2983 	4482 	4172 	4321 	4616 	3725 	4478 	36988 	: 	: 	: 	: 	: 	: 	: 	: 	: 	: 	: 	: 	: 	: 	: 	: 	: 	: 	: 	: 	: 	: 	: 	: 	: 	: 	: 	: 	: 	: 	: 	: 	: 	: 	: 	: 	: 	: 	: 	: 	: 	: 
SEAT,ST_PAS_DEP,SK_LZIB_UK_EGNM	4915 	4914 	1706 	1701 	1701 	1513 	1701 	1512 	1701 	: 	: 	: 	: 	: 	: 	: 	: 	: 	: 	: 	: 	: 	: 	: 	: 	: 	: 	: 	: 	: 	: 	: 	: 	: 	: 	: 	: 	: 	: 	: 	: 	: 	: 	: 	: 	: 	: 	: 	: 	: 	: 	: 	: 	: 	: 	: 	: 	: 	: 	: 	: 	: 	: 	: 	: 	: 	: 	: 	: 	: 	: 	: 	: 	: 	: 	: 	: 	: 	: 	: 	: 	: 	: 	: 	: 	: 	: 	: 	: 	: 	: 	: 	: 	: 	: 	: 	: 	: 	: 	: 	: 	: 	: 	: 	: 	: 	: 	: 	: 	: 	: 	: 	: 	: 	: 	: 	: 	: 	: 	: 	: 	: 	: 	: 	: 	: 	: 	: 	: 	: 	: 	: 	: 	: 	: 	: 	: 	: 	: 	: 	: 	: 	: 	: 	: 	: 	: 	: 	: 	: 	: 	: 	: 	: 	: 	: 	: 	: 	: 	: 	: 	: 	: 	: 	: 	: 	: 	: 	: 	: 	: 	: 	: 	: 	: 	: 	: 	: 	: 	: 	: 	: 	: 	: 	: 	: 	: 	: 	: 	: 	: 	: 	: 	: 	: 	: 	: 	: 	: 	: 	: 	: 	: 	: 	: 	: 	: 	: 	: 	: 	: 	: 	: 	: 	: 	: 	: 	: 	: 	: 	: 	: 	: 	: 	: 	: 	: 	: 	: 	: 	: 	: 	: 	: 	: 	: 	: 	: 
SEAT,ST_PAS_DEP,SK_LZIB_UK_EGNX	: 	: 	: 	: 	: 	: 	: 	: 	: 	: 	: 	: 	: 	: 	: 	: 	: 	: 	: 	: 	: 	: 	: 	: 	: 	: 	: 	: 	: 	: 	: 	: 	: 	: 	: 	: 	: 	: 	: 	: 	: 	: 	: 	: 	: 	: 	: 	: 	: 	: 	: 	: 	: 	: 	: 	: 	: 	: 	: 	: 	: 	: 	: 	: 	: 	: 	: 	: 	: 	: 	: 	: 	: 	: 	: 	: 	: 	: 	: 	: 	: 	: 	: 	: 	: 	: 	: 	: 	: 	: 	: 	: 	: 	: 	: 	: 	: 	: 	: 	: 	: 	: 	: 	: 	: 	: 	: 	: 	: 	: 	: 	: 	: 	: 	: 	: 	: 	: 	: 	: 	: 	: 	: 	: 	: 	: 	: 	: 	: 	945 	4914 	9072 	: 	: 	: 	: 	: 	945 	1512 	1701 	1701 	3024 	2835 	3213 	14931 	9639 	9828 	9828 	9639 	3024 	3213 	3402 	3213 	3402 	3213 	3402 	3213 	3213 	3402 	3213 	3024 	38934 	9639 	10017 	9828 	3591 	3024 	3213 	3402 	3213 	3402 	3402 	3213 	3213 	3402 	3213 	378 	: 	33075 	: 	: 	: 	: 	: 	: 	: 	: 	: 	: 	: 	: 	: 	: 	: 	: 	: 	: 	: 	: 	: 	: 	: 	: 	: 	: 	: 	: 	: 	: 	: 	: 	: 	: 	: 	: 	: 	: 	: 	: 	: 	: 	: 	: 	: 	: 	: 	: 	: 	: 	: 	: 	: 	: 	: 	: 	: 	: 	: 
SEAT,ST_PAS_DEP,SK_LZIB_UK_EGPH	4914 	4914 	2457 	1701 	1512 	1701 	1701 	1512 	1701 	4914 	5859 	4914 	756 	1701 	1512 	1701 	1512 	1701 	2646 	1701 	1701 	1512 	756 	: 	: 	16443 	1134 	6048 	4914 	189 	: 	: 	1134 	1701 	1701 	2646 	1512 	1701 	1701 	189 	: 	: 	12285 	1323 	5957 	4914 	: 	: 	: 	1323 	1701 	1750 	2506 	1512 	1701 	1701 	: 	: 	: 	12194 	3024 	7379 	7371 	378 	: 	378 	2646 	2268 	2654 	2457 	2457 	2457 	2457 	378 	: 	: 	18152 	2268 	5103 	6247 	4914 	: 	: 	2268 	2457 	945 	1701 	2457 	2278 	1512 	1512 	1701 	1701 	18532 	5670 	7371 	7182 	5670 	1323 	1701 	2646 	2457 	2457 	2457 	2457 	2268 	2457 	2457 	1512 	1701 	25893 	6053 	10017 	8895 	5103 	1323 	1517 	3213 	3402 	3213 	3402 	3213 	3213 	2469 	1890 	1512 	1701 	30068 	6048 	10017 	9261 	6993 	1323 	1701 	3024 	3213 	3402 	3402 	3213 	3402 	2646 	2457 	2079 	2457 	32319 	: 	: 	: 	: 	: 	: 	: 	: 	: 	: 	: 	: 	: 	: 	: 	: 	: 	: 	: 	: 	: 	: 	: 	: 	: 	: 	: 	: 	: 	: 	: 	: 	: 	: 	: 	: 	: 	: 	: 	: 	: 	: 	: 	: 	: 	: 	: 	: 	: 	: 	: 	: 	: 	: 	: 	: 	: 	: 	: 	: 	: 	: 	: 	: 	: 	: 	: 	: 	: 	: 	: 	: 	: 	: 	: 	: 	: 	: 	: 	: 	: 	: 	: 	: 	: 	: 	: 	: 	: 	: 	: 	: 	: 
SEAT,ST_PAS_DEP,SK_LZIB_UK_EGSS	24627 	25137 	7371 	8127 	8316 	8184 	8505 	7749 	8883 	28728 	33274 	33612 	34398 	8694 	8316 	11718 	11340 	10206 	11728 	11350 	11718 	10544 	11718 	10962 	11718 	130012 	34589 	30807 	30643 	33894 	11529 	11342 	11718 	11340 	8967 	10500 	10105 	10458 	10080 	11592 	10584 	11718 	129933 	33836 	27594 	29484 	27405 	11529 	11345 	10962 	9828 	8316 	9450 	9639 	10206 	9639 	9072 	8505 	9828 	118319 	30051 	28572 	30240 	26649 	9639 	8883 	11529 	11151 	8505 	8916 	10395 	10206 	9639 	9450 	7938 	9261 	115512 	31185 	37475 	30427 	27783 	9072 	9072 	13041 	12852 	12474 	12149 	11340 	10582 	8505 	9072 	8694 	10017 	126870 	29876 	34782 	34444 	32886 	9639 	8519 	11718 	11346 	11718 	11718 	11386 	11718 	11340 	11718 	9450 	11718 	131988 	33267 	34776 	31752 	48207 	10962 	10584 	11721 	11340 	11718 	11718 	11340 	11718 	8694 	16072 	15125 	17010 	148002 	46494 	36099 	34398 	33642 	15309 	16254 	14931 	12663 	11718 	11718 	11340 	11718 	11340 	11718 	10206 	11718 	150633 	33264 	34776 	34398 	34885 	10584 	11340 	11340 	11340 	11718 	11718 	11340 	11718 	11340 	11907 	10962 	12016 	137323 	40240 	55861 	55260 	48498 	10773 	11342 	18125 	18012 	19019 	18830 	18343 	18987 	17930 	17353 	14955 	16190 	199859 	51235 	54311 	53684 	48724 	16558 	16179 	18498 	17750 	18331 	18230 	17812 	18427 	17445 	17693 	14610 	16421 	207954 	: 	: 	: 	: 	: 	: 	: 	: 	: 	: 	: 	: 	: 	: 	: 	: 	: 	: 	: 	: 	: 	: 	: 	: 	: 	: 	: 	: 	: 	: 	: 	: 	: 	: 	: 	: 	: 	: 	: 	: 	: 	: 
SEAT,ST_PAS_DEP,SK_LZKZ_AT_LOWW	13487 	9885 	4496 	4415 	4950 	4122 	4344 	2566 	2975 	12213 	14277 	13395 	9834 	3707 	4158 	4348 	4648 	5469 	4160 	3780 	4918 	4697 	3652 	3052 	3130 	49719 	10897 	13078 	12904 	9275 	3113 	3356 	4428 	4522 	4296 	4260 	4520 	4568 	3816 	3278 	2981 	3016 	46154 	9742 	12516 	11873 	9024 	2890 	2944 	3908 	4072 	4132 	4312 	3961 	4024 	3888 	3168 	2841 	3015 	43155 	10135 	11492 	11231 	9134 	3131 	3188 	3816 	3700 	3824 	3968 	3680 	3863 	3688 	3222 	2944 	2968 	41992 	9320 	9670 	6944 	9509 	2954 	3070 	3296 	3132 	3196 	3342 	724 	3128 	3092 	3381 	3080 	3048 	35443 	9439 	9627 	9379 	9024 	2840 	3235 	3364 	3211 	3268 	3148 	2727 	3602 	3050 	3268 	2864 	2892 	37469 	8362 	8590 	7838 	5691 	2572 	2868 	2922 	2740 	3028 	2822 	2924 	2718 	2196 	2038 	1794 	1859 	30481 	5872 	6385 	4927 	5752 	1594 	2060 	2218 	2329 	2084 	1972 	1325 	1838 	1764 	2104 	1845 	1803 	22936 	5995 	8416 	7944 	6876 	1504 	2075 	2416 	2544 	2824 	3048 	2622 	2628 	2694 	2244 	2366 	2266 	29231 	7078 	8095 	7385 	6970 	1990 	2462 	2626 	2526 	2915 	2654 	2625 	2588 	2172 	2516 	2226 	2228 	29528 	6654 	7358 	6924 	6110 	1972 	2210 	2472 	2444 	2512 	2402 	2398 	2382 	2144 	2216 	1972 	1922 	27046 	: 	: 	: 	: 	: 	: 	: 	: 	: 	: 	: 	: 	: 	: 	: 	: 	: 	: 	: 	: 	: 	: 	: 	: 	: 	: 	: 	: 	: 	: 	: 	: 	: 	: 	: 	: 	: 	: 	: 	: 	: 	11315 
SEAT,ST_PAS_DEP,SK_LZKZ_BG_LBBG	: 	: 	: 	: 	: 	: 	: 	: 	: 	: 	15403 	2191 	: 	: 	: 	: 	1453 	6885 	7065 	2191 	: 	: 	: 	: 	: 	17594 	: 	13318 	1624 	: 	: 	: 	: 	1444 	5578 	6296 	1624 	: 	: 	: 	: 	: 	14942 	: 	13458 	1806 	: 	: 	: 	: 	721 	6445 	6292 	1806 	: 	: 	: 	: 	: 	15264 	: 	12455 	1417 	: 	: 	: 	: 	524 	5978 	5953 	1417 	: 	: 	: 	: 	: 	13872 	: 	12420 	1791 	: 	: 	: 	: 	542 	6128 	5750 	1791 	: 	: 	: 	: 	: 	14211 	: 	10085 	1362 	: 	: 	: 	: 	1032 	4547 	4506 	1362 	: 	: 	: 	: 	: 	11447 	: 	: 	: 	: 	: 	: 	: 	: 	: 	: 	: 	: 	: 	: 	: 	: 	: 	: 	: 	: 	: 	: 	: 	: 	: 	: 	: 	: 	: 	: 	: 	: 	: 	: 	: 	: 	: 	: 	: 	: 	: 	: 	: 	: 	: 	: 	: 	: 	: 	: 	: 	: 	: 	: 	: 	: 	: 	: 	: 	: 	: 	: 	: 	: 	: 	: 	: 	: 	: 	: 	: 	: 	: 	: 	: 	: 	: 	: 	: 	: 	: 	: 	: 	: 	: 	: 	: 	: 	: 	: 	: 	: 	: 	: 	: 	: 	: 	: 	: 	: 	: 	: 	: 	: 	: 	: 	: 	: 	: 	: 	: 	: 	: 	: 	: 	: 	: 	: 	: 	: 	: 	: 	: 	: 	: 	: 	: 
SEAT,ST_PAS_DEP,SK_LZKZ_CZ_LKPR	9468 	6892 	3173 	3107 	3367 	2994 	2181 	2198 	2513 	11782 	11274 	9223 	8974 	4780 	3236 	3766 	4316 	3737 	3221 	2573 	2657 	3993 	3568 	2601 	2805 	41253 	10894 	9296 	7298 	6452 	3593 	3406 	3895 	3746 	3287 	2263 	2394 	2406 	2498 	2180 	2184 	2088 	33940 	7792 	8892 	9436 	8692 	2410 	2464 	2918 	3346 	2794 	2752 	3018 	3290 	3128 	3168 	2620 	2904 	34812 	10792 	9730 	9565 	8902 	4280 	3034 	3478 	3613 	3050 	3067 	2844 	3329 	3392 	3322 	2828 	2752 	38989 	10769 	8489 	11632 	10818 	3626 	3562 	3581 	3131 	2652 	2706 	3890 	3797 	3945 	3365 	3754 	3699 	41708 	13058 	15055 	17065 	16711 	3888 	4033 	5137 	5300 	4925 	4830 	5447 	6126 	5492 	5347 	5514 	5850 	61889 	18363 	18787 	18204 	17504 	5832 	6189 	6342 	6060 	6309 	6418 	6222 	6528 	5454 	6300 	5351 	5853 	72858 	19937 	23164 	20393 	20678 	6411 	6068 	7458 	7492 	7660 	8012 	6528 	7075 	6790 	6539 	6830 	7309 	84172 	25913 	39882 	40923 	37322 	7278 	7766 	10869 	13430 	13156 	13296 	13196 	14724 	13003 	13083 	11326 	12913 	144040 	33834 	24720 	24545 	22999 	12506 	12533 	8795 	7644 	8530 	8546 	8156 	8387 	8002 	8166 	7271 	7562 	106098 	23228 	21308 	21279 	20537 	7944 	8078 	7206 	7184 	7104 	7020 	7070 	7259 	6950 	7040 	6396 	7101 	86352 	: 	: 	: 	: 	: 	: 	: 	: 	: 	: 	: 	: 	: 	: 	: 	: 	: 	: 	: 	: 	: 	: 	: 	: 	: 	: 	: 	: 	: 	: 	: 	: 	: 	: 	: 	: 	: 	: 	: 	: 	: 	76354 
SEAT,ST_PAS_DEP,SK_LZKZ_EG_HEGN	: 	: 	: 	: 	: 	: 	: 	: 	: 	: 	: 	: 	: 	: 	: 	: 	: 	: 	: 	: 	: 	: 	: 	: 	: 	: 	: 	: 	: 	: 	: 	: 	: 	: 	: 	: 	: 	: 	: 	: 	: 	: 	: 	: 	: 	: 	: 	: 	: 	: 	: 	: 	: 	: 	: 	: 	: 	: 	: 	: 	: 	: 	: 	: 	: 	: 	: 	: 	: 	: 	: 	: 	: 	: 	: 	: 	: 	: 	: 	: 	: 	: 	: 	: 	: 	: 	: 	: 	: 	: 	: 	: 	: 	: 	: 	: 	: 	: 	: 	: 	: 	: 	: 	: 	: 	: 	: 	: 	: 	: 	: 	508 	6072 	2836 	: 	: 	: 	508 	1932 	1729 	2411 	2405 	431 	: 	: 	: 	: 	9416 	75 	5877 	2012 	: 	: 	: 	75 	1469 	1984 	2424 	2012 	: 	: 	: 	: 	: 	7964 	501 	8035 	3008 	: 	: 	: 	501 	2330 	2734 	2971 	2296 	712 	: 	: 	: 	: 	11544 	615 	5695 	2735 	: 	: 	: 	615 	1415 	2117 	2163 	2046 	689 	: 	: 	: 	: 	9045 	: 	: 	: 	: 	: 	: 	: 	: 	: 	: 	: 	: 	: 	: 	: 	: 	: 	: 	: 	: 	: 	: 	: 	: 	: 	: 	: 	: 	: 	: 	: 	: 	: 	: 	: 	: 	: 	: 	: 	: 	: 	: 	: 	: 	: 	: 	: 	: 	: 	: 	: 	: 	: 	: 	: 	: 	: 	: 	: 
SEAT,ST_PAS_DEP,SK_LZKZ_IE_EIDW	: 	: 	: 	: 	: 	: 	: 	: 	: 	: 	: 	: 	: 	: 	: 	: 	: 	: 	: 	: 	: 	: 	: 	: 	: 	: 	: 	: 	: 	: 	: 	: 	: 	: 	: 	: 	: 	: 	: 	: 	: 	: 	: 	: 	: 	: 	: 	: 	: 	: 	: 	: 	: 	: 	: 	: 	: 	: 	: 	: 	: 	: 	: 	: 	: 	: 	: 	: 	: 	: 	: 	: 	: 	: 	: 	: 	: 	: 	: 	: 	: 	: 	: 	: 	: 	: 	: 	: 	: 	: 	: 	: 	: 	: 	: 	: 	: 	: 	: 	: 	: 	: 	: 	: 	: 	: 	: 	: 	: 	: 	: 	: 	: 	: 	: 	: 	: 	: 	: 	: 	: 	: 	: 	: 	: 	: 	: 	: 	: 	: 	: 	: 	: 	: 	: 	: 	: 	: 	: 	: 	: 	: 	: 	: 	: 	1639 	5960 	5811 	5662 	: 	: 	1639 	1937 	1937 	2086 	1788 	2086 	1937 	1937 	1788 	1937 	19072 	: 	: 	: 	: 	: 	: 	: 	: 	: 	: 	: 	: 	: 	: 	: 	: 	: 	: 	: 	: 	: 	: 	: 	: 	: 	: 	: 	: 	: 	: 	: 	: 	: 	: 	: 	: 	: 	: 	: 	: 	: 	: 	: 	: 	: 	: 	: 	: 	: 	: 	: 	: 	: 	: 	: 	: 	: 	: 	: 	: 	: 	: 	: 	: 	: 	: 	: 	: 	: 	: 	: 	: 	: 	: 	: 	: 
SEAT,ST_PAS_DEP,SK_LZKZ_IT_LIME	: 	: 	: 	: 	: 	: 	: 	: 	: 	: 	: 	: 	: 	: 	: 	: 	: 	: 	: 	: 	: 	: 	: 	: 	: 	: 	4500 	4680 	1440 	: 	1260 	1620 	1620 	1440 	1620 	1620 	1440 	: 	: 	: 	: 	: 	10620 	: 	: 	: 	: 	: 	: 	: 	: 	: 	: 	: 	: 	: 	: 	: 	: 	: 	: 	: 	: 	: 	: 	: 	: 	: 	: 	: 	: 	: 	: 	: 	: 	: 	: 	: 	: 	: 	: 	: 	: 	: 	: 	: 	: 	: 	: 	: 	: 	: 	: 	: 	: 	: 	: 	: 	: 	: 	: 	: 	: 	: 	: 	: 	: 	: 	: 	: 	: 	: 	: 	: 	: 	: 	: 	: 	: 	: 	: 	: 	: 	: 	: 	: 	: 	: 	: 	: 	: 	: 	: 	: 	: 	: 	: 	: 	: 	: 	: 	: 	: 	: 	: 	: 	: 	: 	: 	: 	: 	: 	: 	: 	: 	: 	: 	: 	: 	: 	: 	: 	: 	: 	: 	: 	: 	: 	: 	: 	: 	: 	: 	: 	: 	: 	: 	: 	: 	: 	: 	: 	: 	: 	: 	: 	: 	: 	: 	: 	: 	: 	: 	: 	: 	: 	: 	: 	: 	: 	: 	: 	: 	: 	: 	: 	: 	: 	: 	: 	: 	: 	: 	: 	: 	: 	: 	: 	: 	: 	: 	: 	: 	: 	: 	: 	: 	: 	: 	: 	: 	: 	: 	: 	: 	: 	: 	: 
SEAT,ST_PAS_DEP,SK_LZKZ_PL_EPWA	: 	: 	: 	: 	: 	: 	: 	: 	: 	5695 	5586 	4632 	157 	1875 	1945 	1875 	1929 	1865 	1792 	1950 	737 	1945 	157 	: 	: 	16070 	: 	: 	: 	: 	: 	: 	: 	: 	: 	: 	: 	: 	: 	: 	: 	: 	: 	: 	: 	: 	: 	: 	: 	: 	: 	: 	: 	: 	: 	: 	: 	: 	: 	: 	: 	: 	: 	: 	: 	: 	: 	: 	: 	: 	: 	: 	: 	: 	: 	: 	: 	: 	: 	: 	: 	: 	: 	: 	: 	: 	: 	: 	: 	: 	: 	: 	: 	: 	: 	: 	: 	: 	: 	: 	: 	: 	: 	: 	: 	: 	: 	: 	: 	: 	: 	: 	: 	: 	: 	: 	: 	: 	: 	: 	: 	: 	: 	: 	: 	: 	: 	: 	: 	: 	: 	: 	: 	: 	: 	: 	: 	: 	: 	: 	: 	: 	: 	: 	: 	: 	: 	: 	: 	: 	: 	: 	: 	: 	: 	: 	: 	: 	: 	: 	: 	: 	: 	: 	: 	: 	: 	: 	: 	: 	: 	: 	: 	: 	: 	: 	: 	: 	: 	: 	: 	: 	: 	: 	: 	: 	: 	: 	: 	: 	: 	: 	: 	: 	: 	: 	: 	: 	: 	: 	: 	: 	: 	: 	: 	: 	: 	: 	: 	: 	: 	: 	: 	: 	: 	: 	: 	: 	: 	: 	: 	: 	: 	: 	: 	: 	: 	: 	: 	: 	: 	: 	: 	: 	: 	: 	: 	: 
SEAT,ST_PAS_DEP,SK_LZKZ_SK_LZIB	4418 	4972 	1986 	1834 	1456 	1128 	1746 	1792 	1434 	4928 	4065 	5458 	5170 	1787 	1805 	1336 	1593 	1153 	1319 	2397 	1749 	1312 	1807 	1758 	1605 	19621 	5040 	6449 	4063 	3741 	1710 	1854 	1476 	2179 	1265 	3005 	1705 	1137 	1221 	1343 	1162 	1236 	19293 	4508 	5771 	6433 	3936 	1351 	1264 	1893 	1911 	1442 	2418 	2172 	1883 	2378 	1283 	1383 	1270 	20648 	839 	1946 	5493 	7326 	13 	505 	321 	508 	994 	444 	2631 	1337 	1525 	3275 	2908 	1143 	15604 	3734 	5912 	4445 	3319 	1214 	1116 	1404 	1983 	1699 	2230 	1660 	1465 	1320 	1327 	1062 	930 	17410 	4063 	5813 	5045 	3690 	1177 	1476 	1410 	2070 	1460 	2283 	1685 	2042 	1318 	1370 	1178 	1142 	18611 	5051 	6579 	5283 	5317 	1237 	1554 	2260 	2307 	2181 	2091 	2025 	1699 	1559 	2027 	1617 	1673 	22230 	6467 	11204 	17014 	17713 	1820 	2029 	2618 	2273 	4019 	4912 	4844 	5869 	6301 	4805 	4800 	8108 	52398 	36576 	37341 	42691 	42200 	11179 	12536 	12861 	12127 	12826 	12388 	13727 	14485 	14479 	14319 	13706 	14175 	158808 	41012 	28551 	31732 	25571 	12360 	13777 	14875 	9842 	9103 	9606 	10288 	11255 	10189 	9599 	7738 	8234 	126866 	23707 	24389 	24460 	24118 	7226 	8145 	8336 	7716 	8608 	8065 	8404 	8678 	7378 	8675 	7601 	7842 	96674 	: 	: 	: 	: 	: 	: 	: 	: 	: 	: 	: 	: 	: 	: 	: 	: 	: 	: 	: 	: 	: 	: 	: 	: 	: 	: 	: 	: 	: 	: 	: 	: 	: 	: 	: 	: 	: 	: 	: 	: 	: 	: 
SEAT,ST_PAS_DEP,SK_LZKZ_TR_LTAI	: 	: 	: 	: 	: 	: 	: 	: 	: 	: 	8697 	1113 	: 	: 	: 	: 	2019 	3150 	3528 	1113 	: 	: 	: 	: 	: 	9810 	: 	22248 	6828 	189 	: 	: 	: 	5883 	8085 	8280 	6828 	: 	: 	189 	: 	: 	29265 	162 	17188 	5707 	: 	: 	: 	162 	3988 	6488 	6712 	5707 	: 	: 	: 	: 	: 	23057 	: 	16587 	4518 	: 	: 	: 	: 	4320 	5940 	6327 	4518 	: 	: 	: 	: 	: 	21105 	369 	15033 	4844 	: 	: 	: 	369 	4680 	5106 	5247 	4844 	: 	: 	: 	: 	: 	20246 	186 	15511 	4985 	: 	: 	: 	186 	4570 	5346 	5595 	4625 	360 	: 	: 	: 	: 	20682 	347 	9865 	4314 	: 	: 	: 	347 	2475 	3360 	4030 	3978 	336 	: 	: 	: 	: 	14526 	: 	: 	: 	: 	: 	: 	: 	: 	: 	: 	: 	: 	: 	: 	: 	: 	: 	: 	: 	: 	: 	: 	: 	: 	: 	: 	: 	: 	: 	: 	: 	: 	: 	: 	: 	: 	: 	: 	: 	: 	: 	: 	: 	: 	: 	: 	: 	: 	: 	: 	: 	: 	: 	: 	: 	: 	: 	: 	: 	: 	: 	: 	: 	: 	: 	: 	: 	: 	: 	: 	: 	: 	: 	: 	: 	: 	: 	: 	: 	: 	: 	: 	: 	: 	: 	: 	: 	: 	: 	: 	: 	: 	: 	: 	: 	: 	: 	: 	: 	: 	: 	: 	: 	: 	: 	: 	: 	: 	: 	: 
SEAT,ST_PAS_DEP,SK_LZKZ_UA_UKBB	: 	: 	: 	: 	: 	: 	: 	: 	: 	8012 	6226 	4775 	6702 	3516 	1933 	2563 	2547 	1825 	1854 	1288 	1263 	2224 	2153 	2153 	2396 	25715 	: 	: 	: 	: 	: 	: 	: 	: 	: 	: 	: 	: 	: 	: 	: 	: 	: 	: 	: 	: 	: 	: 	: 	: 	: 	: 	: 	: 	: 	: 	: 	: 	: 	: 	: 	: 	: 	: 	: 	: 	: 	: 	: 	: 	: 	: 	: 	: 	: 	: 	: 	: 	: 	: 	: 	: 	: 	: 	: 	: 	: 	: 	: 	: 	: 	: 	: 	: 	: 	: 	: 	: 	: 	: 	: 	: 	: 	: 	: 	: 	: 	: 	: 	: 	: 	: 	: 	: 	: 	: 	: 	: 	: 	: 	: 	: 	: 	: 	: 	: 	: 	: 	: 	: 	: 	: 	: 	: 	: 	: 	: 	: 	: 	: 	: 	: 	: 	: 	: 	: 	: 	: 	: 	: 	: 	: 	: 	: 	: 	: 	: 	: 	: 	: 	: 	: 	: 	: 	: 	: 	: 	: 	: 	: 	: 	: 	: 	: 	: 	: 	: 	: 	: 	: 	: 	: 	: 	: 	: 	: 	: 	: 	: 	: 	: 	: 	: 	: 	: 	: 	: 	: 	: 	: 	: 	: 	: 	: 	: 	: 	: 	: 	: 	: 	: 	: 	: 	: 	: 	: 	: 	: 	: 	: 	: 	: 	: 	: 	: 	: 	: 	: 	: 	: 	: 	: 	: 	: 	: 	: 	: 	: 
SEAT,ST_PAS_DEP,SK_LZKZ_UK_EGCN	5580 	4680 	2340 	1980 	1620 	1980 	1440 	1440 	1800 	4860 	6660 	5040 	4500 	1620 	1620 	1620 	1980 	2340 	2340 	1800 	1620 	1620 	1800 	1440 	1260 	21060 	4680 	4680 	1260 	: 	1620 	1620 	1440 	1620 	1620 	1440 	1260 	: 	: 	: 	: 	: 	10620 	: 	: 	: 	: 	: 	: 	: 	: 	: 	: 	: 	: 	: 	: 	: 	: 	: 	: 	: 	: 	: 	: 	: 	: 	: 	: 	: 	: 	: 	: 	: 	: 	: 	: 	: 	: 	: 	: 	: 	: 	: 	: 	: 	: 	: 	: 	: 	: 	: 	: 	: 	: 	: 	: 	: 	: 	: 	: 	: 	: 	: 	: 	: 	: 	: 	: 	: 	: 	: 	: 	: 	: 	: 	: 	: 	: 	: 	: 	: 	: 	: 	: 	: 	: 	: 	: 	: 	: 	: 	: 	: 	: 	: 	: 	: 	: 	: 	: 	: 	: 	: 	: 	: 	: 	: 	: 	: 	: 	: 	: 	: 	: 	: 	: 	: 	: 	: 	: 	: 	: 	: 	: 	: 	: 	: 	: 	: 	: 	: 	: 	: 	: 	: 	: 	: 	: 	: 	: 	: 	: 	: 	: 	: 	: 	: 	: 	: 	: 	: 	: 	: 	: 	: 	: 	: 	: 	: 	: 	: 	: 	: 	: 	: 	: 	: 	: 	: 	: 	: 	: 	: 	: 	: 	: 	: 	: 	: 	: 	: 	: 	: 	: 	: 	: 	: 	: 	: 	: 	: 	: 	: 	: 	: 	: 	: 
SEAT,ST_PAS_DEP,SK_LZKZ_UK_EGGD	: 	: 	: 	: 	: 	: 	: 	: 	: 	4680 	4860 	4500 	3240 	1620 	1440 	1620 	1620 	1620 	1620 	1260 	1620 	1620 	1080 	720 	1440 	17280 	: 	: 	: 	: 	: 	: 	: 	: 	: 	: 	: 	: 	: 	: 	: 	: 	: 	: 	: 	: 	: 	: 	: 	: 	: 	: 	: 	: 	: 	: 	: 	: 	: 	: 	: 	: 	: 	: 	: 	: 	: 	: 	: 	: 	: 	: 	: 	: 	: 	: 	: 	: 	: 	: 	: 	: 	: 	: 	: 	: 	: 	: 	: 	: 	: 	: 	: 	: 	: 	: 	: 	: 	: 	: 	: 	: 	: 	: 	: 	: 	: 	: 	: 	: 	: 	: 	: 	: 	: 	: 	: 	: 	: 	: 	: 	: 	: 	: 	: 	: 	: 	: 	: 	: 	: 	: 	: 	: 	: 	: 	: 	: 	: 	: 	: 	: 	: 	: 	: 	: 	: 	: 	: 	: 	: 	: 	: 	: 	: 	: 	: 	: 	: 	: 	: 	: 	: 	: 	: 	: 	: 	: 	: 	: 	: 	: 	: 	: 	: 	: 	: 	: 	: 	: 	: 	: 	: 	: 	: 	: 	: 	: 	: 	: 	: 	: 	: 	: 	: 	: 	: 	: 	: 	: 	: 	: 	: 	: 	: 	: 	: 	: 	: 	: 	: 	: 	: 	: 	: 	: 	: 	: 	: 	: 	: 	: 	: 	: 	: 	: 	: 	: 	: 	: 	: 	: 	: 	: 	: 	: 	: 	: 
SEAT,ST_PAS_DEP,SK_LZKZ_UK_EGGW	19080 	16560 	5580 	6120 	6300 	6660 	5760 	5220 	5580 	19080 	20880 	19260 	16740 	6480 	6120 	6480 	6480 	7200 	7200 	6660 	6480 	6120 	6120 	5220 	5400 	75960 	16200 	22320 	18540 	16020 	5220 	5400 	5580 	6480 	7920 	7920 	7560 	5580 	5400 	5580 	5040 	5400 	73080 	16380 	22320 	13500 	11880 	5220 	5580 	5580 	6480 	7740 	8100 	5760 	3960 	3780 	3960 	3600 	4320 	64080 	: 	: 	: 	: 	: 	: 	: 	: 	: 	: 	: 	: 	: 	: 	: 	: 	: 	: 	: 	: 	: 	: 	: 	: 	: 	: 	: 	: 	: 	: 	: 	: 	: 	: 	: 	: 	: 	: 	: 	: 	: 	: 	: 	: 	: 	: 	: 	: 	: 	: 	: 	: 	: 	: 	: 	: 	: 	: 	: 	: 	: 	: 	: 	: 	: 	: 	: 	: 	0 	3698 	9965 	5804 	: 	0 	: 	: 	1998 	1700 	6822 	1497 	1646 	1723 	1846 	2235 	19467 	7601 	7748 	5817 	5811 	2533 	2533 	2535 	2533 	2682 	2533 	1937 	1943 	1937 	1937 	1937 	1937 	26977 	: 	: 	: 	: 	: 	: 	: 	: 	: 	: 	: 	: 	: 	: 	: 	: 	: 	: 	: 	: 	: 	: 	: 	: 	: 	: 	: 	: 	: 	: 	: 	: 	: 	: 	: 	: 	: 	: 	: 	: 	: 	: 	: 	: 	: 	: 	: 	: 	: 	: 	: 	: 	: 	: 	: 	: 	: 	: 	: 	: 	: 	: 	: 	: 	: 	: 	: 	: 	: 	: 	: 	: 	: 	: 	: 	: 
